0.4987,-1.4151,0.75754,-1.3026,1.2566,-1.974,1.0892,0.92905
0.79521,-1.1084,0.65238,-1.3717,1.3831,-1.9321,0.82747,0.52285
0.83853,-1.4623,0.72771,-1.4096,1.3693,-2.0157,1.545,0.70092
0.51717,-1.2117,0.92664,-1.3248,1.5437,-1.8801,1.4819,0.5074
0.68559,-1.2963,0.72128,-1.5386,1.154,-1.9002,1.4484,0.94698
0.72048,-1.4216,0.60485,-1.6584,1.1941,-1.7382,1.1753,0.67036
0.85046,-1.2058,0.78701,-1.2985,1.4388,-1.6921,0.99443,0.74168
0.64263,-1.0895,0.67705,-1.5311,1.3732,-1.8615,1.3158,0.58119
0.51315,-1.3373,0.41722,-1.2655,1.3586,-1.7591,1.2971,0.63864
0.67171,-1.4599,0.92613,-1.2993,1.176,-2.0276,1.2755,0.63545
0.5063,-1.5874,0.88802,-1.1926,1.267,-1.7708,1.5976,0.46778
0.72753,-1.3281,0.71696,-1.2668,1.257,-1.7143,1.1453,0.80776
0.82959,-1.4486,0.59224,-1.2272,1.5697,-1.5219,1.4551,0.70254
0.50265,-1.2802,0.70516,-1.0477,1.222,-1.7325,1.188,0.56782
0.65516,-1.3526,0.46495,-1.2832,1.556,-1.6567,1.1247,1.0228
0.42564,-1.3742,0.42114,-0.93347,1.2228,-2.0677,1.6315,0.63551
0.44042,-1.3661,0.77197,-1.1686,1.0225,-1.7256,1.3552,0.64683
0.59593,-1.5266,0.62445,-1.488,1.3687,-1.8221,1.5474,1.0221
0.46593,-1.5153,0.62071,-1.2125,1.2536,-1.9571,1.495,0.84934
0.55237,-1.5687,0.68804,-1.0703,1.2168,-1.8365,1.559,0.61386
0.61654,-1.4018,1.1172,-0.99938,1.1365,-2.0145,1.5264,0.92656
0.53152,-1.3202,0.80104,-1.2908,1.0534,-2.0305,1.5297,0.69884
0.59327,-1.0068,0.43771,-1.2145,1.3316,-1.8121,1.5105,0.32821
0.62517,-0.96728,0.62051,-1.3549,1.144,-2.2571,1.7286,0.86062
0.40464,-1.1689,0.40456,-1.0776,1.3316,-1.9398,1.2112,0.93568
0.62636,-1.2052,0.58318,-1.0073,1.5758,-1.8601,1.1375,0.7597
0.776,-1.2059,0.77654,-1.4732,1.5778,-1.8687,1.3599,0.95415
0.33022,-1.3305,0.66596,-1.2272,1.4906,-1.8185,1.1501,0.71313
0.76792,-1.3133,0.68507,-1.2506,1.469,-1.8984,1.7489,0.85219
0.57897,-1.3231,0.74773,-1.1368,1.3827,-1.8971,1.6885,0.82557
0.88469,-1.2758,0.73197,-1.3941,1.3571,-2.1289,1.4241,0.87294
0.72576,-0.98401,0.42773,-1.3308,1.5657,-2.1194,1.3733,0.90318
0.73872,-1.0087,0.86637,-1.3991,1.2129,-2.1321,1.2048,0.58666
0.7679,-0.90302,0.65926,-1.3199,1.4878,-1.8224,1.0533,0.78319
0.71486,-1.2305,0.21913,-1.0619,1.6273,-1.8015,1.186,0.69807
0.68222,-0.82756,0.38165,-1.1973,1.3731,-1.9653,1.1693,0.40415
0.32049,-1.0399,0.60761,-1.1408,1.1415,-1.9708,1.3951,0.28902
0.29404,-1.1406,0.72496,-1.1962,1.1655,-1.9989,1.2352,1.0914
0.42766,-1.3345,0.64015,-1.2891,1.2087,-1.3232,1.1919,0.70097
0.52906,-1.06,0.77205,-1.3943,1.5711,-1.7339,1.3454,0.8428
0.5764,-1.0135,0.63975,-1.187,1.2643,-1.9045,1.4634,0.61524
0.32312,-1.1228,0.51081,-1.4334,1.1068,-1.9324,1.6279,0.55753
0.67797,-0.94216,0.29804,-1.3949,1.256,-1.9318,1.455,0.92176
0.61008,-1.0423,0.67158,-1.4375,1.401,-1.568,1.5871,0.85738
0.51873,-1.2025,0.40064,-1.1327,1.0697,-2.0732,1.4268,0.52533
0.64825,-0.85031,0.80785,-1.2995,1.502,-1.8879,1.4044,0.69743
0.47348,-1.1997,0.38073,-1.0424,1.502,-1.9753,1.4239,0.6603
0.43027,-0.76854,0.61735,-1.1797,1.2118,-2.2822,1.6754,0.82347
0.31197,-1.0336,0.77333,-1.3411,1.1841,-2.0073,1.5811,0.7076
0.44118,-1.0294,0.2421,-1.2128,1.1108,-2.0403,1.4502,0.76565
0.42968,-0.84712,0.77028,-1.3999,1.8407,-2.0654,1.0413,0.6961
0.43995,-1.1349,0.33358,-1.1852,1.3964,-1.8819,1.6894,0.54672
0.52285,-1.0277,0.54608,-1.4432,1.2676,-2.0445,1.5583,0.89166
0.64207,-1.1368,0.42642,-1.1938,1.4443,-1.8756,1.5882,0.92897
0.68469,-1.1583,0.41081,-1.2874,1.248,-2.0296,1.4717,0.80682
0.50624,-0.82653,0.62165,-1.4385,1.345,-1.6106,1.3162,0.58589
0.57303,-0.98449,0.72892,-1.2147,1.3649,-1.9413,1.5649,0.76439
0.31136,-0.83342,0.28967,-0.94923,1.1351,-1.7889,1.4984,0.64865
0.64072,-1.1202,0.79852,-1.4133,1.253,-1.7837,1.5503,0.66215
0.65974,-0.86896,0.47883,-0.79377,1.265,-2.1193,1.6956,0.55154
0.57774,-0.72683,0.73325,-1.3089,1.0859,-1.8677,1.5821,0.42373
0.65133,-1.2503,0.51669,-0.84052,1.4652,-1.8702,1.6719,0.57081
0.81624,-1.0011,0.3428,-0.9887,1.3288,-2.0402,1.8126,0.54289
0.68634,-0.75603,0.31815,-1.2807,1.2409,-1.7241,1.9779,0.71513
0.46984,-0.67774,0.78579,-1.3968,1.2534,-2.2278,1.42,0.83414
0.43563,-0.93919,0.44466,-1.1925,0.93382,-1.8783,1.8555,0.93961
0.33112,-1.1779,0.73699,-1.0729,1.3032,-1.8234,1.4879,0.85241
0.54498,-1.164,0.64935,-1.3692,1.3237,-1.5194,1.5339,0.66352
0.76566,-0.88407,0.51256,-1.598,1.2459,-2.0498,1.5528,0.77187
0.59563,-1.0219,0.70251,-1.3201,1.1844,-1.9933,1.4119,0.66296
0.35668,-0.9847,0.69477,-1.1865,1.0677,-2.2037,1.4668,0.55552
0.19478,-0.90364,0.58353,-1.1055,0.7542,-2.2385,1.564,0.74916
0.4965,-1.0411,0.40578,-1.252,1.4744,-2.3679,1.5977,0.94254
0.62558,-1.1642,0.6525,-1.1187,1.011,-1.8581,1.2816,1.033
0.34103,-0.76728,0.72265,-1.276,1.2667,-2.0767,1.7436,0.85088
0.22662,-0.69339,0.53937,-1.1572,1.4089,-2.3047,1.6657,0.67003
0.85472,-1.1363,0.68085,-0.74373,1.1521,-2.0314,1.6867,0.74801
0.30637,-0.62904,0.47388,-1.4126,1.246,-2.0496,1.7162,0.72562
0.52805,-0.95635,0.93369,-1.2053,1.4405,-2.2356,1.5286,1.0203
0.71909,-1.2058,0.57637,-1.0761,1.3573,-2.0625,1.5054,0.83994
0.32247,-1.0613,0.51141,-1.1227,1.4671,-2.4724,1.6778,0.42871
0.40533,-0.79338,0.56979,-1.4896,1.5503,-2.187,1.4261,0.61746
0.84886,-0.96649,0.52468,-1.2336,1.5712,-2.0842,1.4872,0.84545
0.74906,-1.0214,0.35429,-1.1501,1.0729,-2.4744,1.3285,0.65255
0.11473,-0.83702,0.28954,-1.1309,1.2186,-2.2108,1.2009,0.5221
0.55709,-0.47506,0.37586,-1.5205,1.1483,-1.936,1.8677,0.57528
0.34113,-1.0067,0.32993,-1.6893,1.2213,-1.7793,2.1664,1.0059
0.48806,-0.85526,0.4207,-1.2429,0.90963,-1.7076,1.3759,0.79578
0.7556,-0.7992,0.59336,-1.2504,1.604,-2.1035,1.8066,0.63425
0.55158,-0.80715,0.64286,-1.2017,1.3924,-2.1188,1.7111,0.92138
0.72572,-0.71523,0.41585,-1.4659,1.4525,-1.9052,1.5986,1.241
0.5695,-1.0281,0.68332,-1.0438,1.3947,-1.9919,1.6009,0.77187
0.47572,-0.69971,0.92635,-1.2761,1.5211,-2.4241,1.7847,0.81317
0.54101,-1.1236,0.49314,-1.0982,1.4377,-1.9284,1.7898,0.80444
0.17001,-0.68294,0.70559,-1.248,1.2632,-2.0541,1.8405,0.50149
0.55361,-0.97045,0.40797,-1.231,1.2735,-2.0937,1.6821,0.57868
0.69829,-0.87201,0.63484,-1.4373,1.4829,-2.1414,1.7985,1.0837
0.45151,-0.71969,0.31951,-0.97753,1.2368,-1.8573,1.5013,0.91129
0.28966,-0.72811,0.43274,-1.321,1.4423,-2.3072,1.3581,0.67203
0.29582,-0.81061,0.39605,-1.1753,1.162,-2.1284,1.4415,0.99359
0.54558,-0.60655,0.31898,-1.2741,1.2573,-2.0173,1.8559,0.83406
0.51634,-0.52445,0.64436,-1.2479,1.4246,-2.1992,1.6496,0.83488
0.20793,-0.96304,0.35521,-1.5362,1.2783,-2.2044,1.7085,0.37338
0.48912,-0.80286,0.62005,-0.99495,1.0825,-2.1724,1.5274,0.74736
0.5556,-0.76496,0.58047,-1.3261,1.4777,-2.4098,1.598,0.61964
0.52378,-0.97225,0.37742,-1.4026,1.2514,-2.5681,1.6355,0.65725
0.3123,-0.73467,0.6476,-1.0525,1.0611,-1.9891,1.822,0.93454
0.38483,-0.81256,0.24401,-1.3456,1.1214,-1.9782,1.5203,1.0819
0.41624,-0.49932,0.31503,-1.5155,1.215,-1.8574,1.7749,0.57716
0.45113,-0.77483,0.729,-1.2522,1.6613,-2.0801,1.7203,1.0288
0.2847,-0.78402,0.30156,-1.2941,1.4266,-2.0739,1.7865,0.61611
0.5596,-0.73063,0.55004,-0.84185,1.4089,-2.3781,1.7644,0.74426
0.56887,-0.69958,0.4513,-1.3063,1.3234,-2.4807,1.9682,0.63875
0.20587,-0.60564,0.7567,-1.2445,1.5119,-2.1845,1.939,0.47456
1.0133,-0.91938,0.054645,-0.92796,1.133,-2.0285,1.3996,1.2006
0.28001,-0.87938,0.23635,-1.2444,1.1972,-2.4352,1.9263,0.6862
0.33784,-0.65194,0.49978,-1.3655,1.0491,-2.1678,1.7506,0.9142
0.5824,-0.73221,0.55745,-1.2883,1.2514,-2.2829,1.8852,0.76389
0.84984,-1.0406,0.69631,-1.2859,1.3084,-2.298,1.5619,0.8385
0.34882,-0.80691,0.56193,-1.3019,1.0497,-1.9865,1.9754,0.62493
0.35275,-0.93453,0.58703,-1.0817,1.1634,-2.2761,1.7118,1.103
0.24392,-0.77925,0.43577,-0.98389,1.242,-2.0591,1.7075,0.6174
0.41877,-0.52547,0.40539,-1.4417,1.258,-2.1868,1.7966,0.93747
0.39338,-0.58063,0.27672,-1.2412,1.1889,-2.0288,1.6148,0.86603
0.46915,-0.68044,0.36272,-1.3124,1.1582,-2.3978,1.9952,0.92895
0.43235,-0.66098,0.58936,-0.86907,1.0554,-1.9231,1.9521,1.0935
0.32361,-0.72267,0.33836,-1.4153,1.4779,-2.1649,1.9895,0.63718
0.75439,-0.61477,0.59513,-1.4227,1.2182,-2.5767,1.5417,0.87343
0.47732,-0.53662,-0.029361,-0.86477,1.325,-1.8987,1.9897,1.0277
0.49835,-0.51273,0.39763,-1.2751,1.3398,-2.4269,2.0143,0.58541
0.66411,-0.93503,0.96392,-0.96945,0.89398,-2.243,1.792,0.94638
0.39864,-0.61443,0.38715,-1.3788,1.5332,-2.7769,1.7814,0.892
0.65893,-0.7595,0.44566,-1.1636,1.074,-2.2886,1.7386,0.65747
0.92665,-0.7476,0.68403,-1.458,1.2318,-2.2878,1.5405,0.69125
0.48732,-0.63326,0.57455,-1.3207,1.2045,-2.0331,1.5785,0.96508
0.072876,-0.839,0.22099,-1.0798,1.3415,-2.2581,1.7709,0.69908
0.4376,-0.61582,0.45375,-1.064,1.5893,-2.3627,1.7475,0.8178
0.64496,-0.72741,0.50525,-1.7734,1.5835,-2.313,1.6657,0.64815
0.34821,-0.57763,0.60454,-1.1961,1.0477,-2.5022,1.7065,0.67919
0.74415,-0.66835,0.36909,-0.98055,1.58,-2.3687,2.1566,0.63846
0.45955,-0.75918,0.49493,-1.2802,1.3615,-2.0332,1.3241,0.69125
0.067932,-0.51849,0.18802,-0.78252,1.1976,-2.1783,1.4812,0.72307
0.41766,-1.0162,0.69574,-1.2675,1.3026,-2.0987,2.0165,0.76871
0.13658,-0.79966,0.6684,-1.0515,1.1085,-2.3274,1.6235,0.85177
0.45739,-0.75276,0.14476,-1.2771,1.1683,-2.0756,1.928,0.75216
0.20286,-0.52388,0.48012,-1.1698,1.0486,-2.3629,1.9815,0.96426
0.56426,-0.67311,0.85894,-1.2747,1.1696,-2.2397,1.7232,0.7295
0.47596,-0.76244,0.28088,-1.2377,0.87216,-2.0875,1.8341,0.49359
0.49791,-0.89895,0.37618,-1.4642,1.2645,-2.3898,1.7667,0.74961
0.56668,-0.63042,0.40809,-1.2866,1.3945,-2.0288,1.9116,0.5297
0.67555,-1.061,0.59995,-1.3516,1.0958,-2.0199,1.8163,0.9191
0.39058,-0.53011,0.59698,-1.1013,1.1264,-2.4548,1.9621,0.62004
0.44489,-0.75663,0.16935,-1.2586,1.5973,-2.1395,1.5778,0.8024
0.39243,-0.74779,0.75629,-1.0936,1.2603,-2.0608,1.9356,0.93393
0.59341,-0.70729,0.64816,-1.1322,1.2513,-2.2987,1.8588,0.78604
0.46016,-0.8828,0.45148,-0.84493,1.0983,-2.7433,2.0155,1.2047
0.24459,-0.59233,0.28467,-1.0375,1.3137,-2.1767,1.4399,0.79507
0.45912,-0.62657,0.32706,-0.99075,1.375,-2.1801,1.8964,0.67548
0.54853,-0.23628,0.25021,-1.5626,1.1488,-2.0358,1.6083,0.65201
0.42607,-0.6187,0.52883,-0.99607,1.6303,-2.0697,2.0822,0.77774
0.68325,-0.70507,0.48284,-1.1867,1.0759,-2.2529,1.964,0.82959
0.52967,-0.70533,0.36227,-0.88651,1.3727,-2.1058,1.8551,1.0191
0.17467,-0.68289,0.2726,-1.4349,1.0992,-1.8848,1.7433,1.0299
0.24293,-0.81318,0.47037,-0.97899,1.1821,-2.5013,1.7595,0.36707
0.22241,-0.70437,0.29472,-0.97353,1.1281,-2.0828,2.027,0.59422
0.48269,-0.47402,0.31275,-0.99754,1.4302,-2.1563,1.8109,1.028
0.32678,-0.51547,0.34818,-1.1181,1.1655,-2.3969,1.6245,0.80663
0.36903,-0.61655,0.56404,-1.2038,1.2658,-2.2633,2.0536,0.71914
0.42952,-0.61204,0.55086,-1.0859,1.139,-2.2916,1.8812,0.79983
0.10741,-0.46246,0.40781,-1.0928,0.95223,-2.3116,1.7933,0.80913
0.22609,-0.38495,0.66883,-0.84773,1.2466,-2.2282,1.9345,0.85667
0.1441,-0.85692,0.51197,-0.94789,1.2965,-2.3655,1.949,0.40243
0.32483,-0.73106,0.61625,-1.2598,1.5072,-2.3786,1.9215,0.78375
0.25974,-0.6073,0.32444,-1.2492,1.0788,-2.5346,1.7406,0.67595
0.23605,-0.71398,0.5972,-1.238,1.2722,-2.1617,1.8054,0.53172
0.066905,-0.17979,0.34653,-0.9427,1.297,-2.4277,1.7216,1.1324
0.24843,-0.73257,0.40243,-0.95826,1.186,-2.1141,1.6475,0.66557
0.082456,-1.1376,0.6103,-1.2233,1.0981,-2.1844,2.0984,0.79231
0.20076,-0.49543,0.21498,-1.1693,1.2177,-2.3819,1.7226,0.97895
0.29799,-0.51665,0.49572,-0.84214,1.0619,-2.2543,2.0147,0.70831
0.53061,-0.57987,0.45756,-1.274,1.326,-2.2987,1.4981,0.76612
0.26825,-0.7887,0.64034,-1.1317,1.0572,-2.2902,1.6654,0.73062
0.14171,-0.83894,0.56112,-1.4227,1.2273,-2.694,1.7717,0.82016
0.21803,-0.73232,0.61452,-1.2094,1.4437,-2.4245,1.6629,0.87785
0.40458,-0.76069,0.54075,-1.0396,1.1076,-2.4378,1.8258,0.92581
0.19677,-0.62203,0.63805,-0.98056,1.5207,-2.474,1.9321,0.85303
0.25928,-0.93593,0.46,-1.1236,1.2034,-2.2582,1.6916,0.72459
0.2949,-0.79423,0.41315,-1.1848,1.0185,-2.1823,1.6694,0.77165
0.27966,-0.64586,0.26158,-1.1844,1.1981,-2.3559,2.1997,0.91826
0.37596,-0.3168,0.68428,-1.1157,1.1663,-2.5735,1.8067,0.98185
0.19474,-0.74607,0.095491,-1.3773,1.3888,-2.2815,1.8644,0.77602
0.24877,-0.80105,0.37164,-1.2101,1.3418,-2.5495,1.8059,0.91287
0.49128,-0.42264,0.69804,-1.1348,1.3306,-2.3625,1.7914,0.70387
0.37987,-0.68674,0.40018,-0.9915,1.1509,-2.4422,1.7214,0.81809
0.18713,-0.62065,0.52499,-0.98491,1.0255,-2.3944,1.6198,0.72324
0.13447,-0.47095,0.33184,-1.1003,1.3211,-2.5931,1.8577,0.97401
0.18597,-0.39484,0.5008,-1.1653,1.3168,-2.2919,1.7667,0.57188
0.26043,-0.75801,0.54815,-1.1872,0.87949,-2.2524,1.6618,0.72031
0.23258,-0.5519,0.5661,-1.0499,1.063,-2.3359,1.6175,0.83811
0.15364,-0.79346,0.40039,-1.0936,1.47,-2.0393,1.6368,0.92128
0.095149,-0.53285,0.68979,-1.2126,1.2511,-2.6467,1.7178,0.71128
0.24282,-0.57651,0.53764,-1.1809,1.1042,-2.3258,1.5145,0.50789
-0.071065,-0.61241,0.3732,-0.86355,1.1136,-2.2052,1.8083,0.84309
0.12223,-0.49361,0.45365,-1.313,1.0591,-2.1107,1.6486,0.49378
0.31142,-0.66506,0.58444,-0.86932,1.302,-2.454,1.8978,0.66258
0.090512,-0.7544,0.17278,-0.90572,1.0491,-2.0236,1.6948,0.50338
0.41353,-0.63238,0.33668,-1.3785,1.2845,-2.0846,1.785,0.7426
0.30435,-0.69867,0.63787,-1.2142,1.1021,-2.2072,1.4435,0.78215
-0.015645,-0.72622,0.2399,-1.3153,1.3536,-2.04,1.8381,0.62361
0.36716,-0.64763,0.66613,-0.85863,1.2418,-2.1602,1.7268,0.65751
0.018908,-0.51993,0.53915,-1.0799,0.96014,-2.287,1.6055,0.76379
-0.033119,-0.78191,0.78686,-1.293,0.87373,-2.0714,1.777,0.31424
0.21194,-0.34744,0.39458,-0.86713,1.0646,-1.9625,1.6201,0.76468
0.59454,-0.80699,0.39593,-1.0125,1.1672,-2.3532,1.7314,0.49023
0.48204,-0.68028,0.30324,-1.1221,1.2486,-2.6004,1.6842,0.84502
-0.10312,-0.4897,0.42311,-1.2088,1.1789,-2.417,1.5865,0.9439
0.1231,-0.70191,0.7714,-0.93821,1.4815,-2.2385,1.4695,0.7774
0.41935,-0.73982,0.36818,-1.0375,1.165,-2.3452,1.6234,0.33459
0.19687,-0.39226,0.15416,-0.95999,1.3277,-2.0388,1.441,0.72382
0.24173,-0.7233,0.47018,-1.1255,1.2239,-2.1623,1.9764,0.61714
0.1663,-1.0506,0.72969,-1.0276,1.2948,-2.216,1.9476,0.81819
0.16221,-0.57974,0.34407,-0.96488,1.3821,-2.3133,1.9302,0.72447
0.10248,-0.73109,0.29218,-0.93856,1.2985,-2.412,1.374,0.73213
-0.26051,-0.75911,0.4405,-1.3487,1.005,-2.2933,1.6022,0.71233
0.43946,-0.9107,0.49723,-1.064,1.1224,-2.6645,1.4875,0.72102
0.22419,-0.76767,0.21723,-0.82393,1.145,-2.3103,1.4616,0.93765
0.20692,-0.53266,0.42155,-0.95401,1.2397,-2.4797,1.5939,0.60598
-0.039912,-0.79124,0.33714,-0.59627,1.0956,-2.1032,1.379,0.66876
0.14268,-0.60018,0.55462,-0.94016,1.076,-2.281,1.6584,0.67116
0.095371,-0.69526,0.3606,-1.1469,1.27,-2.3023,1.6499,0.4848
0.029322,-0.65176,0.45733,-1.0146,1.0358,-1.9942,1.9165,0.61378
0.35306,-0.98928,0.58638,-0.91342,1.2324,-2.3831,1.6628,0.85963
0.257,-1.1105,0.69377,-0.6867,1.1553,-2.1785,1.6792,0.8653
0.42752,-0.71082,0.69309,-0.95928,1.1316,-2.3914,1.3953,0.78113
0.13376,-0.64045,0.45311,-1.0036,1.3084,-2.7046,1.6204,0.3244
-0.14984,-1.1252,0.73381,-1.0768,0.89794,-2.4104,1.8426,0.46451
0.086939,-0.75901,0.80967,-1.0418,0.99446,-2.2142,1.5752,0.5729
0.46493,-0.65886,0.25693,-0.74823,1.3447,-2.1028,1.4415,0.79051
0.16971,-0.78563,0.21889,-1.0362,1.3195,-2.5153,1.6962,0.84821
-0.18332,-0.90169,0.43285,-1.056,0.85977,-2.5128,1.6449,0.88026
0.13835,-0.60042,0.3856,-0.96584,1.1666,-2.4931,1.8432,0.8754
0.25419,-0.40439,0.4632,-1.335,1.0551,-2.2478,1.6175,0.55954
0.2024,-0.95258,0.2749,-1.3273,1.4534,-2.0203,1.1474,0.98136
0.10183,-0.4988,0.5161,-0.92081,1.1235,-2.3182,1.3877,0.96009
-0.070474,-0.69267,0.48344,-0.95522,1.2709,-2.2941,1.5043,0.482
0.17003,-0.93015,0.45214,-1.1364,1.1442,-2.1229,1.4619,0.71436
-0.23424,-0.81989,0.31443,-0.97638,1.2936,-2.2274,1.1112,0.47299
-0.19501,-0.66942,0.46365,-1.0987,1.3355,-1.9295,1.4842,0.48578
0.17978,-0.71124,0.39983,-1.0576,1.497,-2.1164,1.8263,0.65942
0.26625,-0.68551,0.87773,-1.1723,0.95595,-2.4158,1.6735,0.37999
0.22465,-0.81585,0.44858,-0.81193,1.025,-2.2987,1.6668,0.4658
0.25648,-0.72246,0.32022,-0.92715,1.1021,-2.1388,1.3641,0.75604
0.24939,-0.63458,0.093171,-0.85116,1.1485,-2.465,1.2846,0.44076
0.20198,-1.1558,0.37912,-1.1268,1.5519,-2.1,1.5411,0.2639
0.0805,-0.77113,0.5042,-0.97298,1.1273,-2.5052,1.4584,0.40015
0.44527,-0.78462,0.38779,-0.78022,1.0722,-2.1614,1.6131,0.38857
0.1769,-1.0454,0.26131,-0.8416,0.93256,-1.9332,1.6571,0.72046
0.28512,-0.7768,0.17303,-1.1281,0.91775,-1.81,1.2946,0.56152
-0.040406,-0.83072,0.20101,-1.0791,1.3346,-2.1565,1.479,0.46388
-0.027357,-0.83379,0.40753,-0.88222,1.2463,-2.3127,1.5353,0.81467
-0.046392,-1.0245,0.20933,-1.1273,1.2543,-2.0693,1.7294,0.40873
0.19151,-0.5996,0.28167,-0.98558,0.79822,-1.9708,1.4397,0.5782
-0.0030925,-0.98764,0.53747,-0.6626,1.1934,-2.214,1.2895,0.78666
0.089688,-0.68995,0.54523,-1.0243,1.5128,-2.2606,1.6021,0.74029
-0.074448,-0.95933,0.22081,-1.1289,1.3979,-2.2702,1.6759,0.79146
0.013163,-0.79479,0.74759,-0.96059,0.795,-1.9988,1.3184,0.8441
0.025989,-0.9656,0.19893,-1.0488,1.148,-2.0371,1.4679,0.42832
0.16938,-0.9136,0.46732,-0.58973,1.2371,-2.2135,1.2723,0.37148
0.080078,-0.97272,0.3189,-0.95804,1.0977,-2.2702,1.1331,0.36422
-0.12067,-1.0943,0.84388,-1.4207,0.80145,-2.6152,1.1814,0.63199
0.18895,-0.6691,0.41023,-1.3032,1.2253,-2.3203,1.382,0.47681
0.17651,-0.93531,0.308,-0.86792,0.94482,-2.6366,1.4817,0.48074
0.13812,-1.0243,0.49173,-0.85124,1.4363,-2.0711,1.0689,0.70763
0.042733,-0.75368,0.47769,-1.1176,1.2005,-2.1447,1.3583,0.77883
0.29758,-0.89217,0.49113,-1.1915,1.22,-1.8574,1.2686,0.68207
-0.10759,-1.1197,0.52401,-0.82403,0.74764,-2.0416,1.525,1.1325
-0.033319,-0.87489,0.49149,-0.70118,1.0907,-2.0653,1.5898,0.86726
0.33883,-1.1146,0.40079,-0.83536,1.0044,-2.3966,1.552,0.81007
0.26017,-0.932,0.4877,-0.82928,1.0662,-1.9229,1.4906,0.93367
0.06366,-0.98058,0.28882,-1.0401,1.2014,-1.8961,1.3004,0.66083
-0.22901,-1.3365,0.59654,-0.9571,1.1385,-1.7281,1.2205,0.56949
0.14906,-1.1224,0.73561,-0.9302,1.1802,-2.3357,1.3522,0.72956
-0.009755,-1.1562,0.32941,-0.98283,1.0067,-2.2364,1.1643,0.7787
0.15928,-1.2775,0.41404,-0.8494,0.89907,-2.1101,1.5743,0.408
0.18403,-0.9913,0.56493,-1.2986,1.1779,-2.18,1.4365,1.0096
0.19333,-0.90283,0.5963,-0.79329,1.1505,-2.0804,1.2234,0.35971
0.62019,-1.1656,0.33584,-0.75022,1.0732,-2.276,1.0523,0.64138
0.019075,-1.0029,0.14412,-0.76202,1.1666,-1.9704,1.599,0.66553
0.21398,-1.1632,0.59364,-1.0529,0.93855,-1.863,1.3453,0.53017
-0.16573,-0.92357,0.65545,-0.56201,1.4883,-1.9544,1.1034,0.65415
0.31716,-1.3957,0.12292,-1.0257,1.4026,-1.8924,1.3107,0.58854
-0.011241,-0.93074,0.55262,-1.1099,0.87397,-2.0009,0.86825,0.56308
-0.31994,-0.73767,0.43202,-1.064,1.2823,-2.2345,1.1089,0.6945
0.071656,-0.95923,0.32142,-0.78226,0.90951,-2.2516,1.2533,0.55173
0.26271,-1.4555,0.9333,-0.96992,1.2768,-2.1644,1.3871,0.91908
0.047618,-1.1956,0.51541,-0.45418,0.85342,-1.9486,1.1484,0.81382
0.23695,-0.9369,0.61858,-0.98776,1.1004,-1.9468,1.383,0.69277
0.0006039,-0.81631,0.38929,-0.41356,0.94647,-1.8467,1.452,0.85161
0.044881,-1.2165,0.48569,-1.0667,1.358,-2.0832,1.2216,0.48208
-0.039564,-1.146,0.46636,-0.89412,1.1704,-1.5915,1.4193,0.76618
0.21202,-1.0281,0.64929,-0.97779,1.435,-1.8982,1.2255,0.43192
-0.30692,-1.1099,0.59591,-1.1868,1.0068,-2.0736,1.4194,0.56352
-0.04852,-1.1017,0.47896,-0.96953,1.2625,-2.287,1.3157,0.6107
-0.041107,-1.2896,0.344,-0.81473,1.1917,-1.7895,0.96311,0.57964
0.0069368,-0.96349,0.45619,-1.004,1.3364,-1.8271,1.103,0.61798
0.19732,-0.68594,0.47008,-1.182,0.83189,-2.2089,1.0284,0.75243
-0.037829,-1.1261,0.507,-0.98213,1.6999,-1.9653,1.332,0.70832
0.45111,-1.1401,0.34735,-0.75935,1.4938,-2.0282,1.0555,0.37118
0.035586,-1.4385,0.42693,-1.0459,1.0836,-1.9669,0.83011,0.4498
0.15968,-1.1078,0.23175,-0.78814,1.2391,-2.149,1.2519,0.67211
-0.16128,-1.165,0.49946,-0.69254,1.2825,-2.0824,1.315,0.31509
0.095075,-1.2806,0.51371,-0.55636,0.96624,-1.7069,1.5096,0.94058
0.0036907,-1.652,0.23407,-1.0243,1.1885,-2.4093,1.0327,0.75605
-0.067426,-1.2479,0.49989,-0.73077,1.5047,-1.8164,1.2414,0.51971
0.11131,-1.2643,0.36333,-0.68237,0.99164,-2.0116,1.2452,0.72307
0.01388,-0.95266,0.24956,-0.90948,1.1071,-1.8949,1.1303,0.31722
0.10078,-1.2767,0.095563,-1.0439,1.2724,-1.8979,1.1053,0.70389
0.15549,-1.5231,0.48402,-1.0317,1.4199,-2.0052,1.342,0.62467
-0.050095,-1.2969,0.41474,-1.1821,1.1268,-2.0897,1.1987,0.33185
0.14528,-1.2907,0.69038,-1.1122,0.77352,-2.095,1.2994,0.53257
0.18818,-1.5145,0.51749,-0.98037,1.1541,-2.1109,0.96227,0.54772
0.010668,-1.3603,0.3814,-1.0477,1.3539,-1.8653,1.2426,0.52062
0.20022,-1.4523,0.58857,-1.0896,1.2554,-1.9922,0.81415,0.5737
-0.20238,-1.0661,0.027909,-1.2732,1.147,-2.0741,0.95502,0.47305
0.16634,-1.1001,0.48712,-0.86807,0.99952,-1.783,1.2094,0.6066
-0.18374,-1.3365,0.54811,-1.0999,0.92667,-2.0048,1.1289,0.18683
0.36464,-1.3811,0.61475,-0.84362,0.7957,-2.0731,1.0078,0.64834
-0.17939,-1.0505,0.5,-1.0203,1.1121,-1.7082,1.0108,0.63465
-0.092185,-1.4204,0.63417,-0.62115,0.83297,-1.6344,1.0237,0.43361
0.30385,-1.6029,0.7443,-1.005,0.88884,-2.1013,1.3673,0.41282
-0.019108,-1.4129,0.21511,-0.927,1.1904,-1.7956,1.1438,0.4323
0.24077,-1.3735,0.47161,-1.0991,0.9012,-1.9493,1.0336,0.30423
0.24138,-1.0695,0.34715,-0.83163,1.1082,-2.0344,0.92629,0.29602
-0.04302,-1.2826,0.8553,-0.51604,1.1637,-1.5204,1.2259,0.44273
0.25213,-1.4609,0.4975,-1.2179,1.3175,-1.8015,0.74549,0.49153
0.029835,-1.0703,0.77392,-1.1936,1.1138,-2.1253,0.73317,0.4367
-0.053957,-1.1839,0.51626,-0.81422,1.0788,-1.6918,0.89526,0.61558
0.2294,-1.5807,0.53134,-0.94163,1.5104,-1.9679,1.0108,0.49445
-0.011192,-1.3718,0.48658,-1.0439,1.3244,-1.921,0.80055,0.53413
-0.041946,-1.218,0.34989,-0.81609,1.1757,-1.9446,0.90827,0.27324
-0.31504,-0.87863,0.66558,-1.3061,1.085,-1.7648,0.91453,0.74042
-0.068561,-1.0835,0.32641,-0.72465,1.0978,-1.6535,0.72336,0.68068
-0.16212,-1.6216,0.17803,-0.74937,1.0752,-1.7749,1.039,0.58977
0.058549,-1.5258,0.51757,-0.85329,1.2238,-1.6767,1.0318,0.39785
0.32192,-1.3455,0.49466,-0.93967,0.79929,-1.8852,0.86186,0.56338
0.014029,-1.4126,0.68655,-0.83672,1.1318,-1.6943,0.66781,0.37004
-0.03005,-1.2912,0.73757,-0.77523,1.2396,-1.5334,0.75673,0.4088
0.10994,-1.4399,0.48556,-0.89316,1.2289,-1.5747,0.42448,0.77828
0.057538,-1.1832,0.6316,-1.1512,1.0462,-1.7,0.91482,0.54129
-0.082662,-1.3175,0.75366,-1.2842,1.4836,-1.7179,0.8507,0.6282
-0.094703,-1.2175,0.46638,-0.81907,1.1399,-1.8358,0.54024,0.35433
0.045288,-1.1629,0.76001,-0.76813,0.89876,-1.8785,0.64423,0.32517
0.16165,-1.0179,0.53124,-0.813,1.261,-1.835,0.67474,0.44165
-0.10994,-1.5921,0.67625,-0.81489,1.2089,-1.3357,0.98842,0.27492
0.15518,-1.4001,0.40854,-0.81272,0.79003,-1.9457,0.68335,0.54305
0.12566,-1.4288,0.58715,-0.95763,1.0662,-1.4483,0.36156,0.52519
0.12107,-1.6704,0.4847,-0.5791,1.1038,-1.5621,0.56524,0.34193
0.30442,-1.1682,0.68368,-0.91262,1.0634,-1.4757,0.66707,0.53385
-0.013758,-1.4498,0.54618,-1.0589,0.9955,-1.826,0.4343,0.40604
0.1447,-1.2675,0.52893,-0.70074,1.1748,-1.775,0.95975,0.34984
0.17258,-1.4257,0.64296,-0.98136,1.0985,-1.7415,0.5166,0.32859
0.079776,-1.5297,0.60534,-1.1542,1.16,-1.4569,0.69396,0.32674
0.34218,-1.3627,0.52426,-0.80422,1.3384,-1.6436,0.73602,0.27951
0.26941,-1.3247,0.63347,-0.91221,1.1117,-1.3735,0.98963,0.64368
-0.2807,-1.5191,0.53277,-1.1606,1.0442,-1.6282,0.83461,0.3167
-0.0089754,-1.8832,0.71073,-1.1325,0.80561,-1.564,0.95623,0.26424
-0.086363,-1.6045,0.60678,-1.0087,1.5274,-1.7711,0.48914,0.76072
0.095411,-1.2677,0.58049,-0.77769,1.1739,-1.3092,0.90799,0.33657
-0.18358,-1.9215,0.42607,-0.70576,0.94815,-1.4048,0.89232,0.4787
0.1697,-1.7126,0.87129,-1.0272,0.88296,-1.7542,0.7403,0.50008
0.11258,-1.7953,0.47974,-0.89687,0.97071,-1.6275,0.5724,0.38411
0.40764,-2.0476,0.42744,-0.79838,0.85825,-1.7303,0.51671,0.45119
0.23231,-1.6014,0.50488,-0.86631,1.1717,-1.6747,0.8112,0.11395
0.33047,-1.7327,0.70657,-0.96629,1.3564,-1.9625,0.90581,0.2981
0.32578,-1.6328,0.71224,-0.87536,0.84237,-1.566,0.70551,0.25521
-0.1023,-1.6427,0.42885,-0.75452,1.3211,-1.6445,0.98164,0.31814
0.36891,-1.4573,0.82216,-0.83225,1.0057,-1.7308,0.52482,0.73252
-0.15028,-1.7766,0.60713,-0.95446,1.2296,-1.4233,0.5206,0.48653
0.26757,-1.7661,0.57025,-0.64067,0.71838,-1.5473,0.77791,0.69081
0.12054,-1.6402,0.45161,-0.85607,1.0083,-1.7554,0.49881,0.38379
-0.15923,-1.7033,0.57328,-0.79743,0.88119,-1.3542,0.34213,0.36006
0.011857,-1.6819,0.61784,-0.94484,1.2146,-1.2556,0.58839,0.46859
0.35293,-1.7625,0.40844,-0.9846,1.1091,-1.6217,0.60132,0.16013
0.1061,-1.5366,0.79342,-0.94835,1.3186,-1.7693,0.48475,0.34252
0.31419,-1.7887,0.60556,-0.41892,1.3636,-1.6698,0.53601,0.47873
0.015033,-2.1615,0.74338,-0.74723,1.0131,-1.4163,0.74554,0.58445
0.01533,-1.8871,0.6863,-1.0268,1.1378,-1.3934,0.5787,0.92752
0.3737,-1.5473,0.48256,-0.68615,1.1785,-1.6575,0.71569,0.24535
0.060823,-1.5672,0.42457,-0.68556,0.93193,-1.6791,0.20361,0.41714
0.38895,-1.7973,0.77553,-0.76519,0.93509,-1.3115,0.38757,0.44642
-0.0089922,-2.1433,0.55254,-1.125,1.2184,-1.2339,0.61637,0.63887
0.32471,-1.7444,0.75644,-1.1505,0.86231,-1.8028,0.57262,0.44403
0.12002,-1.6884,0.49076,-1.0372,1.4869,-1.4623,0.39868,0.17014
0.062692,-1.5996,0.42236,-0.81445,1.2202,-1.5753,0.77632,0.6184
-0.012459,-1.8186,0.45636,-0.91724,0.58224,-1.7155,0.57848,0.33418
0.060253,-1.7922,0.2725,-0.85305,1.1873,-1.3378,0.76136,0.41937
0.040098,-1.9728,0.58864,-0.53529,1.191,-1.7212,0.71031,0.51119
0.13159,-1.6885,0.6847,-0.78016,0.92836,-1.6478,0.67521,0.51144
0.060913,-1.7541,0.69051,-0.95193,1.324,-1.3309,0.30951,0.4489
-0.034055,-1.9977,0.44041,-0.94941,1.0945,-1.7383,0.65963,0.13868
0.26366,-2.0591,0.7459,-1.0564,0.83932,-1.2488,0.68067,0.43439
0.26139,-1.8882,0.8997,-1.0871,1.0214,-1.0946,0.53869,0.23416
0.29305,-2.0179,0.42688,-0.92009,1.2123,-1.4842,0.33331,0.4251
0.27918,-2.0781,0.65021,-0.9995,1.3759,-1.6381,0.62463,0.20983
0.23086,-1.7264,0.48979,-1.246,0.74367,-1.6155,0.83311,0.31065
-0.099146,-1.7824,0.67119,-0.97137,1.1745,-1.0942,0.51531,0.29448
0.14628,-1.7567,0.99629,-0.90876,1.0309,-0.91879,0.42113,0.1031
0.125,-1.9084,0.67888,-0.81164,1.3382,-1.1459,0.65736,0.40523
0.2894,-1.74,0.43205,-0.99203,1.3325,-1.2274,0.59043,0.36855
0.17555,-1.7612,0.58958,-0.93171,1.0666,-1.1671,0.56371,0.29724
0.49325,-1.8774,0.38817,-0.55243,1.1303,-1.1446,0.42332,0.33467
0.026167,-1.8904,0.45328,-1.3944,0.98569,-1.3745,0.27895,0.44659
-0.17927,-1.6134,0.42881,-0.87964,1.0696,-1.756,0.17708,0.2596
-0.095737,-1.8404,0.48136,-1.2975,1.0586,-1.567,0.4196,0.011725
0.16642,-1.7734,0.4857,-1.1319,0.89398,-0.97779,0.49088,0.096584
0.19729,-1.7258,0.3754,-0.87361,1.2489,-1.132,0.45333,0.28902
0.11292,-2.178,0.59014,-1.0685,0.97807,-1.0429,0.75802,0.31134
0.38174,-1.8364,0.56419,-0.9653,1.0959,-1.4141,0.45916,0.48004
0.18689,-2.0331,0.72574,-0.84676,0.96921,-1.0442,0.59642,0.21807
0.2476,-1.7938,0.78183,-0.93443,1.0064,-1.346,0.63228,0.55769
0.24695,-2.0293,0.73336,-1.058,0.87665,-1.3299,0.3918,0.13042
0.51764,-2.2321,0.76271,-0.8833,1.1846,-1.1218,0.64054,0.10882
0.029407,-1.7869,0.26707,-0.99403,1.3064,-1.2163,0.093828,0.16179
0.034774,-2.2831,0.38735,-0.93145,0.88902,-1.1391,0.54976,0.41346
0.19495,-1.8388,0.6543,-0.6559,1.0446,-1.28,0.53962,-0.10484
0.16115,-1.9882,0.54258,-1.3241,1.2553,-0.96837,0.038293,0.51384
0.39918,-1.8777,0.66986,-0.68036,1.1187,-1.0166,0.58708,0.55644
-0.084836,-1.8803,0.65158,-0.89876,1.2493,-1.352,0.50393,0.067798
0.40264,-2.0294,0.57596,-0.9062,0.81824,-1.423,0.56695,0.62626
0.29826,-2.0569,0.73257,-0.70653,1.28,-1.3697,0.33533,0.33227
0.077436,-1.7706,0.61538,-1.0442,1.0513,-1.4256,0.69498,0.46324
0.1975,-1.8838,0.77629,-0.43346,1.253,-0.99819,0.60288,-0.093276
0.43598,-2.0316,0.69844,-1.0552,0.88758,-1.0949,0.17252,-0.11365
0.31012,-2.0912,0.61887,-0.92177,1.031,-1.2909,0.1849,0.38728
0.27379,-1.9148,0.29752,-1.1926,0.71771,-1.2108,0.46433,0.27222
0.11219,-2.3444,0.35881,-1.4258,1.1315,-1.0892,0.48361,0.28886
0.40123,-2.4176,0.78719,-1.0567,0.93976,-1.1823,0.49972,0.22709
0.49046,-2.4062,0.52986,-1.06,1.1486,-1.278,0.43214,0.48776
0.099955,-2.0001,0.54023,-0.7619,1.1527,-1.0268,0.31974,0.10192
0.25276,-1.9258,0.72517,-0.62142,1.2454,-1.4573,-0.12527,0.23166
0.32609,-2.1618,0.67549,-1.174,1.0503,-1.4312,0.23283,0.14162
0.32137,-2.219,0.69497,-0.77972,0.82989,-0.61238,0.27758,0.3101
0.28802,-2.1359,0.25637,-1.2227,1.0991,-1.0262,0.31884,0.39746
-0.018796,-2.158,0.69319,-1.3694,0.70078,-0.73015,0.3427,0.22749
0.46267,-1.8854,0.69398,-0.62781,1.1018,-1.1908,0.58811,0.2634
0.23746,-2.1057,0.47502,-0.89283,1.0549,-1.078,0.50915,0.20464
0.43064,-2.0769,0.8996,-0.92706,0.80958,-1.1267,0.31966,0.4079
0.47587,-1.9903,0.48434,-0.93009,0.78754,-0.9146,0.085574,0.40908
0.26828,-2.1356,0.64485,-1.3556,1.0716,-0.92143,0.50155,0.26449
-0.025068,-2.1761,0.55815,-0.96186,0.82379,-1.0046,0.31139,0.39672
0.62489,-1.9306,0.85294,-0.77784,0.85316,-1.083,0.28768,0.5784
0.32118,-2.0466,0.48526,-1.0893,0.77424,-1.0747,0.53317,0.33425
0.20343,-1.874,0.95455,-1.115,0.89932,-0.91475,0.067913,0.47703
-0.021663,-2.4377,0.72583,-0.76799,1.1669,-0.87491,0.20165,0.25744
0.17831,-2.0593,0.6742,-1.3027,0.93142,-1.1184,0.1873,0.26545
0.11,-2.257,0.39238,-0.75362,1.0164,-0.8654,0.19424,0.19248
0.36666,-2.0257,0.459,-0.82158,0.86672,-0.64518,0.1709,0.26672
0.35299,-2.2074,0.52301,-0.81992,0.74917,-1.3208,0.30272,0.49852
0.22294,-2.0556,0.72707,-1.1617,1.0416,-1.1028,0.51532,0.50358
0.3087,-2.2526,0.82022,-0.76696,0.94585,-1.3214,0.50035,0.36639
0.26668,-1.9071,1.0222,-0.90166,0.9934,-0.87772,0.51706,0.1515
0.46386,-1.9727,0.52469,-0.71153,0.82888,-0.83277,0.16498,0.30507
0.469,-2.2221,0.76591,-0.92127,0.83994,-1.0838,0.66571,0.10918
0.38871,-2.0771,0.53307,-0.92765,1.4101,-1.1395,0.19497,0.29631
0.17765,-2.0447,0.60893,-1.1905,0.97057,-0.9637,0.3113,0.15658
0.30455,-1.9763,0.88461,-1.0716,0.77658,-0.70445,0.34124,0.36996
0.26012,-2.0936,0.8521,-1.1967,1.341,-0.69231,0.5837,0.22344
0.158,-2.1141,0.79519,-1.1939,0.63828,-0.98085,0.50609,0.13061
0.43607,-2.1753,0.6423,-0.98872,1.161,-0.74193,0.10364,0.42227
0.48805,-2.0779,0.24515,-1.0997,0.80638,-0.80347,0.15681,0.42593
0.10748,-2.0587,0.48436,-1.2425,0.42104,-0.96859,0.31312,0.55596
0.22589,-2.0612,0.56285,-1.2657,1.0653,-0.79295,0.042645,0.17806
0.33961,-1.6358,0.64267,-0.98809,0.83912,-0.85602,0.54139,0.13094
0.4046,-2.0143,0.51394,-0.81561,1.0572,-0.56332,0.57574,0.25529
0.25857,-1.979,0.70869,-0.62761,0.63754,-0.68922,0.27521,0.11929
0.53289,-2.1853,1.0233,-0.87615,0.78525,-0.88924,-0.18126,0.41468
0.40845,-1.9964,0.86116,-1.0103,1.1268,-0.6957,0.4233,0.35554
0.47773,-1.8997,0.69747,-0.982,0.59937,-0.66041,0.039233,0.079475
0.74203,-2.2457,0.70157,-0.67842,0.76842,-0.51864,0.19048,0.50468
0.51463,-1.951,0.50706,-1.1557,0.88666,-0.82237,0.24543,0.70892
0.36294,-2.052,0.53091,-0.93399,0.89271,-0.66267,0.32169,0.19082
0.44577,-2.1865,0.61287,-0.8926,0.96596,-0.94977,0.15447,0.29694
0.19553,-2.1664,0.94561,-1.145,0.90031,-0.52059,0.022151,0.27188
0.24824,-1.9452,0.51308,-0.67447,0.9987,-0.76876,0.077748,0.2541
0.61098,-2.1931,0.64904,-0.98758,0.80617,-1.0069,0.1052,0.41264
0.39008,-1.922,0.63396,-0.96148,0.89988,-0.9331,0.34482,0.18321
0.039,-2.2525,0.57557,-0.96456,0.79091,-0.77353,0.1135,0.4372
0.20188,-2.2027,0.46399,-1.1987,0.72426,-0.69692,-0.079906,0.2442
0.44469,-2.2897,0.5825,-0.93595,0.81954,-0.52589,0.34691,0.42865
0.14098,-2.3557,0.60296,-1.22,1.0081,-0.93586,0.28834,0.40153
0.47127,-2.1251,0.68239,-1.3073,0.5119,-0.81048,0.32401,0.23123
0.39064,-2.0395,0.40736,-1.0383,0.80504,-0.76151,0.23688,0.44514
0.29135,-2.2452,0.54409,-1.2855,0.75309,-0.66716,0.068139,0.32999
0.09981,-1.9512,0.56961,-1.1809,1.1126,-0.82196,0.036443,0.55821
0.21609,-2.2739,0.52428,-1.0428,0.9001,-0.65991,0.12387,0.0062056
0.14477,-2.3879,0.84905,-1.0149,0.85657,-0.92093,-0.10127,0.20492
0.57644,-2.2216,0.73094,-0.72725,0.5854,-0.35293,0.11428,0.60273
0.46464,-2.0737,0.48795,-1.1158,0.79546,-0.38471,0.22919,0.14174
0.55037,-2.2357,0.64768,-0.97977,1.047,-0.54117,0.42505,0.14223
0.4093,-2.2231,0.69373,-1.2857,1.1134,-0.59387,0.27018,0.04407
0.53505,-2.2384,0.647,-0.76822,0.78164,-0.41695,0.174,0.15203
0.36653,-2.1028,0.79289,-1.271,1.1064,-0.66736,-0.095785,-0.081465
0.43229,-2.2039,0.80758,-0.99954,0.86892,-0.62032,0.21388,-0.035456
0.429,-2.2112,0.64243,-1.1955,0.74518,-0.66002,0.348,0.28335
0.24832,-2.3839,0.78852,-1.0106,0.46934,-0.87528,0.18324,0.84889
0.45348,-2.4397,0.52265,-1.0832,0.83417,-0.89159,0.13523,0.17196
0.3551,-2.1047,0.91254,-0.74803,0.78476,-0.54788,0.22758,0.39108
0.84566,-2.1515,0.83688,-0.85236,0.90948,-0.36285,0.3694,0.39445
0.31717,-2.428,1.0039,-1.283,0.99715,-0.65648,0.28869,0.39745
0.79372,-2.0024,1.101,-1.182,1.0629,-0.41249,0.0075472,0.32565
0.37914,-2.429,0.70382,-0.67207,0.98627,-0.78225,0.23412,0.036973
0.20197,-2.6021,0.85505,-1.2161,0.91815,-0.50691,-0.060733,0.49574
0.5682,-2.1975,0.5641,-1.1063,0.94618,-0.68506,0.45309,0.76436
0.39644,-2.5028,0.40923,-0.87607,0.97121,-0.68341,0.17838,0.46424
0.44646,-2.1376,0.86436,-0.86622,0.873,-0.74204,0.09458,0.47427
0.55597,-2.1585,0.92212,-1.1552,0.51484,-0.64182,0.17771,-0.027511
0.37155,-2.032,0.83853,-1.3955,0.92871,-0.56654,0.024926,0.26423
0.5238,-2.1258,0.54931,-0.90553,0.84648,-0.32213,0.29446,0.13235
0.45227,-2.1538,0.72413,-1.2185,1.2741,-0.22466,0.43907,0.3904
0.59282,-1.8535,0.59474,-0.67034,0.85703,-0.70947,0.32418,-0.2249
0.54581,-2.0254,0.73262,-1.1088,0.8094,-0.26443,-0.072132,0.2581
0.50932,-2.369,0.90914,-1.3594,0.8354,-0.48602,0.16563,0.49521
0.42199,-2.3605,0.89388,-0.9367,0.67813,-0.64525,0.013765,0.30925
0.90635,-2.0555,0.83419,-1.4349,0.78493,-0.27164,-0.0047224,0.2106
0.34595,-2.5264,1.1699,-1.0357,0.71398,-0.44259,-0.10133,0.47613
0.34796,-2.1845,0.65901,-1.1848,0.78637,-0.28068,0.37153,0.23317
0.68411,-2.4042,0.66686,-1.2515,0.8211,-0.14461,0.015858,0.14919
0.70775,-2.4042,0.87294,-1.3888,0.99123,-0.57876,0.069818,0.34585
0.34518,-2.3167,0.84043,-1.4128,1.0422,-0.21784,0.31395,0.033966
0.25709,-1.9068,0.70359,-1.3403,0.78652,-0.63286,0.10893,0.1901
0.51172,-2.2106,0.81272,-0.95709,0.77025,-0.57768,0.40816,0.38643
0.50038,-1.6601,0.49441,-1.2588,0.69298,-0.23487,0.17396,0.3719
0.59372,-2.1544,0.80509,-1.1234,0.70732,-0.58494,0.33409,0.23625
0.53243,-2.0713,0.71048,-1.0035,0.80607,-0.50614,0.051078,0.56465
0.16224,-2.0748,0.96373,-1.3418,0.63437,-0.61156,0.15073,0.17126
0.37376,-2.1673,0.70197,-1.1691,0.74446,-0.81286,0.41011,0.39173
0.31522,-1.8984,0.9987,-1.2367,0.74772,-0.47478,0.6108,0.31604
0.6002,-1.9993,0.68725,-0.93838,0.84426,-0.35645,0.16134,0.24423
0.76978,-2.2636,0.605,-0.97415,0.72754,-0.14043,0.1914,0.23623
0.78106,-2.3208,0.6766,-1.0019,0.55189,-0.91583,0.1226,-0.092764
0.63222,-1.8681,1.1225,-1.1939,0.90321,-0.42175,0.18998,0.12205
0.42026,-2.0907,0.3748,-1.1541,0.68447,-0.44869,0.5458,0.54503
0.47179,-2.0434,0.70575,-0.98559,0.92935,-0.49582,0.044756,-0.02986
0.48041,-2.2088,0.8441,-1.0915,0.8351,-0.66354,0.25167,0.50696
0.65587,-2.2356,0.85903,-1.1449,0.94652,-0.71052,-0.077518,0.39451
0.58171,-2.3344,0.92442,-1.0145,1.0207,-0.2587,0.077206,0.43829
0.2237,-2.2968,0.74729,-1.2587,0.62151,-0.69205,-0.092782,0.6038
0.49011,-2.671,0.93211,-1.0728,0.40982,-0.47274,0.0040963,0.36589
0.42154,-2.3149,1.001,-1.1412,0.82436,-0.25957,0.60051,0.66834
0.34868,-2.1887,0.91414,-1.0721,0.79617,-0.33759,0.19398,0.21712
0.69419,-1.9407,0.90985,-1.2662,0.74614,-0.51149,0.45614,0.50845
0.46015,-2.3837,0.89217,-1.4603,0.74443,0.00095828,0.32005,0.2124
0.61327,-1.9349,0.61638,-1.1569,0.67084,-0.56382,0.15952,0.29927
0.2716,-2.136,1.0755,-1.2829,0.7721,-0.25598,0.38785,0.16053
0.37248,-2.3287,0.8916,-0.96694,0.80068,-0.25394,-0.043191,0.49983
0.65632,-1.8954,0.68093,-1.2263,0.40765,-0.44497,0.25885,0.1972
0.43269,-2.1112,0.97211,-0.93723,0.6917,-0.36151,0.38923,0.4038
0.45004,-2.3013,0.881,-1.2859,0.51571,-0.18703,0.15044,0.046454
0.47568,-1.9156,0.78491,-1.2167,0.61957,-0.24214,0.19292,0.65045
0.78917,-1.8789,0.80025,-0.86534,0.49973,-0.43391,0.077276,0.17234
0.5457,-2.0999,0.68842,-1.2032,0.58668,-0.47194,0.21709,0.48213
0.057601,-2.0633,0.91935,-1.0595,0.78597,-0.85902,0.1687,0.56243
0.35393,-2.1993,0.50811,-1.3246,0.56834,-0.41535,0.42214,0.56512
0.70497,-2.0395,0.91687,-1.2763,0.58756,-0.62656,0.3844,0.50651
0.56766,-1.9784,0.65505,-1.1525,0.55928,-0.3138,0.3021,0.059558
0.32857,-2.1418,1.0332,-0.9401,0.56872,-0.34976,0.063719,0.47098
0.70593,-2.1076,0.91006,-1.0355,0.63585,-0.13925,0.41386,0.10143
0.69039,-2.1821,0.74602,-1.0181,1.0582,-0.29269,0.30901,0.007339
0.5936,-2.3446,0.5033,-1.5109,0.62797,-0.52422,0.16985,0.34328
0.24921,-2.4008,0.96236,-1.0934,0.64149,-0.24578,0.14956,0.4409
0.80207,-1.8391,0.98059,-1.03,0.73127,-0.023213,0.38648,0.58901
0.38544,-2.1841,0.92769,-1.624,0.52567,-0.30522,0.033472,0.070674
0.48919,-1.8988,0.75975,-1.282,0.88246,-0.46658,0.29969,0.43378
0.18001,-1.9537,0.81098,-1.4866,1.0773,-0.2758,0.30929,0.52833
0.7059,-2.4222,1.0607,-1.1262,0.58806,-0.066025,0.43638,0.32889
0.69749,-2.1598,1.2738,-1.243,0.6493,-0.087857,0.31842,0.20778
0.74178,-2.0184,0.77413,-1.0641,0.32024,-0.26487,0.30276,0.38831
0.43991,-2.2257,0.84526,-1.2031,0.46669,-0.07151,0.36679,0.33488
0.44705,-2.2028,0.95235,-1.0608,0.60395,-0.18974,0.25458,0.61019
0.62071,-1.8588,0.94514,-1.1499,0.73255,-0.3445,0.22798,0.52875
0.33346,-2.1966,0.83555,-0.81,0.51645,-0.19052,0.32068,0.47496
0.86301,-2.1986,0.97231,-1.0951,0.95823,-0.10918,0.080492,0.40056
0.74741,-2.0912,1.2151,-1.3093,0.56902,-0.56226,0.42376,0.45
0.6117,-2.278,1.1726,-1.0803,0.84521,-0.34576,0.00097171,0.41257
0.49511,-2.1157,0.74964,-0.81673,0.41745,-0.040412,0.047872,0.50634
0.86673,-2.0471,1.0327,-0.98709,0.60468,-0.35819,0.43451,0.31904
0.66815,-1.5809,0.81186,-1.0967,0.67586,-0.53164,0.5067,0.27197
0.49025,-2.3114,0.81434,-1.0799,0.53988,-0.16433,-0.16105,0.37705
0.58218,-1.8294,0.80661,-1.1939,0.45692,-0.059826,0.61128,0.29651
0.6577,-1.8241,1.0279,-0.76229,0.3071,-0.16271,0.41577,0.29234
0.62978,-1.9176,0.85977,-1.5534,0.95629,0.096629,0.34301,0.42768
0.72995,-2.1132,1.1696,-1.16,0.48546,0.016977,0.25088,0.47467
0.42864,-2.0501,1.4076,-1.2679,0.90391,-0.2744,0.053187,0.59521
0.64433,-1.8276,0.92275,-1.0267,0.32967,-0.22013,-0.012695,0.30662
0.68653,-1.9955,0.84515,-1.2103,0.43779,-0.23552,0.5395,0.55805
0.40033,-1.8779,1.0257,-1.3733,0.57807,-0.47597,0.32766,0.38848
0.10621,-2.216,1.0532,-1.1916,0.53085,-0.29003,0.41897,0.33218
0.78152,-2.1087,1.1129,-1.2633,0.35561,-0.10039,0.28183,0.65273
1.0346,-2.1067,1.1463,-1.5184,0.58762,-0.43179,0.23149,0.63554
0.3222,-2.1416,0.44276,-0.85456,0.19417,-0.093776,0.37292,0.14171
0.50396,-1.862,1.0174,-1.3712,0.66002,-0.20287,0.39682,0.56862
0.31478,-2.0849,1.1824,-1.0581,0.39234,0.048221,0.25672,0.41113
0.53346,-1.8477,1.007,-1.2769,0.38056,0.14886,0.67298,0.54739
0.46956,-2.1441,1.1153,-1.1009,0.33761,-0.10386,0.49466,0.48751
0.56897,-2.0388,1.1034,-0.78543,0.61089,0.12176,0.56167,0.43985
0.68534,-1.8126,1.0832,-1.1669,0.40027,-0.34654,0.6674,0.40989
0.58898,-1.9262,1.1451,-1.0742,0.56534,-0.4237,0.34692,0.9184
0.42976,-1.8852,1.0646,-1.4201,0.43073,0.19708,0.73521,0.72336
0.29939,-1.8943,1.0907,-1.5148,0.69069,0.086041,0.52056,0.36512
0.65107,-1.8803,1.3513,-1.112,0.69287,-0.12302,0.40309,0.28116
0.43427,-2.0621,1.2476,-1.4639,0.34433,-0.21868,0.43351,0.35595
0.47972,-1.8903,1.1452,-1.1117,0.37474,0.19848,0.33121,0.43407
0.71158,-1.9402,0.86572,-0.80449,0.21002,-0.42081,0.65904,0.69694
0.6167,-2.0616,1.0038,-1.0442,0.37589,0.040219,0.36023,0.16724
0.4343,-2.1169,1.3905,-1.1618,0.44876,-0.49465,0.67665,0.29211
0.68827,-1.8629,0.84355,-1.2446,0.37165,-0.023735,0.41633,0.437
0.42602,-2.1668,1.156,-1.1586,0.37243,-0.11865,0.52672,0.35908
0.30398,-1.9098,0.84892,-1.5139,0.37602,-0.054868,0.4599,0.45928
0.50118,-1.9205,1.2485,-1.467,0.62207,-0.56955,0.41996,0.44237
0.41862,-1.8118,0.57334,-1.3175,0.39529,-0.26298,0.59006,0.44903
0.49181,-1.7138,0.7956,-1.437,0.46815,-0.17249,0.68306,0.29177
0.60567,-1.9708,0.94563,-1.1558,0.34467,-0.42438,0.57706,0.34105
0.78357,-1.7232,1.0643,-1.3195,0.74041,-0.11664,0.60497,0.50582
0.57805,-1.7992,1.0951,-1.244,0.53871,-0.18858,0.16226,0.53874
0.67595,-2.1036,1.0675,-1.1447,0.50989,-0.037665,0.6665,0.55923
0.53478,-1.6305,1.1159,-1.0003,0.47843,-0.17287,0.59225,0.32933
0.71847,-1.6691,0.82999,-1.1168,0.60219,0.0090056,0.39803,0.673
0.54127,-1.7677,0.99291,-1.0374,0.5825,-0.0050401,0.40444,0.79984
0.49485,-1.6698,1.2062,-1.2243,0.39718,-0.17152,0.56556,0.41643
0.4554,-2.0157,1.1247,-1.3139,0.46377,-0.036578,0.54469,0.80726
0.52231,-2.2162,0.93229,-1.3573,0.50727,-0.31468,0.48685,0.47867
0.44185,-1.8206,0.97017,-1.094,0.37204,0.15459,0.63705,0.32092
0.5819,-1.9618,0.95477,-1.1624,0.60146,-0.18023,0.60111,0.49044
0.56489,-1.6413,1.348,-1.0655,0.62016,0.03409,0.38553,0.6507
0.76869,-2.0684,1.0832,-0.96972,0.21951,-0.14348,0.38239,0.6043
0.62177,-1.7958,1.4866,-1.2305,0.22665,0.03535,0.029716,0.31967
0.83656,-1.6808,1.2437,-1.3568,0.32433,-0.08764,0.74552,0.83265
0.46095,-1.7547,1.3806,-1.1469,0.24781,-0.25347,0.47945,0.77975
0.44335,-1.7669,1.4567,-0.99455,0.45458,-0.1365,0.75868,0.75409
0.51566,-1.6249,1.198,-1.1299,0.5212,-0.056467,0.41905,0.47979
0.49652,-1.7238,1.0912,-0.96767,0.46347,-0.29493,0.93171,0.27568
0.43509,-1.6978,1.4643,-1.368,0.15932,-0.25656,0.49522,0.32169
0.73093,-2.0089,1.1029,-1.0505,0.595,-0.47439,0.46404,0.51997
0.49982,-1.5339,1.0477,-1.3171,0.76692,-0.10095,0.5918,0.30525
0.43072,-2.3446,1.48,-1.1102,0.51801,-0.14601,0.38373,0.80065
0.25677,-1.8451,1.1736,-1.0243,0.54286,-0.39568,0.78359,0.27257
0.48738,-1.468,1.2795,-1.312,0.46374,-0.2833,0.88771,0.67209
0.68986,-1.9034,1.304,-0.96397,0.73575,-0.46777,0.70131,0.50503
0.50481,-1.7084,0.96898,-1.1894,0.34313,-0.30983,0.37172,0.35676
0.62651,-1.7724,1.2394,-0.99254,0.37136,-0.24952,0.62396,0.73296
0.56949,-2.0025,1.1541,-1.3255,0.39102,-0.053024,0.9068,0.62537
0.45685,-1.5583,0.78857,-1.4303,0.28324,-0.24431,0.83481,0.73036
0.5415,-1.41,1.2206,-1.2897,0.38094,-0.44463,0.51306,0.62522
0.38241,-1.5651,0.99438,-1.2476,0.40229,-0.20251,0.6285,0.4507
0.59639,-1.7973,1.1753,-0.95907,0.40362,-0.13612,0.63621,0.59598
0.51621,-1.5754,1.1615,-1.1714,-0.0043044,-0.33848,0.56542,0.56556
0.49941,-1.4076,1.2865,-0.91398,0.4914,-0.15869,1.1086,0.7202
0.6281,-1.5559,1.0674,-0.96417,0.34473,-0.085527,0.47873,0.75609
0.63376,-1.7656,0.96246,-1.0292,0.44014,-0.27204,0.57149,0.45237
0.35293,-1.8472,1.0535,-1.395,0.31488,-0.40015,0.62579,0.51629
0.3471,-1.6601,1.4129,-1.4176,0.40728,-0.18242,0.82767,0.82606
0.24777,-1.6646,1.1533,-1.1783,0.12685,-0.29952,0.53639,0.93952
0.42187,-1.6632,1.2961,-1.4632,0.61841,-0.28707,1.0086,0.86823
0.14673,-1.615,1.4838,-1.3998,0.38289,-0.052937,0.69858,0.68574
0.35417,-1.868,1.3422,-1.2888,0.52779,-0.46104,0.38838,0.77249
0.42821,-1.7042,1.2412,-1.3233,0.25774,-0.42974,0.48373,0.96256
0.2285,-1.9198,1.5106,-1.0043,0.083484,-0.099958,0.88697,0.57946
0.25025,-1.7373,1.0771,-0.85271,0.31125,-0.50942,0.58169,0.55696
0.21284,-1.6295,1.2455,-1.2705,0.42558,0.16777,0.7175,0.53466
0.44353,-1.8003,0.88458,-1.5862,0.23314,-0.27385,0.50805,0.61529
0.35465,-1.4208,1.3915,-1.0215,0.62783,-0.085598,0.83595,0.69501
0.61504,-1.5903,1.3547,-0.95607,0.43924,-0.3434,0.56812,0.54418
0.44337,-1.4618,1.1481,-1.275,0.42767,-0.27918,0.66077,0.79633
0.51887,-1.4533,1.4319,-1.0573,0.41512,-0.26746,0.40146,0.35088
0.82678,-1.4558,1.2514,-0.82898,0.28042,-0.28683,0.93355,0.60984
0.70387,-1.3323,1.2911,-0.98689,0.27968,-0.1761,0.80573,0.62276
0.28851,-1.7732,1.275,-1.4174,0.3355,-0.54367,0.93799,0.68645
0.47588,-1.3373,1.2205,-1.2191,0.099141,-0.58013,1.2035,0.22657
0.42102,-1.5257,1.4701,-1.1751,0.34602,-0.016775,0.84585,0.60937
0.61409,-1.4286,1.2437,-1.1643,0.50571,-0.34073,0.66461,0.48648
0.44987,-1.7261,0.94371,-1.1817,0.25621,0.11628,0.72869,0.70227
0.70755,-1.5099,1.2595,-1.362,0.31196,-0.21046,0.80722,0.70993
0.13218,-1.4389,1.5314,-1.1243,0.2011,-0.50426,0.91263,0.65132
0.58219,-1.5107,1.5033,-1.0989,-0.0012607,-0.001347,0.89188,0.8571
0.67192,-1.86,1.3485,-1.0913,0.15139,-0.27162,0.77201,1.1524
0.72394,-1.478,1.1329,-1.3032,0.23264,-0.53552,0.5688,0.51786
0.26902,-1.4283,1.6779,-0.92605,0.11979,-0.16071,0.91405,0.47843
0.42166,-1.4264,1.483,-1.0947,-0.031355,-0.38946,1.0694,0.62063
0.04009,-1.2857,1.2721,-1.52,0.32374,-0.50705,1.0837,0.97912
0.38493,-1.6471,1.5609,-1.2098,0.32547,-0.15079,0.97264,0.77956
0.48792,-1.5522,1.5269,-1.0602,0.098426,-0.44645,0.67034,0.65635
0.39802,-1.6646,1.3329,-1.0349,0.34364,-0.088815,0.77935,0.86661
0.095668,-1.1786,1.8737,-1.2267,-0.010774,-0.41487,0.7655,0.55076
0.16835,-1.6043,1.6887,-0.99535,0.20578,-0.45527,0.72902,0.66574
0.69272,-1.3063,1.388,-0.76563,-0.082433,-0.41771,1.0481,0.46182
0.17706,-1.4764,1.4162,-1.0083,0.33178,-0.58238,0.77137,0.71103
0.50756,-1.5176,1.453,-0.9984,-0.20184,-0.4237,0.84805,0.66727
0.61077,-1.3241,1.3221,-0.95029,0.034035,-0.39127,1.2313,0.78812
0.14329,-1.6033,1.3889,-1.1416,0.1948,-0.034245,0.89607,0.9648
0.25811,-1.5352,1.1118,-0.91186,0.52153,-0.48273,0.68726,0.51148
0.44327,-1.6371,1.5134,-0.83408,0.47859,-0.20885,0.77677,0.69915
0.22311,-1.2292,1.4442,-1.3486,0.17205,-0.59392,1.0477,0.69996
0.48443,-1.1881,1.5899,-1.1316,0.39841,-0.42418,1.1219,0.47106
0.23899,-1.4976,1.5681,-0.88526,0.10804,-0.16938,1.0154,0.55742
0.7747,-1.2208,1.1361,-1.1812,0.35955,-0.39967,1.1204,0.76033
0.090407,-1.7186,1.6184,-1.1947,0.35967,-0.52187,0.82147,0.70831
0.03023,-1.573,1.3367,-1.3476,0.2855,-0.28423,0.87919,0.67059
0.36339,-1.3533,1.82,-0.76191,-0.23462,-0.36956,1.0309,0.53324
0.1632,-1.5735,1.8322,-1.1719,0.26056,-0.44957,1.1534,0.83168
0.43845,-1.5348,1.4255,-1.1033,0.36361,-0.41445,1.1225,0.51245
0.52303,-1.7763,1.4166,-0.94413,0.091772,-0.28827,1.0451,0.75368
0.41821,-1.5371,1.2692,-1.2327,0.25638,-0.72651,1.1522,0.83367
0.61382,-1.3081,1.4371,-1.2334,0.44782,-0.19273,1.2696,0.85488
-0.095292,-1.4267,1.2034,-1.356,0.24144,-0.1646,1.0655,0.3831
0.21278,-1.5347,1.4296,-1.1671,0.42059,-0.23097,0.88097,0.71201
0.20173,-1.0687,1.0838,-0.93182,0.43869,-0.38995,1.0645,1.049
0.35196,-1.5745,1.5143,-1.1745,0.18509,-0.34289,1.0733,0.74781
0.52022,-1.615,1.7144,-0.99906,0.43853,-0.26458,0.97332,0.42507
0.43832,-1.4994,1.6218,-1.0975,0.31897,-0.28704,0.70749,0.81767
0.15145,-1.5082,1.564,-1.1223,0.25481,-0.56054,0.98256,0.82866
0.21885,-1.6192,1.8561,-1.3491,0.24186,-0.32848,1.2608,1.0828
0.23694,-1.4597,1.3078,-1.0675,0.18703,-0.34056,1.0845,0.91664
0.17206,-1.6863,1.0047,-1.1999,0.40627,-0.56855,0.97592,0.64862
0.34614,-1.3093,1.5096,-0.93542,0.17589,-0.4807,0.95165,0.77813
-0.087911,-1.3872,1.3297,-1.3192,0.41628,-0.65915,1.1046,0.76755
0.090274,-1.4018,1.3886,-1.3422,-0.011404,-0.18575,0.88634,0.81418
0.3376,-1.4218,1.0114,-1.1483,0.44161,-0.40072,1.3501,0.43244
-0.19517,-1.704,1.6365,-0.8456,0.23294,-0.30532,1.2392,0.85328
0.39553,-1.1103,1.9551,-1.266,0.46087,-0.30685,1.2869,0.95415
0.5276,-1.343,1.4085,-1.1989,0.20042,-0.43966,0.75463,0.87444
0.15764,-1.5616,1.5255,-0.79348,0.32131,-0.26114,0.9162,0.79012
0.076177,-1.1456,1.4849,-1.3018,0.15103,-0.67159,0.91722,0.77399
0.21051,-1.3906,1.3266,-1.2102,0.079049,-0.47203,0.98077,0.68998
0.28794,-1.6841,1.5559,-1.0753,0.16684,-0.36654,0.94485,0.94633
0.5411,-1.3789,1.1589,-1.1062,0.11667,-0.4186,0.74228,0.43353
0.0028986,-1.5876,1.6255,-1.1928,0.17328,-0.75172,1.2872,0.70096
0.59117,-1.2657,1.5854,-1.2493,0.086045,-0.2661,1.273,1.1576
0.5525,-1.314,1.6822,-1.2961,0.054221,-0.48637,1.1307,0.74471
0.12229,-1.2094,1.3021,-0.80841,0.30414,-0.44911,0.90156,0.75814
0.343,-1.34,1.4061,-1.0133,0.36209,-0.55759,1.0482,0.99001
0.067424,-1.2354,1.196,-1.1485,0.095989,-0.40168,1.1348,0.86437
0.39835,-1.6337,1.4985,-1.0701,0.22477,-0.34397,1.1961,1.1283
0.33709,-1.1542,1.8003,-1.2911,0.40064,-0.42733,1.2672,0.56656
0.017871,-1.0131,1.6394,-0.82667,0.35285,-0.6459,1.2749,0.86115
0.20011,-1.2857,1.7744,-1.2687,-0.045071,-0.43443,1.0739,0.78562
0.11012,-1.5031,1.3838,-1.1475,0.26889,-0.35027,1.2296,0.75469
0.077295,-1.418,1.6224,-1.1616,-0.046772,-0.74939,1.3288,0.77372
0.12384,-1.1222,1.3932,-1.2215,0.34261,-0.2815,1.2015,0.80613
0.4245,-1.2323,1.7731,-1.2348,0.29062,-0.46861,1.0871,0.58598
-0.15321,-1.4658,1.5251,-1.1782,0.23204,-0.56123,1.1135,0.61803
0.28269,-1.1392,1.7611,-0.95713,0.38753,-0.70159,1.2953,0.69405
0.065048,-1.6099,1.7176,-0.93305,0.24802,-0.81062,1.2291,0.77448
0.22435,-1.2397,1.7468,-1.2929,0.11085,-0.50673,1.2268,0.80457
0.43662,-1.3718,1.4514,-1.1241,0.46057,-0.46043,1.3462,0.91145
-0.1982,-1.4024,1.3702,-1.5056,0.54295,-0.72961,0.89523,0.76982
0.10686,-1.089,1.6948,-1.0344,0.30644,-0.46102,1.2751,0.97401
-0.1251,-1.1076,1.9416,-0.80708,0.19434,-0.50926,1.106,0.66034
-0.13677,-1.0334,1.7321,-1.0671,0.27191,-0.38431,1.1653,0.80407
0.25078,-1.2036,1.8161,-1.1563,0.69319,-0.35505,1.2607,0.76478
0.21411,-1.1645,1.3426,-1.0108,0.35026,-0.91586,0.91959,0.99053
-0.29019,-0.94455,1.6609,-0.87573,0.16309,-0.57081,1.2885,0.8879
0.31914,-1.6468,1.6409,-1.0196,0.76496,-0.50153,1.3817,0.94556
0.046408,-1.22,1.6498,-0.90329,-0.072291,-0.67119,1.2568,0.85337
0.06511,-1.0742,1.9761,-0.91148,0.52077,-0.5584,1.6669,0.92808
0.17059,-1.5148,1.7182,-1.3527,0.26871,-0.71435,1.3738,0.91889
0.1865,-1.1935,1.5644,-1.2078,0.33416,-0.55153,1.4966,0.80288
0.033698,-0.96509,1.5508,-1.2211,0.29583,-0.64488,1.0212,0.85819
0.20072,-0.96845,1.4519,-1.1677,0.067944,-0.66842,1.3438,0.77679
0.14432,-1.008,1.8855,-0.93403,0.23241,-0.92857,1.317,0.85356
0.11996,-1.549,1.4026,-1.2959,0.29822,-0.23158,1.1564,0.75916
0.2111,-0.98482,1.4692,-0.99894,0.032778,-0.74798,1.2872,0.75525
-0.0522,-1.3014,1.6389,-0.99026,0.25499,-0.67753,1.1941,1.083
0.16761,-1.0491,1.4088,-1.1169,-0.025895,-0.87722,1.5302,0.56586
0.15712,-0.8193,1.6217,-1.144,0.60293,-0.68629,1.118,0.98032
-0.1442,-1.3253,1.823,-1.2038,0.23878,-0.82938,1.5682,0.8465
0.18499,-1.1767,1.269,-1.1303,0.18433,-0.94251,1.1378,0.90426
-0.012937,-1.1199,1.6399,-1.1718,0.54132,-0.50081,1.2905,0.94971
-0.021857,-1.2153,1.3453,-0.78694,0.5513,-0.75364,1.4616,1.1278
-0.33544,-0.80223,1.4971,-0.8828,0.44249,-0.54988,1.3037,0.85207
-0.20448,-1.0619,1.6765,-0.85181,0.22015,-0.94866,1.2632,0.90226
-0.08113,-1.1124,1.8109,-0.97089,0.11106,-0.67414,1.0505,0.88883
0.090067,-1.0092,1.4537,-1.1089,0.4119,-0.7082,1.3352,0.99846
-0.14847,-1.3627,1.573,-0.91308,0.5426,-0.89203,1.4882,0.6501
0.062105,-1.1071,1.45,-1.0218,0.21157,-0.91626,1.6227,1.1744
-0.13628,-1.3303,1.6656,-0.9393,0.28887,-0.77377,1.3522,0.80409
-0.043753,-1.2566,1.7894,-0.74698,0.15476,-0.62126,1.0528,0.81593
-0.22195,-1.2093,1.6385,-0.99679,0.21702,-0.53693,1.1717,0.7079
-0.15024,-1.2087,1.4515,-1.0514,0.32517,-0.5587,1.311,1.1276
-0.25119,-1.1475,1.5912,-0.74218,-0.038045,-0.88924,1.3833,1.0792
-0.50651,-1.0773,1.6103,-1.0283,0.33873,-0.99455,1.1656,0.80736
0.02009,-0.9006,1.6592,-1.0054,0.38753,-1.1485,1.1128,1.0273
-0.067001,-0.97044,1.6714,-1.0432,0.14441,-0.84171,1.4923,0.69158
-0.21595,-1.2337,1.7276,-1.1417,0.412,-1.0925,1.5203,0.90156
-0.28904,-0.93607,1.9392,-1.2109,-0.05342,-0.72229,1.588,0.93352
-0.27037,-1.3212,1.81,-0.95638,0.41879,-0.40671,1.0525,0.376
0.021807,-1.4524,1.4142,-0.98933,0.23928,-0.71991,1.4187,0.88509
0.18621,-1.0655,1.5319,-0.91924,0.2353,-1.067,1.3938,0.72653
-0.30645,-1.1569,1.7139,-1.2964,0.0084046,-1.0057,1.1828,0.89354
-0.10444,-1.1502,1.6876,-0.64278,0.41575,-0.61161,1.7108,0.72676
-0.26293,-0.86132,1.5794,-0.78425,0.25895,-0.8187,1.506,0.8515
0.066276,-1.6505,1.7449,-0.86384,0.17987,-0.98682,1.5623,1.0929
-0.26257,-1.2268,2.0027,-0.98719,0.16092,-0.92881,1.3138,0.87278
-0.15029,-1.082,1.4979,-0.65197,0.18217,-0.70838,1.2169,0.81859
-0.47315,-1.0996,1.2459,-0.90418,0.18972,-1.0717,1.308,1.1393
0.11631,-0.91532,1.7755,-1.0753,0.15712,-0.90029,1.2514,0.67715
-0.33786,-1.636,1.7409,-1.0922,0.40732,-0.94698,1.2667,0.83955
-0.45395,-0.72542,1.7272,-1.162,0.1199,-1.0479,1.4104,0.84667
-0.13543,-1.1154,1.2419,-0.92826,0.39284,-1.1756,1.3893,0.6256
-0.1431,-1.2128,1.8095,-1.0194,0.39484,-0.75667,1.2112,0.88087
-0.11826,-1.4053,1.5491,-1.1168,0.10972,-0.83554,1.5833,0.77397
-0.26624,-1.169,1.3136,-0.44698,0.27326,-0.48505,1.3934,1.0781
-0.29581,-1.0668,1.6573,-0.984,0.13207,-0.69274,1.5259,0.6912
0.19086,-1.1971,1.5912,-0.70174,0.39877,-0.75194,1.2188,0.6403
-0.41134,-0.97745,1.9175,-0.92898,0.5631,-1.0333,1.6429,0.80072
-0.053883,-1.2527,1.511,-0.69102,0.33993,-0.73012,1.2744,1.2076
-0.13087,-1.2039,1.8043,-1.1798,0.13533,-0.50473,1.2666,0.76681
-0.36166,-0.94955,1.7401,-0.99392,0.20576,-1.2393,1.7269,0.87048
-0.06334,-1.4503,1.8525,-0.88574,0.39765,-1.0826,1.5345,0.71295
0.14692,-0.91199,1.5194,-1.1933,0.43894,-1.4514,1.1642,0.78278
-0.54396,-1.2374,2.1568,-0.73847,0.17879,-0.67306,1.687,0.8936
-0.38832,-1.1842,1.9041,-0.78176,0.24319,-0.95957,1.4399,0.75905
-0.41763,-0.60766,1.7136,-0.57605,0.3434,-1.0891,1.7185,0.94728
-0.026336,-0.94842,1.5833,-1.0805,0.21364,-1.1977,1.3629,1.1012
-0.39094,-0.72777,1.5443,-0.75322,0.31081,-1.0147,1.4995,0.63353
-0.19683,-1.2082,1.7821,-1.1908,0.055775,-0.82679,1.3951,1.2172
-0.22529,-0.9965,1.565,-0.99441,0.056318,-0.84432,1.6095,0.8015
-0.066889,-1.1199,2.185,-0.83526,0.094256,-1.0094,1.0821,0.88699
-0.26012,-0.97428,1.7159,-0.82799,0.61278,-0.95538,1.4742,0.83247
-0.34331,-1.1657,1.5098,-0.95771,0.41129,-0.8172,1.5198,0.78525
-0.076612,-1.1493,1.7706,-0.73744,0.46825,-0.84867,1.4134,0.67816
-0.4482,-1.1251,1.8403,-0.81827,0.17667,-1.1366,1.464,0.85163
-0.32985,-1.1299,1.5084,-0.67988,0.15982,-0.77573,1.2127,0.63985
-0.46135,-1.1765,2.1389,-1.1116,0.38187,-1.0685,1.7905,0.73876
-0.5492,-1.1544,1.8379,-0.90154,0.1163,-1.0713,1.7323,0.62366
-0.61562,-0.84159,1.8499,-1.1148,0.2344,-0.95538,1.458,0.85204
-0.31815,-0.95279,1.6572,-0.6793,-0.0092615,-0.94106,1.4749,0.86211
-0.48403,-1.3035,1.8503,-0.71952,0.055085,-0.97354,1.642,0.95084
-0.37612,-1.054,1.7086,-0.84344,0.43505,-1.1083,1.3339,0.92919
-0.29314,-1.3443,1.8749,-0.85769,0.38381,-0.983,1.5951,0.93524
-0.31478,-1.4488,1.8652,-0.9501,0.30073,-0.95666,1.55,0.87727
-0.181,-0.95728,2.0025,-0.92979,0.52037,-0.93322,1.5977,0.71327
-0.53372,-1.3133,1.7004,-0.8987,0.35495,-0.96614,1.771,0.80825
-0.35789,-1.1918,1.9798,-0.98189,0.33599,-1.1993,1.5047,1.0661
-0.3222,-1.1337,1.894,-0.96996,0.23077,-1.121,1.4152,1.0293
-0.31541,-0.98206,1.8385,-1.0136,0.23305,-0.98581,1.6022,1.2178
-0.13632,-0.8975,1.508,-1.1008,0.099214,-1.1561,1.3905,0.90032
-0.60473,-0.97255,1.6121,-0.95881,0.16274,-0.82453,1.279,0.98811
-0.47766,-0.852,1.8478,-0.89668,0.33324,-1.2354,1.8544,0.88908
-0.48655,-1.3183,2.0839,-0.5187,0.66407,-0.93517,1.6761,1.0757
-0.83544,-0.8408,1.8472,-0.93963,0.61314,-1.0593,1.4451,0.82533
-0.56831,-1.0862,1.8634,-0.55456,0.19112,-1.0441,1.4357,0.85579
-0.49377,-0.88122,1.4609,-0.60152,0.39312,-1.2897,1.3153,0.7834
-0.21377,-1.1142,1.8348,-0.3622,0.37958,-1.0093,1.7873,0.96159
-0.53144,-1.0925,1.496,-1.0326,0.57329,-1.0606,1.3035,0.85495
-0.5295,-1.1056,1.5917,-1.2169,0.4653,-0.98888,1.6886,0.69894
-0.61948,-1.0254,1.597,-0.76756,0.43418,-0.76764,1.2894,1.2099
-0.57944,-1.0637,1.5738,-0.95637,0.53553,-1.0632,1.3587,0.69655
-0.02143,-0.95181,1.7241,-0.73814,0.39359,-0.92447,1.7853,0.79528
-0.34825,-1.2991,1.6371,-0.54992,0.3561,-1.3648,1.7105,1.0055
-0.50211,-0.90927,1.4427,-0.74291,0.61679,-1.1951,1.6684,1.0578
-0.32379,-1.2798,1.7375,-0.73747,0.47952,-0.75247,1.367,0.93511
-0.58563,-1.2811,1.631,-0.64139,0.25179,-1.0958,1.8344,0.67988
-0.17372,-0.98547,1.7575,-0.98554,0.10288,-0.97996,1.3705,0.61346
-0.28361,-1.3463,1.8138,-0.7898,0.45924,-1.0042,1.5201,0.78442
-0.77821,-1.1349,1.8612,-1.0396,0.18008,-1.0668,1.5808,0.86701
-0.8828,-1.2274,1.5954,-1.2232,0.84654,-1.1948,1.3368,1.0348
-0.51944,-1.3701,1.4353,-0.70611,0.37572,-1.1629,1.4203,0.3786
-0.95364,-1.134,1.8174,-1.1034,0.27519,-1.3783,1.2112,0.89167
-0.47021,-1.2035,1.591,-0.91928,0.72516,-1.2334,1.263,0.69118
-0.57854,-1.1528,2.0219,-0.7857,0.31361,-1.3797,1.622,0.93067
-0.61421,-1.0412,1.9313,-0.77546,0.39215,-0.96315,1.6439,0.92385
-0.70769,-0.71285,2.072,-0.45289,-0.055987,-1.287,1.4172,0.74862
-0.47473,-1.2192,1.8199,-0.86367,0.30667,-1.278,1.6091,0.86791
-0.42577,-1.2715,1.6993,-0.9523,0.34154,-0.79975,1.9236,0.60338
-0.7217,-1.2172,1.8164,-0.70205,0.29685,-1.0887,1.3227,0.29631
-0.34471,-0.99584,1.5303,-0.8112,0.59479,-1.1984,1.086,0.7303
-0.61104,-1.2533,1.6715,-0.75036,0.45509,-1.2399,1.2679,0.6935
-0.67511,-0.99358,1.6112,-0.96932,0.60087,-1.1886,1.6428,0.58719
-0.76715,-0.88712,2.1487,-0.98585,0.5461,-1.0135,1.5919,0.6993
-0.69836,-0.92023,1.6937,-0.59912,0.51677,-1.0837,1.4291,0.62492
-0.35233,-1.2031,1.5517,-0.66142,0.29068,-1.2611,1.1654,0.93823
-0.51915,-1.0356,1.8665,-0.70487,0.43016,-1.0976,1.6805,0.71709
-0.55381,-1.0257,1.4207,-0.13377,0.22835,-1.2556,1.5073,0.85549
-0.53749,-0.92222,1.4671,-0.82222,0.3466,-1.5872,1.3278,0.87832
-0.19355,-1.4235,1.71,-0.91653,0.39455,-0.87586,1.4629,0.63252
-0.85463,-1.1311,1.597,-0.90604,0.59317,-1.3592,1.0906,0.68893
-0.6321,-1.2075,2.0871,-0.73975,0.70781,-1.2303,1.718,0.45707
-0.53633,-1.2174,1.6659,-0.81325,0.55637,-1.1537,1.3881,0.8009
-0.62346,-1.1913,1.6045,-0.66395,0.87059,-1.1176,1.4622,1.0868
-0.53585,-1.1636,1.7536,-0.85441,0.40331,-1.6874,1.4461,0.54748
-0.42925,-1.1042,1.6301,-0.85338,0.61253,-1.8021,1.175,0.68251
-0.69798,-1.0335,1.6601,-0.95853,0.42781,-1.4021,1.7955,0.44643
-0.41856,-1.5388,1.533,-0.66258,0.53155,-0.91759,1.1047,0.99956
-1.1849,-1.2838,1.3515,-0.69722,0.59506,-1.4019,1.7393,0.83497
-0.80744,-1.3991,1.8341,-0.22616,0.42414,-1.3763,1.2817,0.9085
-0.81527,-1.0428,1.5761,-0.5424,0.23302,-1.4616,1.4113,0.87973
-0.75964,-0.95763,1.6003,-1.0586,0.70691,-1.2869,1.5022,0.77994
-0.44052,-0.91093,1.5409,-0.56436,0.8787,-1.3923,1.6024,0.81889
-0.67035,-1.2752,1.5173,-0.80168,0.97882,-1.5188,1.5168,0.71151
-0.62693,-0.80068,1.6513,-0.67753,0.44109,-1.4987,1.6253,0.89941
-0.67543,-1.4116,1.4595,-0.89758,0.66675,-1.2081,1.4892,0.48262
-0.61245,-1.0412,1.6517,-0.57902,0.13753,-1.3675,0.88134,0.50982
-0.90252,-1.2301,1.7316,-0.70744,0.6413,-1.2354,1.3823,0.74889
-0.79572,-1.2857,1.8989,-1.0259,0.46217,-1.1542,1.4909,1.119
-0.53555,-1.1001,1.9253,-0.82308,0.23453,-1.3676,1.6797,0.70518
-0.71447,-1.1687,1.8725,-0.6383,0.73058,-1.2556,1.2496,0.84307
-0.71401,-1.4195,1.7514,-0.46166,0.57163,-1.555,1.3804,0.76154
-0.64667,-0.83067,1.574,-0.75244,0.87918,-1.3688,1.3478,0.82675
-0.79444,-1.3943,1.5909,-0.83162,0.49298,-1.2102,1.7466,0.96644
-0.85895,-1.2111,1.6197,-0.89278,0.53981,-1.5063,1.6011,0.023818
-0.41685,-1.2256,1.6425,-0.68419,0.48668,-1.5333,1.6051,0.67509
-0.5871,-1.1578,1.6008,-0.97431,0.47023,-1.5277,1.6002,0.30487
-0.95776,-1.4176,1.7178,-0.9498,0.74225,-1.2498,1.4895,0.59297
-0.70023,-1.3529,1.5247,-0.72058,0.85731,-1.4184,1.3867,0.39156
-0.53365,-1.3342,1.669,-0.8504,0.68238,-1.3259,1.7139,0.48109
-0.55103,-1.2776,1.7485,-0.62941,0.32871,-1.1634,1.4664,0.66846
-0.54346,-1.3996,1.679,-1.0269,0.33592,-1.4705,1.2764,0.72805
-1.0281,-1.1267,1.8037,-0.61451,0.74273,-1.3321,1.4915,0.63935
-0.61957,-1.3809,1.5724,-0.66488,0.60358,-1.0826,1.7275,0.77374
-0.31415,-1.2056,1.5106,-0.6851,0.45724,-1.3026,1.3685,0.54624
-0.93136,-1.3626,1.2787,-0.45201,0.7536,-1.1385,1.3998,0.62023
-0.58166,-1.4565,1.7281,-0.6306,0.98374,-1.2756,1.5404,0.34171
-0.60306,-1.6107,1.5298,-0.83522,0.56479,-1.0754,1.572,0.49961
-0.71392,-1.3824,1.694,-1.0072,0.14313,-1.2859,1.3768,0.72794
-0.79384,-1.1917,1.7109,-0.74096,0.93782,-1.3372,1.3171,0.6852
-0.79625,-1.0532,1.5256,-0.5245,0.51979,-1.4728,1.5392,0.64625
-0.64066,-1.3974,1.4682,-0.84761,0.59653,-1.1652,1.1733,0.60371
-0.6726,-1.4252,1.6421,-0.90084,0.68373,-1.6204,1.4595,0.26407
-0.88984,-1.4332,1.6874,-0.36668,0.57981,-1.3148,1.1215,0.57686
-0.84067,-1.2886,1.8642,-0.71025,0.56789,-1.2503,1.5899,0.74302
-1.0071,-1.2821,1.3376,-0.74254,0.74344,-1.1415,1.4821,0.52658
-0.73905,-0.81516,1.3946,-0.48944,0.61049,-1.6619,1.6448,0.6734
-0.98457,-1.4162,1.5008,-0.63155,0.51967,-1.3438,1.16,0.59897
-0.89562,-1.3536,1.4513,-0.59429,0.70815,-1.4945,1.1702,0.59142
-0.88744,-1.3122,1.4501,-0.72567,0.64936,-1.7888,1.2233,0.66307
-0.51245,-1.3761,1.5914,-0.47422,0.76514,-1.4501,1.578,0.56858
-0.80529,-1.519,1.2471,-1.0713,0.84817,-1.4552,1.2815,0.51297
-0.72455,-1.4757,1.1769,-0.84651,0.67811,-1.3518,1.3126,0.60978
-0.3682,-1.4017,1.2042,-0.628,0.71636,-1.4288,1.3942,0.60588
-0.7547,-1.4368,1.6676,-0.75904,0.5238,-1.5687,1.103,0.60416
-0.61488,-1.4918,1.5461,-0.55569,0.76612,-1.5231,1.7771,0.74501
-0.69281,-1.1837,1.4669,-0.85263,0.72255,-1.6158,1.5748,0.45911
-1.1453,-1.4656,1.3681,-0.68585,0.7616,-1.4414,1.3074,0.3824
-0.48291,-1.3376,1.3208,-0.52761,0.53353,-1.2886,1.0729,0.32145
-0.83753,-1.2837,1.3815,-0.33669,0.70209,-1.4767,1.3617,0.65546
-0.76846,-1.321,1.4201,-0.62288,1.1011,-1.4814,1.4962,0.74154
-0.73861,-1.1577,1.5998,-0.43288,0.69017,-1.4835,0.97288,0.77144
-0.662,-1.4824,1.1907,-0.60935,0.6132,-1.203,1.6313,0.24975
-0.84269,-1.2098,1.4941,-1.1995,0.94309,-1.1643,1.5148,0.58827
-1.0168,-1.2789,1.7062,-0.72278,0.64514,-1.0578,1.4396,0.64586
-0.92759,-1.4677,1.2949,-0.90791,0.70235,-1.4656,0.78963,0.16787
-0.85392,-1.1647,1.3031,-0.88655,1.3176,-1.3992,1.2968,0.38505
-0.45255,-1.1802,1.2762,-0.66041,0.89982,-1.505,1.3177,0.60981
-0.24157,-1.423,1.1995,-0.26471,0.68587,-1.427,1.4004,0.44913
-0.72848,-1.2118,1.4249,-0.42368,0.95427,-1.5157,1.4358,0.6537
-0.73511,-1.3645,1.3916,-0.43474,0.835,-1.4814,1.2408,0.43869
-1.1005,-1.4392,1.4362,-0.96073,0.78634,-1.2962,1.2765,0.85856
-0.96453,-1.3861,1.154,-0.4426,0.89356,-1.3488,1.2096,0.41002
-0.56062,-1.6075,1.5534,-0.92073,0.88052,-1.5571,1.2437,0.048318
-0.71874,-1.5308,1.1496,-0.64458,0.74415,-1.3748,1.3181,0.37339
-0.611,-1.3949,1.3697,-0.56177,1.1563,-1.509,1.2527,0.39613
-0.91034,-1.4628,1.5105,-0.53833,0.71546,-1.04,1.43,0.85351
-1.4357,-1.6124,1.4312,-0.5992,0.70774,-1.4791,1.2725,0.37369
-1.1603,-1.4952,1.0624,-0.69996,0.88893,-1.2692,1.1171,0.60355
-0.45701,-1.5064,1.3065,-0.47472,1.1684,-1.4477,1.434,-0.083627
-0.93694,-1.5825,1.4645,-0.35374,0.71035,-1.5067,1.1623,0.39113
-0.3706,-1.3696,1.3222,-0.75257,1.0357,-1.3539,1.2362,0.35996
-0.96043,-1.2491,1.5907,-0.97917,0.74901,-1.4683,1.5261,0.28044
-0.87424,-1.3779,1.0099,-0.81508,0.87807,-1.6442,1.2812,0.35184
-0.74577,-1.7363,1.4497,-0.63613,0.72809,-1.6841,1.5153,0.02988
-0.90539,-1.6631,1.4153,-0.58933,1.1505,-1.5783,0.85989,0.39999
-0.44825,-1.5951,1.3833,-0.87013,0.69032,-1.4339,0.92652,0.55368
-0.96247,-1.6227,1.2594,-0.69126,0.97853,-1.2133,0.7222,0.24215
-0.47271,-1.6869,1.2753,-0.47375,0.85062,-1.3851,1.7106,0.26641
-0.78386,-1.5265,1.5509,-0.3694,1.0364,-1.703,1.4848,0.25427
-0.94136,-1.482,1.1842,-0.5645,0.89369,-1.4897,1.2767,0.39403
-0.97921,-1.3708,1.1238,-0.61379,0.99954,-1.4955,1.0601,0.49455
-0.9518,-1.5688,1.0953,-0.49753,0.88386,-1.3207,1.261,0.23227
-0.96134,-1.49,1.2514,-0.5809,1.2048,-1.2919,1.2128,0.30611
-0.34353,-1.7772,1.215,-0.3555,1.4493,-1.8506,0.89442,0.19378
-0.89412,-1.7019,1.3459,-0.34687,0.8027,-1.3094,1.3843,0.19168
-0.7291,-1.9355,1.1535,-0.46712,0.88877,-1.3855,1.3682,0.28946
-0.57769,-1.678,0.81993,-0.66746,0.6851,-1.501,1.1973,0.50846
-0.81669,-1.4984,1.215,-0.50935,0.90678,-1.4505,1.1377,0.30922
-1.0645,-1.3543,1.1517,-0.50527,0.87289,-1.0666,1.376,0.1354
-0.70673,-1.5011,1.1608,-0.51372,0.89929,-1.3184,1.2147,0.30228
-0.64808,-1.4079,1.3957,-0.71918,1.0913,-1.3173,1.4341,0.36254
-0.64785,-1.7554,1.291,-1.0323,0.95132,-1.3465,0.97646,0.28889
-0.64298,-2.0437,1.04,-0.70071,1.238,-1.4408,1.1409,0.17631
-0.57457,-1.6429,1.1028,-0.71926,0.7723,-1.3993,1.1485,0.45346
-0.66282,-1.8005,0.99963,-0.77805,0.8374,-1.5461,1.3622,0.66045
-0.8528,-1.6253,1.0835,-0.77997,1.1059,-1.1274,1.2286,0.29568
-0.54128,-1.7648,1.2451,-0.65729,0.97342,-1.2612,1.0631,0.34556
-0.68296,-1.6525,1.2186,-0.43955,1.1327,-1.4044,1.4676,0.14889
-0.7888,-1.7155,1.109,-0.66172,1.2109,-1.441,1.3641,0.17413
-0.92644,-1.2097,1.0297,-0.81508,1.1002,-1.4405,1.1004,0.40197
-0.75415,-1.6186,1.3412,-0.66054,1.0124,-1.3489,1.1521,0.44278
-0.81702,-1.3934,1.3941,-0.78544,0.96755,-1.26,0.92732,-0.0033386
-0.33441,-1.3892,1.1712,-0.40644,0.95263,-1.2373,0.99137,0.67723
-0.90828,-1.8877,1.0697,-0.82525,1.1553,-1.2732,1.027,0.035042
