1.3011,-0.48471,-2.0065,0.32149,-0.57923,-1.1486,-0.26468,-1.797
1.364,-0.49082,-1.9102,0.40988,-0.56913,-0.80505,-0.22219,-2.0356
1.0189,-0.67656,-1.675,0.57243,-0.22498,-1.1531,-0.15929,-1.8434
1.2454,-0.49688,-2.0057,0.53849,-0.38671,-0.9061,-0.13838,-1.6026
0.87814,-0.54893,-1.6771,0.8276,-0.18881,-1.0063,-0.52629,-1.8847
1.102,-0.88166,-1.6484,0.57616,-0.58644,-1.0031,-0.57017,-1.6431
1.1944,-0.5572,-1.4942,0.36942,-0.4022,-1.0068,-0.43519,-1.6623
1.5098,-0.44356,-1.7802,0.80106,-0.28711,-1.1291,-0.32057,-2.1056
1.3419,-0.36717,-2.0469,0.65582,-0.29757,-0.75281,-0.21904,-1.4312
1.079,-0.47141,-1.8395,0.29625,-0.4973,-0.85566,-0.18543,-2.1909
1.1423,-0.83387,-1.8178,0.78429,-0.4989,-0.81964,-0.48086,-1.407
0.9906,-0.30774,-1.7838,0.70506,-0.56778,-1.1548,-0.044516,-1.6964
0.91747,-0.37884,-1.6005,0.61339,-0.5419,-0.88875,-0.35411,-1.6241
1.1594,-0.55171,-1.7744,0.66307,-0.37471,-0.94252,-0.27079,-1.6214
0.94453,-0.35834,-1.7926,0.54359,-0.80274,-1.1349,-0.1047,-1.6794
1.195,-0.31946,-1.8644,0.76201,-0.30792,-0.88763,-0.3644,-1.8225
1.261,-0.70876,-1.6074,0.69357,-0.73382,-0.75148,-0.79043,-1.73
1.1879,-0.39985,-1.8086,0.41217,-0.7882,-0.82997,-0.23123,-2.1056
1.3105,-1.0256,-1.6634,0.88388,-0.60693,-1.4953,0.039729,-1.662
1.2118,-0.69682,-1.5385,0.63822,-0.34686,-0.91143,-0.23688,-1.4221
1.2057,-0.9989,-1.7747,0.69372,-0.25654,-0.88182,-0.14324,-1.7309
1.4686,-0.78646,-1.8539,0.7014,-0.66588,-0.81313,-0.47621,-1.4389
0.9395,-0.48776,-1.9783,0.63919,-0.52761,-1.1235,-0.39161,-2.0169
1.3193,-0.24282,-1.7852,0.45953,-0.58687,-0.91175,-0.45458,-1.7918
1.3197,-0.70466,-1.9278,0.89104,-0.41313,-0.8382,-0.51029,-1.5676
1.2092,-0.59295,-1.7662,0.45904,-0.36588,-1.2298,-0.12993,-1.6033
1.0603,-0.7215,-1.4184,0.64483,-0.34614,-0.98849,-0.54628,-1.5377
0.88972,-0.50735,-1.8294,0.60189,-0.54633,-0.92792,-0.60884,-1.4277
1.2412,-0.89537,-1.5813,0.81509,-0.15291,-1.0269,0.076493,-2.0422
1.2552,-0.36905,-2.1436,0.73495,-0.6344,-0.97887,-0.37936,-1.6418
1.3979,-0.59124,-2.0483,0.74294,-0.49172,-0.94708,-0.19793,-1.9259
1.1081,-0.5177,-1.7879,0.54984,-0.52986,-1.3148,-0.34472,-1.7819
0.79054,-0.47058,-1.7188,0.33546,-0.40514,-1.3455,-0.50836,-1.3622
1.2221,-0.40767,-1.8046,0.51028,-0.73744,-1.2622,-0.42901,-1.8739
1.0028,-0.47079,-1.5792,0.6521,-0.45008,-1.1968,-0.47168,-1.7921
1.1281,-0.41513,-1.7818,0.82098,-0.45743,-1.2105,-0.40976,-1.3596
1.2865,-0.45987,-1.8957,0.75812,-0.59061,-1.1638,-0.056395,-1.6849
1.4809,-0.57418,-1.9271,0.63163,-0.40811,-0.94675,-0.43887,-1.5089
1.3506,-0.52322,-1.6111,0.62991,-0.63614,-0.68425,-0.18822,-1.6318
1.4046,-0.65864,-1.5238,0.62556,-0.19294,-1.0595,-0.37309,-1.6901
1.1021,-0.11127,-1.8396,0.73947,-0.31988,-1.0531,-0.37204,-1.6609
1.2024,-0.6629,-1.5318,0.88219,-0.69634,-0.98239,-0.34238,-1.8632
1.2463,-0.76966,-1.8569,0.53323,-0.54352,-1.0778,-0.41553,-1.3282
1.4187,-0.45893,-1.8557,0.41232,-0.26001,-1.1411,-0.65063,-1.3972
1.4382,-0.45876,-1.5849,0.63833,-0.56291,-1.297,-0.41084,-1.4963
1.5466,-0.51232,-1.6776,0.64201,-0.47015,-0.98817,-0.32366,-1.9544
1.2252,-0.54493,-1.5509,0.60991,-0.63578,-0.99928,-0.37106,-1.5474
1.0021,-0.64298,-1.9922,0.49289,-0.53695,-0.83104,-0.25967,-1.761
1.0189,-0.22528,-1.8281,0.68189,-0.40016,-1.396,-0.52314,-1.863
1.1358,-0.35332,-1.7659,0.84682,-0.53794,-1.272,-0.36579,-1.875
1.2183,-0.34314,-2.0524,0.95911,-0.34,-0.90072,-0.5888,-1.8915
1.3976,-0.85414,-1.6112,0.8643,-0.44379,-1.3318,-0.19378,-1.5011
1.4093,-0.70325,-1.8587,0.40054,-0.28377,-1.0542,-0.41178,-1.548
1.0045,-0.23938,-1.8291,1.0687,-0.60445,-1.2417,-0.33782,-1.7199
1.2141,-0.53352,-1.3397,0.72754,-0.69838,-1.3145,-0.55035,-1.6383
1.1653,-0.37606,-1.6301,0.93956,-0.26995,-1.2411,-0.82867,-1.4717
1.1823,-0.25886,-1.7592,0.56087,-0.67927,-1.3361,-0.56631,-1.5036
1.2135,-0.37481,-1.8627,0.80384,-0.52936,-1.217,-0.61429,-1.3866
1.0927,-0.072954,-1.6191,0.61549,-0.48728,-1.0812,-0.3121,-1.9741
1.1584,-0.49574,-1.8261,0.49171,-0.6958,-1.0219,-0.73127,-1.6022
1.1554,-0.41504,-1.7651,0.54238,-0.44126,-1.1987,-0.55967,-1.3747
0.94171,-0.11936,-1.6452,0.625,-0.68644,-1.2925,-0.66888,-1.2625
1.3552,-0.4449,-1.7896,0.82177,-0.41656,-1.1374,-0.68419,-1.7386
1.1889,-0.43923,-1.5411,0.82872,-0.29774,-1.548,-0.66485,-1.6036
1.243,-0.45305,-1.7199,0.78404,-0.32886,-1.4311,-0.48783,-1.7515
1.3176,-0.13117,-1.826,0.83732,-0.57328,-1.5006,-0.59143,-1.6144
1.0904,-0.54043,-1.5081,0.62413,-0.71245,-0.79888,-0.88077,-1.6609
1.0244,-0.10903,-1.6262,0.97455,-0.5088,-1.5398,-0.34727,-1.7663
1.0844,-0.045457,-1.6205,0.59175,-0.51952,-1.1912,-0.2729,-1.7255
1.3253,-0.43277,-1.6162,0.59368,-0.48767,-1.0853,-0.43243,-1.7941
1.08,-0.41059,-1.5745,0.8091,-0.51109,-1.1762,-0.33769,-1.6563
1.2427,-0.25844,-1.9099,0.56336,-0.61119,-1.5047,-0.2723,-1.4006
1.1345,-0.46623,-1.8669,0.57891,-0.37856,-1.2287,-0.58161,-1.4645
1.3743,-0.24401,-1.6475,0.78903,-0.82172,-1.1803,-0.46092,-1.6022
1.0855,-0.36023,-1.7333,0.95449,-0.51348,-1.3382,-0.56228,-1.8827
1.1885,-0.54333,-1.533,0.57874,-0.37084,-0.70827,-0.39977,-1.725
1.236,-0.41639,-1.7336,0.99846,-0.78164,-1.203,-0.60069,-1.3053
1.5995,-0.50832,-1.7696,0.97905,-0.2432,-1.4217,-0.52418,-1.3768
1.1761,-0.39957,-1.4966,0.4495,-0.32561,-1.8076,-0.59843,-1.3656
0.99078,-0.19698,-1.7563,0.66376,-0.36638,-1.3572,-0.59527,-1.6872
1.1737,-0.33442,-1.8375,0.54502,-0.54945,-1.5871,-0.62827,-1.6702
0.94106,-0.20238,-1.6532,0.8578,-0.66703,-1.3305,-0.46912,-1.6888
1.0554,-0.3052,-1.5792,0.72506,-0.73145,-1.3593,-0.51559,-1.3381
1.2049,-0.38875,-1.6408,0.79714,-0.61366,-1.3823,-0.60978,-1.6671
1.2587,-0.43958,-1.584,0.65776,-0.63947,-1.3153,-0.4353,-1.5246
1.3562,-0.36302,-1.5551,0.73783,-0.71213,-1.2447,-0.68219,-1.4898
1.5119,-0.35285,-1.6867,0.88178,-0.71477,-1.332,-0.74828,-1.3868
1.3659,-0.20708,-1.5099,0.75102,-0.50463,-1.4973,-0.2697,-1.4655
1.1783,-0.17241,-1.6274,0.8797,-0.6084,-1.1761,-0.44914,-1.5301
1.1091,-0.10597,-1.4116,1.0303,-0.81702,-1.3471,-0.68137,-1.405
0.97297,-0.43261,-1.6634,0.69121,-0.37885,-1.3662,-0.44662,-1.4096
1.251,-0.37362,-1.3128,0.75655,-0.7433,-1.3999,-0.39883,-1.4154
0.82653,-0.29046,-1.4615,0.73093,-0.26404,-1.6196,-0.45051,-1.2112
1.0601,-0.13073,-1.718,1.0066,-0.07217,-1.1677,-0.8742,-1.3705
0.94595,-0.41755,-1.5726,1.0442,-0.53894,-1.2796,-0.52957,-1.3583
1.0068,-0.17782,-1.603,1.0102,-0.27553,-1.2807,-0.61622,-1.2935
1.3872,-0.40896,-1.7934,0.77009,-0.40933,-1.4427,-0.47181,-1.7648
0.77587,-0.28421,-1.2407,0.86585,-0.43972,-1.3438,-0.84357,-1.3953
1.4991,-0.30469,-1.4306,0.90832,-0.5692,-1.6731,-0.90382,-1.764
1.1159,-0.24547,-1.3765,0.56781,-0.65237,-1.6261,-0.71148,-1.4107
1.025,-0.12863,-1.4049,0.63819,-0.46842,-1.2925,-0.68983,-1.458
0.76505,-0.12806,-1.5752,1.0505,-0.12365,-1.5823,-0.51405,-1.7577
1.2095,-0.56912,-1.0842,0.77626,-0.20875,-1.4408,-0.71402,-1.4651
1.3729,-0.24031,-1.6255,0.82183,-0.33579,-1.5334,-0.27237,-1.255
0.98792,0.066513,-1.2963,1.0015,-0.57077,-1.7598,-0.6117,-1.3645
1.2335,0.097548,-1.5405,0.83891,-0.38363,-1.6678,-0.51041,-1.5439
1.2882,-0.069509,-1.5811,1.0521,-0.60948,-1.3292,-0.75902,-1.7357
1.0081,-0.54766,-1.3222,0.77775,-0.51679,-1.6078,-0.58432,-1.5178
1.2841,-0.15982,-1.3383,0.89358,-0.81972,-1.5931,-0.94959,-1.5472
0.97275,-0.31088,-1.5987,0.80368,-0.51516,-1.1914,-0.49835,-1.7456
1.0607,-0.33576,-1.5272,0.91738,-0.25616,-1.3482,-0.31008,-1.1149
0.89281,-0.029358,-1.7175,0.81112,-0.64077,-1.8771,-0.50595,-1.4271
0.89491,-0.23469,-1.4072,0.88045,-0.83329,-1.6168,-0.49239,-1.311
1.1351,-0.31648,-1.3141,0.78722,-0.60899,-1.2873,-0.55604,-1.2393
1.1563,-0.28152,-1.7077,0.80697,-0.64865,-1.7002,-0.49277,-1.3767
1.1543,-0.48067,-1.4337,0.84344,-0.64545,-1.5732,-0.67224,-1.3761
0.8615,-0.063039,-1.8837,0.66954,-0.71516,-1.4635,-0.45503,-1.6756
0.91924,-0.11539,-1.1855,0.9466,-0.57643,-1.5817,-0.59669,-1.5817
1.1273,0.031365,-1.7909,0.72652,-0.65082,-1.7178,-0.86097,-1.3921
1.3553,-0.23231,-1.4846,0.86593,-0.64866,-1.4481,-0.61764,-1.5836
1.2703,-0.31639,-1.5517,0.78791,-0.649,-1.4981,-0.55733,-1.3181
0.76939,0.037399,-1.6344,0.55967,-0.47602,-1.1693,-0.74077,-1.113
1.2393,-0.31643,-1.3914,0.82099,-0.87119,-1.6454,-0.67113,-1.3539
1.4033,0.21951,-1.4326,0.86032,-0.60213,-1.3106,-0.66234,-1.4615
1.064,-0.66394,-1.7072,0.63983,-0.25401,-1.4777,-0.38721,-1.1615
0.94497,-0.37447,-1.3455,1.1332,-0.43236,-1.7052,-0.5445,-1.1746
1.3426,-0.15062,-1.2303,0.82654,-0.25926,-1.399,-0.60508,-1.2981
1.2574,-0.22003,-1.4154,0.46584,-0.60994,-1.815,-0.78714,-1.6013
1.4437,0.0083708,-1.1417,1.0861,-0.42839,-1.7398,-0.74562,-1.1285
0.90509,-0.10904,-1.5533,0.67799,-0.23337,-1.4829,-0.79279,-1.4878
1.0334,-0.25273,-1.4597,1.0323,-0.83792,-1.6916,-0.36291,-1.4341
1.3796,0.33344,-1.2934,0.85579,-0.70616,-1.5492,-0.79818,-1.2109
1.1418,-0.063302,-1.2906,0.94283,-0.66996,-1.3846,-0.78141,-1.2109
1.0515,-0.19311,-1.576,1.0459,-0.48941,-1.5673,-0.47791,-1.2191
1.064,-0.13495,-1.3383,0.59442,-0.63487,-1.3226,-0.59341,-1.3395
0.85639,0.076165,-1.5635,0.8237,-0.55815,-1.9549,-1.0262,-1.3407
0.97307,-0.12109,-1.2764,0.83437,-0.3958,-1.6456,-1.1244,-1.3344
1.2757,0.077984,-1.3878,0.98489,-0.7004,-1.6104,-0.8743,-1.3885
1.2739,0.19687,-1.5507,0.94999,-0.68186,-1.4819,-0.67756,-1.63
1.0952,-0.24744,-1.3545,0.81106,-0.18223,-1.6358,-0.55512,-1.371
1.252,-0.12445,-1.6861,0.82658,-0.80407,-1.7724,-0.83895,-1.4764
0.81454,-0.2568,-1.2639,0.97769,-0.92609,-1.5309,-0.71657,-0.97427
0.91567,-0.21288,-0.97815,0.61483,-0.39925,-1.9646,-0.4487,-1.2825
1.0641,0.16925,-1.5288,0.78166,-0.45199,-1.4527,-0.73613,-1.1544
0.98956,-0.38658,-1.4139,1.2632,-0.078271,-1.6385,-0.8197,-1.444
1.0885,0.15039,-1.8249,1.223,-0.48893,-1.8487,-0.48338,-1.0495
0.88897,-0.17722,-1.3508,0.6472,-0.4411,-1.4504,-0.48309,-1.0254
1.1931,0.068852,-1.619,0.57098,-0.57957,-1.4926,-0.91629,-1.0028
0.97531,0.11,-1.46,1.109,-0.45913,-1.6096,-0.51812,-1.1694
1.0505,-0.022111,-1.7971,0.85264,-0.68726,-1.6406,-0.78093,-1.3218
1.1867,-0.27157,-1.2742,0.66622,-0.57289,-1.8351,-0.67225,-1.2793
1.3427,-0.31351,-1.2696,1.0277,-0.092435,-1.5428,-0.65788,-1.5627
1.2204,-0.38307,-1.2491,0.8523,-0.76426,-1.6902,-0.6615,-1.2342
1.0899,-0.12978,-1.5973,0.6787,-0.46028,-2.0712,-0.64662,-1.4277
1.1745,-0.16954,-1.4559,0.8299,-0.48858,-1.6285,-0.81987,-1.0517
1.3288,-0.20292,-1.3337,0.79145,-0.48711,-1.186,-0.74084,-1.0289
1.0426,0.017878,-1.5492,0.82805,-0.32122,-1.4005,-0.90087,-0.85698
0.91738,-0.079136,-1.1331,0.84755,-0.66669,-1.5054,-0.41327,-1.5031
0.70719,-0.0036877,-1.4201,0.80775,-0.81267,-1.6688,-0.73114,-1.2939
1.0467,0.0075104,-1.501,0.88718,-0.43806,-1.5729,-0.70162,-0.96032
1.203,-0.22542,-1.0724,0.93572,-0.54569,-1.6862,-0.88734,-1.2189
1.0755,0.0023798,-0.90184,0.83936,-0.45411,-1.5962,-0.65164,-1.3405
1.1512,-0.093666,-1.3618,0.93944,-0.55402,-1.6495,-0.69613,-1.2543
1.1391,-0.096065,-1.5853,0.96976,-1.0086,-1.5748,-0.45051,-1.0964
1.1553,-0.1687,-1.1521,0.91178,-0.41756,-1.8083,-0.63969,-1.3444
0.94093,0.020977,-1.3488,1.1137,-0.83848,-1.7372,-0.64605,-0.87925
1.1626,0.24373,-1.4498,0.98797,-0.46248,-1.2701,-0.79713,-0.90845
0.98022,-0.11001,-1.2736,0.98046,-0.45435,-1.6584,-0.83419,-1.2404
0.96835,-0.19506,-1.2534,0.95218,-0.64374,-1.9675,-0.56946,-1.2126
1.0117,0.015215,-1.3996,1.0084,-0.44755,-1.789,-0.80121,-1.1188
0.77302,-0.038607,-1.1961,0.62835,-0.5651,-1.7166,-0.60917,-0.89639
1.0796,0.30328,-1.1963,0.89553,-0.59276,-1.884,-0.71301,-1.2119
0.89044,-0.14469,-1.0297,1.1044,-0.35152,-1.66,-0.52695,-1.3167
1.0088,-0.092733,-1.2828,0.65224,-0.70555,-1.5343,-0.96436,-0.8873
0.70693,-0.092172,-1.1453,1.1029,-0.59256,-1.6923,-0.60512,-0.69865
1.1593,-0.11887,-1.2423,0.69019,-0.35336,-1.7722,-1.028,-1.0584
0.91541,0.45653,-1.2214,0.98184,-0.60929,-1.8343,-0.54103,-1.0717
0.98848,-0.012098,-1.2391,0.96826,-0.36029,-1.573,-0.85193,-1.0093
0.87914,0.30025,-1.3881,0.90084,-0.72597,-1.8262,-0.63292,-1.1867
1.4205,0.3795,-1.3367,0.88674,-0.75846,-1.8092,-0.68037,-0.9043
1.1465,0.24133,-0.80306,0.9068,-0.35946,-1.8828,-0.63431,-0.69985
1.1816,0.032134,-1.0952,0.82981,-0.72963,-1.5634,-0.79121,-1.1197
1.1854,0.26211,-1.2574,1.11,-0.52886,-1.6811,-0.83646,-1.2746
0.85611,0.0011577,-1.3259,0.83842,-0.49275,-1.7106,-0.8854,-1.0199
0.91644,-0.19094,-1.0975,1.243,-0.36161,-1.4606,-0.84689,-1.0303
1.1948,0.26094,-1.6241,0.75272,-0.69483,-1.637,-0.66926,-0.92774
0.89101,0.24366,-0.95701,1.0651,-0.47047,-1.6331,-0.70243,-0.84548
1.1657,-0.15175,-1.2549,0.95251,-0.64602,-1.5813,-0.45543,-0.98794
1.022,0.19232,-1.1518,0.6458,-1.0333,-1.3878,-0.5463,-0.87291
0.96565,0.046932,-1.1361,0.84496,-0.62226,-2.1314,-0.731,-1.1808
1.176,0.12751,-1.0616,1.2363,-0.60957,-1.8538,-0.7469,-0.86555
1.1108,0.15477,-1.0655,0.76489,-0.35311,-1.9725,-0.98226,-1.3509
1.3358,0.56908,-1.4206,0.79231,-0.48655,-1.8226,-0.70644,-0.96663
0.82485,0.059773,-0.97129,0.91745,-0.64609,-1.6971,-0.68721,-0.82953
0.64004,-0.11589,-1.7046,0.92268,-0.48718,-1.7193,-0.93983,-1.1529
1.0708,0.23732,-0.93051,0.96118,-0.39185,-1.5849,-0.47529,-0.74991
1.0164,0.056293,-1.1398,0.73493,-0.46022,-1.9492,-0.40764,-1.0761
1.0147,-0.054475,-1.0518,0.98563,-0.29027,-1.6848,-0.2748,-0.66343
0.96707,-0.0096863,-1.2838,0.9207,-0.45914,-1.6337,-0.54112,-0.89731
0.98091,-0.016242,-1.2512,0.90379,-0.6525,-1.5467,-0.95883,-1.0332
1.2152,0.41521,-1.118,1.0444,-0.53637,-1.9759,-0.90111,-0.84805
0.8729,-0.14188,-1.0696,0.89122,-0.17032,-1.981,-0.9631,-1.3299
1.0265,0.018815,-1.0926,0.93315,-0.15165,-1.8157,-0.85528,-0.92566
1.1927,-0.10268,-1.0832,0.80434,-0.60777,-1.6033,-0.53158,-0.94929
1.3059,0.28333,-1.0286,0.99888,-0.64814,-1.4892,-0.81614,-1.0549
1.1001,-0.0046177,-1.2683,0.8711,-0.61957,-1.6042,-0.90609,-1.0428
1.1194,0.064274,-0.96743,0.83089,-0.34965,-1.5483,-0.38382,-0.93891
0.77433,0.064399,-1.3737,1.0205,-0.71211,-2.0435,-0.71327,-0.90255
0.99876,0.1251,-1.467,1.0527,-0.43585,-1.623,-0.85965,-1.0427
0.86156,0.025979,-1.0489,0.9644,-0.74422,-1.8295,-0.67743,-0.7801
0.95413,0.061482,-1.3586,0.76276,-0.46906,-1.6168,-0.89804,-0.75925
0.96062,-0.071519,-1.1844,0.46339,-0.50357,-1.7167,-0.66449,-0.58669
1.1029,0.51051,-1.0272,1.0689,-0.7517,-1.7904,-0.6801,-0.78138
0.96882,0.13152,-1.2346,1.2581,-0.30438,-1.7087,-1.0289,-1.1611
1.2498,0.091494,-1.3638,0.8889,-0.46988,-1.9482,-0.50047,-0.74714
0.51287,0.00088456,-1.3339,0.85446,-0.64221,-1.7265,-0.60346,-0.82068
0.93951,0.18906,-0.92748,1.0325,-0.65861,-1.9339,-0.46088,-0.59419
0.94779,0.27763,-1.2473,1.0543,-0.52846,-1.9843,-0.68508,-0.94284
0.79639,0.11949,-0.97517,0.8556,-0.23042,-1.9275,-0.38165,-1.0891
0.94758,0.16036,-1.014,0.67342,-0.54318,-1.7302,-0.53018,-0.83051
0.79639,0.028937,-1.0302,0.65476,-0.34832,-1.9316,-0.57645,-0.62121
0.90352,0.19427,-1.1212,1.0538,-0.67054,-1.6432,-0.7413,-0.76494
1.0209,0.1466,-1.2032,1.0939,-0.39335,-1.4785,-0.82375,-0.97796
0.87382,0.21286,-0.92125,0.87473,-0.86683,-1.5585,-0.54576,-0.74279
1.0732,0.16309,-0.733,0.67415,-0.49192,-1.937,-0.62094,-0.67185
0.8449,0.54978,-0.9195,1.0556,-0.15077,-1.6084,-0.60754,-0.61291
1.0113,0.011288,-1.0648,0.96487,-0.60697,-1.6813,-0.66394,-1.0365
1.1559,0.17109,-0.80747,0.63354,-0.9919,-1.9068,-0.65306,-0.70324
0.73124,-0.18747,-1.0888,1.0686,-0.67008,-1.9679,-0.45272,-0.90922
0.91489,0.39889,-1.1376,0.91505,-0.68446,-1.565,-0.75605,-0.75934
0.96977,-0.13174,-1.012,1.129,-0.3763,-1.6931,-0.6856,-0.67701
0.9499,0.33946,-1.2435,0.8087,-0.40189,-2.0355,-0.48048,-0.77844
1.0088,-0.043668,-1.1497,0.71718,-0.33305,-1.8772,-0.69053,-1.1648
1.1132,0.13455,-1.0798,0.728,-0.54091,-1.5588,-0.66601,-0.93946
1.1638,0.2825,-1.1098,1.0061,-0.49877,-1.7174,-0.59917,-0.94534
1.1799,0.216,-1.1132,0.72374,-0.48591,-1.8836,-0.58871,-0.72656
0.8116,0.12042,-0.8368,0.55589,-0.4622,-1.8187,-0.44723,-0.74381
0.88467,0.21821,-1.0449,0.90611,-0.51984,-1.8809,-0.28899,-0.86615
1.1347,0.31416,-0.9039,0.71397,-0.41119,-1.6528,-0.6425,-0.72557
1.1427,0.52443,-1.264,1.1683,-0.67956,-1.7795,-0.52334,-0.54143
1.113,0.30123,-0.92165,0.97063,-0.55934,-1.7208,-0.47445,-0.68356
0.91785,0.21495,-1.1078,0.90189,-0.37613,-1.5467,-0.39426,-0.65492
0.74766,0.22097,-0.99412,0.77001,-0.47795,-1.7607,-0.42746,-0.96054
1.0313,0.067077,-0.94417,0.86811,-0.78019,-1.7244,-0.65956,-0.72108
1.1392,0.35128,-1.1186,0.88126,-0.55121,-1.771,-0.70687,-0.79556
1.0963,-0.071493,-1.0823,0.98957,-0.62946,-1.5995,-0.47118,-0.72075
0.77237,0.069288,-0.71764,0.80668,-0.5081,-1.6932,-0.64435,-0.66161
0.86161,0.22063,-0.86334,0.75617,-0.78294,-1.5741,-0.73719,-0.67479
1.0792,0.19665,-0.89268,0.97662,-0.47292,-1.536,-0.62856,-0.63347
0.84613,0.29048,-0.96369,0.77353,-0.80079,-1.6604,-0.28843,-0.693
0.84466,0.38584,-1.1479,0.71177,-0.46309,-1.7068,-0.52195,-0.73443
0.78443,0.064338,-0.96881,0.79704,-0.4383,-1.9117,-0.46393,-0.80712
0.78114,0.21149,-1.4046,0.79259,-0.30608,-1.7815,-0.53794,-0.73567
0.90957,0.31764,-0.88401,0.60865,-0.60508,-1.8103,-0.48945,-0.47281
0.89835,0.43538,-1.2938,0.89124,-0.63502,-1.9405,-0.2189,-0.46739
0.82064,0.53044,-1.0959,0.74559,-0.47976,-1.7563,-0.38646,-0.76812
1.2349,0.15025,-0.89519,1.1344,-0.40204,-2.0853,-0.68632,-1.089
0.75605,0.23248,-1.2417,1.1341,-0.44826,-1.9388,-0.60552,-0.8615
0.88814,0.22306,-0.79955,1.0357,-0.21062,-1.6107,-0.6138,-0.81228
0.95336,0.1569,-1.041,1.0417,-0.40578,-1.6457,-0.85307,-0.68743
0.85794,-0.030651,-0.87665,0.88603,-0.63382,-1.9446,-0.35383,-0.84547
0.78592,0.30361,-0.83438,0.88016,-0.16693,-1.8826,-0.69589,-0.98305
0.84073,0.085305,-0.70586,1.0308,-0.6703,-1.9195,-0.37758,-0.83892
1.0529,0.12666,-0.77744,0.77086,-0.35748,-1.6282,-0.51937,-0.81897
0.93111,0.24885,-0.98803,0.96369,-0.237,-1.6751,-0.43111,-0.31463
1.1804,0.15254,-1.1546,1.1275,-0.78571,-2.1074,-0.75765,-0.81267
1.031,0.32101,-0.84032,0.92217,-0.38171,-1.896,-0.50118,-0.51028
1.1585,0.18004,-0.83638,0.97139,-0.52286,-1.8176,-0.41038,-0.70504
0.84014,0.12516,-1.0693,0.57112,-0.56303,-1.5471,-0.56484,-0.66274
0.88892,0.095009,-0.84517,0.87787,-0.59411,-1.6478,-0.66874,-0.99775
0.80586,-0.034036,-1.0125,0.68927,-0.55373,-1.744,-0.72702,-0.86443
0.99268,-0.1402,-1.2,0.889,-0.2492,-1.6964,-0.55054,-0.64875
0.88919,0.28071,-0.73476,0.96062,-0.3952,-1.7919,-0.64379,-0.78117
0.99631,0.1318,-0.93251,1.0254,-0.34241,-1.6656,-0.4966,-0.8163
0.97044,0.11789,-1.0839,0.86004,-0.53066,-1.5078,-0.50823,-0.55524
1.1895,-0.11698,-0.85385,0.74042,-0.014678,-1.5197,-0.52568,-0.52706
0.9427,0.35835,-1.1736,0.7766,-0.25895,-1.9453,-0.66628,-0.69092
0.80944,-0.13624,-0.86459,0.81763,-0.37748,-1.766,-0.66047,-0.59124
0.85954,0.18786,-0.92751,1.1059,-0.39274,-1.7938,-0.6406,-0.66214
0.79516,-0.13499,-1.0351,0.88231,-0.901,-1.5618,-0.22615,-0.72074
1.0343,0.16784,-1.2362,0.80549,-0.28389,-1.7062,-0.32477,-0.99749
0.90533,0.19272,-0.91167,0.936,-0.2301,-1.639,-0.20133,-0.51146
1.2,0.35567,-0.54244,0.81862,-0.7337,-1.5322,-0.4651,-0.64822
1.1362,0.27048,-1.0459,1.0467,-0.11139,-1.8575,-0.46833,-0.85491
0.89549,0.19685,-0.82772,0.90015,-0.58583,-1.5228,-0.54829,-0.73634
1.1627,0.32443,-0.84267,0.95248,-0.41864,-1.8603,-0.66596,-0.49363
1.0266,0.15794,-0.88006,0.72801,-0.78681,-2.0803,-0.37954,-0.55753
0.63108,0.43283,-1.0011,0.80907,-0.46899,-1.904,-0.64894,-0.73464
1.002,0.23031,-1.1186,1.0563,-0.47282,-1.8521,-0.39946,-0.85937
0.90709,0.32849,-0.79476,0.85182,-0.4732,-1.6547,-0.60477,-0.87167
0.75529,0.16163,-1.1998,1.0293,-0.58122,-1.7294,-0.42787,-0.45318
1.2464,0.088767,-0.85233,1.0156,-0.61471,-1.6358,-0.59659,-0.70993
0.88345,0.3943,-0.93858,0.70856,-0.51671,-1.5554,-0.46219,-0.45874
0.83198,0.32287,-0.88992,1.2127,-0.2623,-1.9568,-0.34905,-0.70527
0.98323,0.23172,-1.2293,0.89426,-0.42581,-1.6315,-0.38342,-0.57281
1.0712,0.39045,-1.2641,0.93566,-0.17485,-1.5835,-0.43698,-0.8665
0.92908,0.097853,-0.57685,0.65732,-0.49081,-1.672,-0.57082,-0.57304
0.98444,0.28721,-0.95183,0.5385,-0.36397,-1.7132,-0.36713,-0.76455
0.90407,0.066421,-1.2064,0.70623,-0.3436,-1.4443,-0.26946,-0.36321
0.88108,0.51869,-0.96393,0.87808,-0.41146,-1.7152,-0.10162,-1.0505
0.72316,0.48084,-0.77961,0.82919,-0.47672,-1.7949,-0.50903,-0.87143
0.99156,0.32009,-0.96431,1.0418,-0.32475,-1.5416,-0.6213,-0.7012
0.93832,0.14455,-0.98776,0.78982,-0.55582,-1.6342,-0.53591,-0.33849
1.227,0.2409,-1.0547,0.55847,-0.51875,-1.7888,-0.51055,-0.63975
1.1263,0.42087,-0.7841,0.89071,-0.30051,-1.5809,-0.39308,-0.52574
0.79568,-0.21918,-0.71337,0.95169,-0.30781,-1.7045,-0.40003,-0.56823
0.73078,0.10554,-0.92057,0.7696,-0.33857,-1.4696,-0.62361,-0.72847
0.95675,0.14093,-0.97634,0.83045,-0.39456,-1.8681,-0.54888,-0.14816
0.97221,0.13615,-0.8881,0.93325,-0.52854,-1.5297,-0.11682,-0.62126
0.7964,0.35692,-0.90206,0.90756,-0.23042,-1.8134,-0.15741,-0.75163
1.1022,0.13382,-1.1837,0.92392,-0.29984,-1.2298,-0.58863,-0.5935
0.99701,0.20359,-0.9253,1.0408,-0.10519,-1.1367,-0.20914,-0.48604
0.86135,0.019112,-0.75566,0.59681,-0.2583,-1.8874,-0.33702,-0.89342
0.7563,0.37472,-0.81928,1.1435,-0.26154,-1.7331,-0.57433,-0.32938
0.73969,0.083812,-1.0767,0.83845,-0.19439,-1.6087,-0.21076,-0.69833
1.1232,0.12847,-1.0636,1.0952,-0.51456,-1.7003,-0.6225,-0.24221
0.85774,0.31209,-1.1558,0.6353,-0.51289,-1.513,-0.20133,-0.62105
1.0863,-0.14373,-0.97214,1.1843,-0.18965,-1.6256,-0.30472,-0.90981
0.91097,-0.0095091,-0.79064,0.64529,-0.6987,-1.6863,-0.11468,-0.55441
0.91184,0.066383,-0.86889,0.90668,-0.53418,-1.4596,-0.48984,-0.78271
1.1734,-0.13997,-1.0129,0.90688,-0.19669,-1.4781,-0.37221,-0.6505
0.87574,0.44728,-0.88686,0.66918,-0.38301,-1.8708,-0.48038,-0.76746
0.85764,0.10497,-1.0131,1.289,-0.42931,-1.5018,-0.56957,-0.73041
0.85232,0.023088,-1.1082,0.99054,-0.41412,-1.7915,-0.35849,-0.57395
0.86116,-0.14635,-0.63711,1.2041,-0.66034,-1.5398,-0.40755,-0.96669
1.0001,0.16024,-1.1185,0.92374,-0.49982,-1.7201,-0.55788,-0.65514
0.83407,0.35759,-1.1688,0.58586,-0.43907,-1.729,-0.35258,-0.69277
1.2857,0.29481,-1.0828,0.99092,-0.41696,-1.893,-0.39349,-0.82699
0.92587,0.12172,-1.031,1.0577,-0.51081,-1.8052,-0.23803,-0.46065
0.52366,0.45295,-1.0297,0.96161,-0.32601,-1.5509,-0.502,-0.76716
0.80508,0.024156,-0.81878,0.95654,-0.32498,-1.2066,-0.43979,-0.56966
0.58927,-0.26162,-0.95421,0.49894,-0.4006,-1.4484,-0.25653,-0.61323
1.1533,-0.28603,-0.6112,0.88847,-0.34804,-1.6133,-0.43743,-0.76105
1.0483,-0.12432,-1.0588,0.85398,-0.5472,-1.4991,-0.38399,-0.7224
0.87647,-0.16412,-0.96619,0.76399,-0.38098,-1.6671,-0.25692,-0.6252
1.0358,0.03876,-1.1406,0.78901,-0.50996,-1.3579,-0.23483,-0.62736
1.0945,0.079067,-0.69331,0.69257,-0.36858,-1.668,-0.47094,-0.54118
0.61772,-0.04104,-0.96781,0.9942,-0.58045,-1.3793,-0.40515,-0.76585
0.78028,-0.015522,-0.84155,0.47447,-0.4971,-1.7589,-0.77881,-0.59692
0.75579,0.020973,-0.80707,0.76826,-0.70875,-1.6191,-0.32936,-0.62939
0.56793,-0.038934,-0.95608,0.90523,-0.31545,-1.4789,-0.088376,-0.69738
0.86417,0.50568,-1.1142,0.54453,-0.50484,-1.6001,-0.27283,-0.32152
0.95232,0.14227,-1.151,0.76216,-0.44716,-1.7762,-0.04508,-0.69814
0.96405,0.3978,-0.74164,0.89549,-0.36084,-1.1932,-0.24751,-0.78053
0.94471,0.31673,-0.82931,0.83316,-0.27137,-1.6764,-0.33793,-0.73276
0.87757,0.035033,-0.68015,0.92769,-0.049732,-1.6359,-0.41476,-0.55123
0.74728,-0.043276,-0.60559,0.74207,-0.41082,-1.2443,-0.4275,-0.65728
1.01,0.11088,-1.4216,0.66204,-0.34346,-1.524,-0.46359,-0.69876
0.97161,0.18949,-0.91307,0.71438,-0.45986,-1.5216,-0.097711,-0.69366
0.86969,0.10669,-1.1738,0.73979,-0.44383,-1.5894,-0.26504,-0.72181
0.78462,0.08809,-0.66776,0.9961,-0.29015,-1.9059,-0.28041,-0.53762
0.91879,0.34146,-1.2872,0.9947,-0.30357,-1.6644,-0.25064,-0.94129
0.90338,0.20622,-1.2055,0.49182,-0.23311,-1.3457,-0.058445,-0.56997
0.6373,-0.16316,-0.85054,0.82169,-0.78078,-1.5198,-0.34184,-0.59186
0.88272,-0.062148,-1.0368,0.89098,-0.42932,-1.6399,-0.15939,-0.46549
1.2207,0.113,-1.0749,0.63131,-0.51831,-1.6429,-0.37509,-0.64874
1.124,-0.0083662,-0.69573,0.84726,-0.54365,-1.4203,-0.33785,-0.83476
0.94374,0.044883,-0.91831,0.49792,-0.65883,-1.5948,0.12861,-0.72013
0.94155,0.2507,-0.66047,0.71017,-0.20671,-1.6212,0.037837,-0.77364
1.0069,-0.16948,-1.1381,0.52849,-0.36884,-1.7354,-0.42466,-0.38122
1.1469,0.2312,-1.0548,0.80421,-0.22258,-1.5323,-0.40089,-0.84625
0.86977,-0.14699,-0.53051,0.9616,-0.55399,-1.4409,-0.17609,-0.68459
0.96741,-0.034682,-0.79526,0.9506,-0.25261,-1.56,-0.025738,-0.69456
0.96647,-0.20894,-0.61973,0.81757,-0.39068,-1.2376,-0.24162,-0.99796
0.87959,0.12789,-0.87171,0.80337,-0.57149,-1.5421,-0.42751,-0.7799
0.71326,0.024909,-0.85022,0.56465,-0.46233,-1.5678,-0.017177,-0.9842
0.78873,-0.21683,-0.86703,1.0428,-0.50342,-1.7121,-0.15431,-0.56186
0.99656,0.026659,-1.1417,0.58678,-0.30297,-1.5055,-0.20751,-0.31762
1.2911,-0.14914,-0.98797,0.80404,-0.26642,-1.665,-0.29666,-0.85911
0.9233,-0.027713,-1.0539,0.85047,0.037094,-1.4706,-0.31285,-1.0248
0.67323,0.14641,-1.0898,1.0147,-0.53952,-1.2679,-0.2755,-0.62872
0.79343,-0.11474,-1.0732,0.59348,-0.56817,-1.752,-0.19637,-0.75375
1.017,0.17334,-1.0476,1.0478,-0.14084,-1.3156,-0.74808,-0.575
1.0805,-0.13914,-0.6692,0.63825,-0.17252,-1.5899,-0.36592,-0.84285
0.93635,0.22963,-0.88373,0.99382,-0.26322,-1.4966,-0.28639,-0.66523
0.71095,0.10209,-0.69926,1.0726,-0.56789,-1.5526,-0.092926,-0.40727
0.87938,0.11083,-0.86691,0.77888,-0.36426,-1.2196,0.15598,-0.53777
1.164,0.07968,-0.76216,0.87521,-0.33909,-1.3358,-0.020588,-1.1396
0.96733,-0.065937,-0.93726,0.66198,-0.69984,-1.4055,0.071042,-0.94484
1.3171,-0.065994,-0.93855,1.0434,-0.34688,-1.4862,0.0001889,-0.77334
1.0196,0.012356,-1.1319,1.0567,-0.37389,-1.3736,-0.16579,-0.866
0.81247,-0.258,-1.2565,0.68497,-0.074918,-1.8703,-0.31994,-0.747
1.037,0.25884,-0.55445,0.80021,-0.20013,-1.3538,-0.4029,-0.89714
0.94166,0.20922,-0.79767,0.68739,-0.15866,-1.49,-0.19126,-0.66028
0.85875,0.018509,-0.96803,1.0147,-0.57655,-1.6096,-0.068395,-0.86235
1.0773,-0.034691,-0.78761,0.51814,-0.5512,-1.5469,-0.12246,-0.98766
0.88418,-0.070654,-1.1167,0.86984,-0.10348,-1.4603,-0.28265,-0.62745
1.0089,-0.022332,-0.70712,0.78673,-0.37674,-1.598,3.1299e-05,-0.65391
1.1193,-0.1357,-0.83402,0.73362,-0.59666,-1.6745,0.23056,-0.72615
0.83798,-0.11602,-1.1955,0.82464,-0.46712,-1.2542,0.0051326,-0.59937
0.9017,-0.078637,-1.3088,0.77925,-0.20332,-1.5282,-0.065191,-0.8779
1.2732,-0.27327,-0.45845,0.84358,-0.52198,-1.3947,-0.23985,-1.0566
1.3932,-0.056401,-0.67386,0.78831,-0.58603,-1.5666,0.15437,-0.64091
1.1048,-0.16124,-0.83522,0.72435,-0.38198,-1.5648,-0.3166,-0.53115
0.99006,-0.065281,-0.93145,0.83852,-0.45779,-1.4956,-0.23327,-0.82711
0.92794,-0.10891,-0.53986,0.84951,-0.35564,-1.4992,-0.25036,-0.72617
0.89475,-0.13012,-0.92508,0.6953,-0.53357,-1.531,-0.13273,-0.86358
0.95641,-0.45389,-0.5673,0.70331,-0.55947,-1.5022,-0.024303,-0.94331
1.1451,0.12151,-1.0084,0.66669,-0.15496,-1.2498,-0.1236,-0.76687
0.9202,-0.34909,-0.73427,0.50055,-0.42941,-1.5604,0.023126,-0.60655
0.79155,-0.17582,-1.0086,0.66204,-0.39654,-1.29,-0.017693,-0.86864
1.08,0.083559,-1.0617,0.83017,-0.36435,-1.4591,0.14139,-0.50788
0.87419,-0.42843,-0.5264,0.66908,-0.7444,-1.5822,-0.22833,-1.0652
0.7407,-0.097324,-0.80959,0.76205,-0.38312,-1.4115,0.11372,-0.62573
1.3254,-0.019598,-0.98004,0.66446,-0.35673,-1.3464,0.28345,-0.82968
1.0404,0.17896,-0.77708,0.75417,-0.62205,-1.1548,-0.16549,-0.84347
1.1376,-0.12375,-1.0652,0.48765,-0.42964,-1.5062,-0.25054,-0.87345
1.0906,0.066051,-0.93214,0.99275,-0.33322,-1.3828,0.034548,-1.0129
1.2016,-0.44672,-0.65825,0.52279,-0.14729,-1.5987,0.21227,-0.61895
1.0411,-0.30729,-0.9923,0.88267,-0.1726,-1.4586,-0.044741,-1.0449
1.0893,-0.048998,-0.78832,0.65375,-0.32561,-1.3551,-0.32491,-0.89155
0.93861,-0.039134,-0.91631,0.63985,-0.92788,-1.4466,-0.21987,-0.95328
0.95271,-0.0087961,-1.0266,0.53299,-0.21395,-1.0556,-0.27411,-0.85428
1.0421,-0.12814,-0.89939,0.80954,-0.12008,-1.169,0.13707,-0.76366
1.0751,-0.18537,-0.97719,0.8101,-0.4413,-1.3603,0.22643,-0.80739
0.96682,-0.22152,-1.2361,0.91093,-0.31691,-1.0651,-0.32561,-0.83535
0.84397,-0.25552,-0.93166,0.8159,-0.19858,-1.6509,0.0015597,-1.1748
1.1465,-0.34389,-0.68365,0.878,-0.4044,-1.3054,0.21813,-0.80913
1.3066,0.058225,-0.68811,0.79532,-0.63641,-1.653,0.088174,-0.97729
0.64657,-0.44743,-0.96115,0.85569,-0.31912,-1.6981,-0.30263,-1.1221
0.91743,-0.33844,-1.4262,0.77593,-0.54621,-1.53,0.1433,-0.77442
1.0459,-0.21463,-1.1817,0.41564,-0.43557,-1.246,-0.29797,-0.85205
0.93611,-0.28031,-1.1212,0.74101,-0.52511,-1.0688,0.11754,-0.79736
1.1624,0.12678,-0.65079,0.75283,-0.38087,-1.4386,0.0015377,-0.90758
1.1684,-0.44366,-1.4633,0.77733,-0.099121,-1.0318,-0.21548,-0.96437
1.3812,-0.065531,-0.86164,0.81301,-0.49084,-1.1081,-0.020872,-0.74729
1.1596,-0.05682,-1.1045,0.84963,0.058023,-1.2868,-0.36614,-1.0986
1.1574,-0.14243,-1.0295,0.90849,-0.051808,-1.3794,0.18869,-0.82708
1.2107,0.14942,-1.1024,0.75118,-0.41832,-1.1561,0.0050402,-1.0496
0.60175,-0.42114,-1.2406,0.80064,-0.21352,-1.2934,-0.13946,-0.72966
0.78382,-0.57224,-0.81538,0.58113,-0.32207,-0.98812,0.27396,-0.97042
1.0005,-0.21489,-0.90578,0.53771,-0.1251,-1.0862,0.13501,-1.0381
1.046,0.19319,-1.1309,0.64847,-0.38873,-1.4091,-0.046745,-0.97192
0.93111,-0.0034806,-0.98978,0.75665,-0.40659,-1.451,0.015808,-0.79094
0.91918,-0.17641,-0.82285,0.36836,-0.2851,-1.3449,0.0097662,-0.81229
1.3202,0.00068808,-1.0353,0.77013,-0.2051,-1.1563,-0.15759,-1.0973
1.2814,-0.073289,-1.0313,0.5207,-0.12292,-1.3216,-0.13947,-1.1144
0.98693,-0.24555,-0.69383,1.0286,-0.45548,-1.4493,0.17072,-0.86075
1.2379,-0.18752,-0.8682,0.98597,-0.52173,-1.0977,0.04421,-0.82182
0.78997,-0.1104,-0.88277,0.57261,0.019127,-1.1373,-0.081852,-1.1898
0.99334,-0.16749,-0.98255,0.80384,-0.26403,-1.1086,0.093067,-1.0618
0.95132,-0.21791,-0.88638,0.76484,-0.27595,-1.1559,-0.11623,-1.033
0.88129,-0.27596,-1.2299,0.80567,-0.20709,-1.3409,-0.047616,-0.90334
1.1226,-0.25406,-1.1963,0.52526,-0.23128,-1.2826,-0.35921,-1.2268
0.96643,0.19488,-1.1265,0.94789,-0.40811,-1.0717,0.097502,-1.0212
0.88039,-0.57859,-1.206,0.91464,-0.25726,-1.4984,0.25722,-0.92578
1.2997,-0.0090118,-0.81644,0.30152,-0.23921,-1.1583,-0.24088,-1.1724
1.2635,-0.079102,-1.3223,0.8647,-0.48094,-1.1251,0.31935,-1.3714
0.73874,-0.085047,-0.95077,0.52879,-0.12742,-1.5324,-0.29896,-1.0652
1.0339,-0.01004,-0.88055,0.51663,-0.44554,-1.5016,0.11433,-0.87131
0.83304,-0.29021,-1.1527,0.55441,-0.18584,-1.2341,-0.092054,-0.68464
0.88401,-0.19926,-1.3014,0.48592,0.09359,-1.5199,-0.28877,-1.0811
1.2863,-0.46158,-1.0918,0.84017,-0.15967,-1.2301,-0.1388,-0.86527
1.5533,-0.39931,-0.82786,0.72626,-0.16211,-1.2951,-0.24112,-1.2343
0.97556,-0.46922,-1.297,0.62046,-0.58958,-1.1294,0.071028,-1.2728
1.1001,-0.32009,-0.78043,0.64005,-0.34204,-1.022,-0.14176,-0.8289
0.86062,-0.56903,-1.0667,0.69063,-0.071863,-1.1357,-0.20124,-1.1871
1.36,-0.51997,-0.87794,0.52557,-0.21956,-1.007,-0.077568,-1.0601
1.3159,-0.1308,-0.96535,1.203,-0.3255,-1.3335,0.15047,-1.0523
1.0181,-0.32388,-1.2314,0.62394,-0.45396,-1.0769,-0.12697,-0.9618
0.65928,-0.44626,-0.94946,0.72812,-0.10933,-0.98895,0.12693,-0.93348
1.0747,-0.52757,-1.5397,0.65605,-0.12614,-1.2557,-0.027189,-1.0381
1.09,-0.14865,-1.2912,0.67638,-0.31224,-0.95613,-0.051707,-1.148
1.2372,-0.33954,-1.1322,0.62287,-0.35604,-0.83531,-0.077825,-1.4283
1.3588,-0.26824,-1.5146,0.74206,-0.15164,-1.0416,-0.13897,-0.93727
0.71772,-0.55547,-0.85959,0.62032,-0.35822,-1.0617,0.04935,-1.1987
1.2202,-0.52001,-1.2454,0.7224,-0.26873,-1.4794,-0.23565,-1.1665
1.4914,-0.28503,-1.0452,0.76732,-0.65954,-1.2233,0.31147,-1.1899
1.278,-0.45657,-0.78821,0.65066,-0.27197,-1.554,0.045972,-0.92786
1.0905,-0.4417,-0.67377,0.802,-0.2838,-1.1703,-0.3142,-1.2297
0.95435,-0.3282,-1.3117,0.41293,-0.068995,-1.1856,0.10645,-1.1206
1.1231,-0.25544,-1.1696,0.81439,-0.10653,-1.3585,0.096076,-1.1422
1.3508,-0.41694,-1.34,0.46662,-0.30079,-1.0054,-0.16154,-0.97162
1.2379,-0.55388,-1.3385,0.76111,-0.45676,-0.76666,0.1444,-1.1377
1.7881,-0.579,-1.2292,0.58045,-0.11522,-0.96076,-0.11578,-1.17
1.0716,-0.42083,-1.0701,0.83866,-0.27675,-1.039,0.19554,-1.1773
0.95861,-0.38033,-1.1403,0.48683,-0.3603,-1.4629,0.19869,-1.2886
0.93202,-0.45315,-1.0608,0.46322,-0.18719,-1.1496,0.070987,-0.66981
1.2359,-0.53287,-0.84297,0.23492,-0.24644,-1.2241,-0.057257,-1.3571
1.0454,-0.50709,-1.016,0.62476,-0.45638,-1.2005,0.011398,-1.3903
1.068,-0.57164,-1.1883,0.5213,-0.42024,-1.0931,-0.33828,-1.2209
1.2625,-0.42642,-1.3323,0.61547,-0.1862,-1.1514,0.051143,-0.99074
1.5951,-0.61383,-1.0981,0.82467,-0.57252,-0.98173,-0.069907,-1.4556
1.0236,-0.31842,-1.0906,0.45035,-0.052151,-1.0007,0.0075809,-1.2312
1.0823,-0.50135,-1.2621,0.53527,-0.26674,-1.2174,-0.28643,-1.2091
1.0464,-0.57417,-1.2827,0.65153,-0.49166,-0.9443,0.16079,-1.3895
1.4139,-0.16942,-0.94287,0.77362,-0.37613,-1.4805,-0.43899,-1.1706
1.2089,-0.40114,-1.0762,0.51795,-0.36493,-1.1291,-0.015895,-1.1177
0.83605,-0.42162,-1.1603,0.49988,-0.70227,-1.445,0.062403,-1.1111
1.4776,-0.72632,-0.9406,0.7541,-0.44134,-1.4175,0.29801,-1.0807
1.132,-0.40153,-1.2276,0.47821,-0.33952,-1.0658,-0.020702,-1.5299
0.99692,-0.48895,-1.1125,0.6843,-0.51559,-1.3112,0.084186,-1.2767
1.1292,-0.58945,-1.1996,0.5685,-0.43579,-1.2193,-0.13198,-1.1536
1.3199,-0.59063,-1.106,0.55191,-0.28191,-1.132,-0.052236,-1.5057
1.2009,-0.25799,-1.4198,0.38055,-0.15423,-1.1276,0.016131,-1.2317
1.2963,-0.32993,-0.93962,0.40941,-0.28035,-0.66799,-0.16257,-1.4784
1.1649,-0.95237,-1.1567,0.76322,-0.15002,-1.2291,0.037193,-1.24
1.2865,-0.56237,-1.077,0.61785,-0.073314,-1.1454,0.013545,-1.2398
1.0954,-0.58456,-1.0639,0.67204,-0.34631,-1.4426,0.11519,-1.0851
1.1988,-0.40766,-1.5173,0.7861,-0.27175,-0.9296,0.10198,-1.2313
1.6565,-0.62579,-1.2183,0.75948,-0.3061,-1.0305,-0.00096957,-1.2554
1.1925,-0.54275,-1.1815,0.77665,-0.13328,-0.87048,0.073948,-1.2351
1.1682,-0.60724,-1.2495,0.81566,-0.63774,-1.1965,0.059206,-1.4567
1.1002,-0.51082,-1.188,0.6025,-0.33035,-1.2987,-0.10584,-1.4228
1.5198,-1.0062,-1.149,0.8675,-0.39645,-1.1142,-0.035249,-1.011
1.3546,-0.98273,-1.0848,0.61965,-0.26121,-1.4173,-0.20716,-1.3734
1.3288,-0.50007,-0.96917,0.46636,-0.38634,-1.1016,-0.2137,-1.3127
1.0633,-0.87806,-1.0723,0.40653,-0.7367,-0.89035,-0.031965,-1.0621
1.2207,-0.45307,-1.0995,0.87035,-0.45173,-1.1405,0.054282,-1.3269
1.0089,-0.47543,-1.0935,0.74428,-0.45109,-0.94144,-0.18441,-1.3325
1.1043,-0.80535,-1.5527,0.6611,-0.0071572,-0.91822,-0.12425,-1.4435
1.2725,-0.7793,-1.3303,0.46227,-0.27461,-0.54005,0.20651,-1.4433
1.5478,-0.59312,-1.1981,0.22266,-0.25899,-0.97603,0.10481,-1.2951
0.97916,-0.75134,-1.1568,0.72827,0.030969,-0.80001,0.29688,-1.702
1.2967,-0.7229,-1.1152,0.60254,-0.16691,-1.0141,0.07089,-1.4513
0.97849,-0.58797,-1.1095,0.73207,-0.25833,-0.90103,0.083617,-1.1414
1.3301,-0.75217,-1.4196,0.48383,-0.46773,-0.84746,-0.28752,-1.6395
1.5738,-0.84636,-1.2842,0.82102,-0.44136,-0.98868,-0.175,-1.5712
1.4528,-0.75334,-1.1874,0.79308,-0.17303,-1.1847,-0.1717,-1.2749
1.3238,-0.54863,-1.1117,0.48921,-0.68832,-0.93942,0.046079,-1.651
1.1039,-0.63302,-1.288,0.68773,-0.54774,-0.99932,0.11491,-1.6916
1.6911,-0.43301,-1.2124,0.53648,-0.4423,-1.1022,-0.23045,-1.4191
1.2701,-0.61936,-1.3597,0.29272,-0.10047,-1.0493,-0.10907,-1.4482
1.3294,-0.75981,-1.5394,0.55591,-0.20352,-0.82856,-0.09448,-1.3424
1.4263,-0.40232,-1.1572,0.41675,0.040273,-0.88847,-0.17251,-1.4861
1.1137,-0.47592,-1.5092,0.74476,-0.33106,-0.95956,0.16469,-1.4331
1.4519,-0.70338,-0.91018,0.66578,-0.38949,-1.0292,-0.15592,-1.6042
1.3342,-0.71564,-1.3445,0.32163,-0.52277,-0.96939,-0.053848,-1.6913
1.1938,-0.78015,-1.3694,0.38026,-0.66663,-1.0125,-0.088833,-1.3729
1.4812,-0.83727,-1.3084,0.32374,-0.19323,-1.4311,-0.12986,-1.3497
1.1616,-0.56948,-1.183,0.34515,-0.31903,-0.63903,-0.35041,-1.483
1.3239,-0.77714,-1.1475,0.61896,-0.017303,-0.88744,-0.084971,-1.5255
1.1333,-0.65849,-1.5093,0.71752,-0.16255,-1.1146,-0.028961,-1.2082
1.4016,-0.70932,-1.3193,0.36232,-0.47455,-0.81221,-0.18547,-1.4757
1.2861,-0.59928,-1.2864,0.44782,-0.41349,-0.85011,-0.0069639,-1.5175
1.3589,-0.88303,-1.4809,0.59329,-0.54676,-1.2707,-0.15311,-1.2608
1.2779,-0.77369,-1.4561,0.21671,-0.45335,-0.88715,0.052324,-1.5902
1.3453,-0.55451,-1.8421,0.004453,-0.50638,-1.2116,0.43102,-1.5056
1.1042,-0.56185,-1.3257,0.7185,-0.67813,-0.96097,-0.018678,-1.6016
0.93395,-0.82518,-1.0555,0.49602,-0.62492,-0.83422,0.0022835,-1.5956
1.5739,-0.70331,-1.1873,0.61884,-0.32585,-0.82388,-0.25549,-1.2689
1.5366,-0.94107,-1.1627,0.45453,-0.5323,-1.0215,0.10443,-1.2504
1.5516,-0.65355,-1.5297,0.22109,-0.57209,-1.195,-0.069205,-1.467
1.7746,-0.623,-1.187,0.46304,-0.32995,-0.92023,-0.1298,-1.4108
1.3362,-0.657,-1.3748,0.82759,-0.68836,-0.93576,0.13844,-1.4446
1.2291,-0.5674,-1.2369,0.45763,-0.35617,-0.83803,0.23115,-1.5846
1.3452,-0.92243,-1.2396,0.66057,-0.55045,-0.90026,0.04336,-1.4415
1.2143,-0.86579,-1.2968,0.68028,-0.15825,-0.98724,-0.16702,-1.8997
1.7312,-0.67867,-1.3095,0.53454,-0.48693,-1.0386,-0.23924,-1.4434
1.5602,-0.9679,-1.3247,0.73124,-0.17757,-0.8836,0.12968,-1.5155
1.143,-0.83694,-1.2527,0.48644,-0.24482,-1.1767,-0.029961,-1.4953
1.2772,-0.67898,-1.322,0.38521,-0.31691,-1.1403,-0.033043,-1.748
1.2536,-0.8827,-1.261,0.62738,-0.55624,-0.81083,0.020398,-1.3333
1.3754,-0.90978,-1.7612,0.78186,-0.25362,-0.43355,-0.03689,-1.6543
1.3196,-0.49754,-1.5423,0.42591,-0.71908,-1.0772,-0.023463,-1.3859
1.4551,-0.72799,-1.1265,0.58007,-0.3453,-0.71737,-0.13434,-1.6539
1.213,-0.78096,-1.4144,0.81751,-0.56022,-1.0805,-0.33856,-1.5821
1.1672,-0.55746,-1.2653,0.40101,-0.48334,-1.2979,0.05607,-1.4787
1.3451,-0.9255,-1.382,0.71472,-0.21673,-1.08,0.2242,-1.7005
1.5567,-0.83663,-1.6589,0.51073,-0.30986,-0.75295,0.012199,-1.2654
1.5263,-0.85989,-1.5294,0.46736,-0.33069,-0.74291,-0.36799,-1.4274
1.2729,-0.88861,-1.1873,0.49309,-0.23874,-0.75666,-0.17424,-1.8468
1.0299,-0.71395,-1.5553,0.57685,-0.68404,-0.80778,-0.069376,-1.6994
1.2648,-0.33456,-1.4254,0.67481,-0.33328,-1.233,0.10873,-1.4765
0.95509,-0.77026,-1.3234,0.44859,-0.18051,-0.79541,0.1799,-1.2881
1.0491,-0.92556,-1.4368,0.43169,-0.20574,-1.2321,-0.39447,-1.5446
1.3819,-0.61567,-1.2075,0.66678,-0.63886,-1.0005,-0.045609,-1.5083
1.249,-0.91882,-1.3731,0.551,0.0087928,-0.7898,-0.19639,-1.5872
1.1011,-0.77221,-1.6113,0.31737,-0.61779,-1.0706,0.027463,-1.4156
1.3226,-1.1189,-1.2102,0.22827,-0.51124,-0.85636,-0.092741,-1.5127
1.4537,-0.66391,-1.0898,0.30591,-0.49613,-0.96254,-0.22378,-1.3495
1.529,-0.77797,-1.2513,0.58803,-0.69431,-1.252,-0.077389,-1.5613
1.5562,-0.66728,-1.4336,0.032585,-0.31865,-0.98382,0.23545,-1.743
1.399,-0.87109,-1.2795,0.31071,-0.44809,-1.1663,-0.42829,-1.636
1.6038,-0.9847,-1.6316,0.79505,-0.45457,-1.076,-0.37597,-1.4828
1.3041,-0.7755,-1.4974,0.34503,-0.59699,-0.7041,-0.27901,-1.6083
1.3646,-0.59193,-1.5088,0.45274,-0.69266,-0.8677,0.3247,-1.4433
1.3274,-0.70527,-1.6186,0.5354,-0.32706,-1.5187,-0.33252,-1.7262
1.5765,-0.72523,-1.6023,0.20095,-0.2868,-1.1676,-0.19638,-1.7401
1.1798,-1.3118,-1.4632,0.18716,-0.44836,-0.78769,-0.11044,-1.6914
1.4191,-0.56669,-1.106,0.70959,-0.4442,-0.62477,-0.47773,-1.8153
1.2846,-1.0157,-1.6251,0.19944,-0.28309,-0.76658,-0.24149,-1.4776
1.2087,-0.69552,-1.5802,0.23578,-0.5057,-1.1482,0.063378,-1.7799
0.90143,-1.0547,-1.1819,0.52689,-0.69142,-0.93908,0.026791,-1.5837
1.3176,-0.94239,-1.6232,0.42611,-0.53422,-0.45328,-0.15596,-1.6757
1.4246,-0.73317,-1.2701,0.31752,-0.64074,-1.268,-0.26197,-1.7512
1.3872,-0.97505,-1.6353,0.55046,-0.562,-0.95638,-0.14503,-1.9964
1.3335,-0.65403,-1.7543,0.47025,-0.49773,-1.1981,-0.15789,-1.8134
1.4931,-0.94308,-1.4236,0.47369,-0.32687,-0.93701,-0.16579,-1.7054
1.4509,-0.56243,-1.7241,0.37339,-0.65737,-1.1693,-0.057865,-1.4543
1.4018,-0.79309,-1.681,0.15299,-0.62963,-0.62632,-0.028852,-1.7852
1.3142,-0.78786,-1.3907,0.53318,-0.30119,-0.7495,-0.15,-1.8802
0.98658,-0.8821,-1.6925,0.24923,-0.53022,-1.1628,-0.18488,-1.6865
1.6777,-1.2642,-1.5587,0.38395,-0.55729,-0.5079,-0.021569,-1.9132
1.4116,-0.81876,-1.3948,0.37862,-0.52606,-0.93318,-0.23872,-1.7595
1.4159,-0.9028,-1.234,0.65967,-0.32433,-0.76129,-0.033064,-1.7469
1.7436,-1.1531,-1.4872,0.58385,-0.30199,-1.0561,-0.57749,-1.6742
1.3218,-0.60708,-1.3712,0.72176,-0.41718,-0.70532,-0.068007,-1.3753
1.384,-0.99187,-1.6754,0.51221,-0.30947,-0.93595,-0.075576,-1.7395
1.0927,-1.2034,-1.4655,0.17502,-0.43658,-0.97808,-0.28273,-1.8155
1.4246,-0.80672,-1.3555,-0.14832,-0.25416,-0.61458,-0.35318,-1.7683
1.3667,-0.84504,-1.3894,0.65661,-0.54294,-1.2245,-0.081266,-1.579
1.4845,-1.0167,-1.2843,0.15505,-0.11033,-0.68632,-0.056616,-1.6926
1.3871,-1.0449,-1.7452,0.62172,-0.32292,-0.804,0.20217,-1.7805
1.2951,-1.2407,-1.7395,0.16543,-0.42676,-1.0173,0.13528,-1.4453
1.4602,-1.0952,-1.5158,0.83903,-0.079978,-1.1914,-0.24284,-1.4648
1.2201,-1.1639,-1.6387,0.45182,-0.32791,-1.1405,-0.23807,-2.0072
1.6213,-0.75958,-1.8383,0.44105,-0.75468,-0.76744,-0.34816,-1.5168
1.4286,-1.1074,-1.5834,0.38513,-0.56458,-1.0521,-0.031251,-1.7873
1.3706,-0.69551,-1.6944,0.36382,-0.50186,-1.0104,-0.22029,-1.6896
1.3961,-0.75191,-1.7614,0.4801,-0.40963,-0.99233,-0.34431,-1.6818
1.4424,-0.99554,-1.733,0.4357,-0.63798,-0.90632,-0.30887,-1.7342
1.5909,-0.82741,-1.4447,0.32587,-0.56681,-1.1758,-0.32584,-1.7174
1.6682,-1.296,-1.4006,0.12912,-0.40693,-0.93322,-0.42144,-1.5451
1.4721,-0.92522,-1.8671,0.27322,-0.53396,-1.02,-0.16956,-1.5394
1.3911,-0.68804,-1.8442,0.25081,-0.65742,-1.0421,-0.26883,-1.65
0.91788,-0.71975,-1.5888,0.43484,-0.68291,-0.83534,-0.028306,-1.6845
1.5257,-0.73208,-1.6205,0.19937,-0.50349,-0.82459,-0.20461,-1.7128
1.3908,-0.98578,-1.6646,0.59891,-0.26059,-1.0673,-0.48466,-1.5598
1.3829,-0.97776,-1.4779,0.4592,-0.65552,-0.85518,-0.21609,-1.716
1.781,-0.80683,-1.8002,0.098219,-0.57013,-0.91154,-0.13165,-1.9644
1.1622,-0.5486,-1.933,0.37117,-0.58303,-0.78772,-0.16297,-2.1544
1.3404,-0.83696,-1.7272,0.1414,-0.21111,-0.97762,-0.028454,-1.5372
1.5952,-1.0937,-1.4171,0.49204,-0.80515,-1.0527,-0.11545,-1.9773
1.3118,-0.9165,-1.6425,0.29436,-0.61929,-0.73914,-0.059033,-1.9643
1.6089,-0.79091,-1.853,0.04598,-0.77175,-0.85438,-0.060219,-1.8323
1.3124,-0.87466,-1.0846,0.2593,-0.27067,-0.81154,-0.094433,-1.8205
1.1503,-0.8537,-1.6814,0.31322,-0.55395,-0.86303,-0.30423,-1.9912
1.4013,-1.3066,-1.564,0.71133,-0.62225,-1.0638,-0.39697,-1.7924
1.3369,-1.0682,-1.5435,0.50119,-0.61479,-0.86777,-0.44839,-1.7446
1.6925,-1.1857,-1.8016,0.58104,-0.92551,-1.1157,-0.052273,-1.772
1.3451,-0.72148,-1.4,0.33035,-0.70941,-0.75422,-0.48791,-1.6482
1.1782,-1.0653,-1.8037,0.65028,-0.7092,-0.81969,-0.047223,-1.7015
1.3384,-0.94032,-1.5894,0.62587,-0.34771,-1.1833,-0.43674,-1.7678
1.677,-0.95709,-1.549,0.28932,-0.51948,-1.1047,-0.24016,-1.6218
1.6636,-0.99615,-1.7644,0.49221,-0.66239,-0.8328,-0.14802,-2.2131
1.4343,-0.94534,-1.5502,0.49626,-0.76445,-0.99727,-0.21771,-1.7341
1.3977,-0.78806,-1.7627,0.48643,-0.44493,-0.52996,-0.23256,-1.5865
1.5892,-1.1079,-1.8194,0.54887,-0.52083,-0.82529,-0.54803,-1.6304
1.3609,-1.2938,-1.957,0.0032578,-0.34265,-1.1803,-0.45566,-1.7959
1.4387,-0.58118,-1.7383,0.063672,-0.37545,-1.0429,-0.29505,-1.9426
1.333,-1.0728,-1.9647,0.42878,-0.91925,-1.0221,-0.083458,-1.6181
1.4001,-0.88144,-1.3151,0.63936,-0.47365,-0.82123,-0.15914,-1.7565
1.6078,-1.2358,-1.7026,0.56876,-0.66029,-1.124,-0.22181,-1.5252
1.1474,-0.63972,-1.716,0.24274,-0.65861,-1.1864,-0.18994,-1.7617
1.33,-1.2461,-1.833,0.23568,-0.88455,-0.96365,-0.13654,-1.5915
1.3086,-1.0803,-1.488,0.2024,-0.37612,-1.2497,-0.24674,-1.7111
1.2845,-1.1084,-1.6094,0.093102,-0.30445,-1.2124,0.090615,-1.9027
1.5502,-0.99284,-1.8129,0.30586,-0.58304,-1.2706,-0.72192,-1.8024
1.399,-0.96092,-1.7095,0.57578,-0.4126,-0.95699,-0.016955,-1.8165
1.2744,-0.96699,-1.673,0.49675,-0.46752,-1.0741,-0.3894,-1.536
1.5698,-0.9852,-1.5421,0.36391,-0.83069,-0.813,-0.33766,-1.6803
1.4967,-0.91351,-1.7094,0.66847,-0.61313,-1.051,-0.041377,-1.4985
1.522,-0.83738,-1.7353,0.14606,-0.69884,-1.0514,0.14115,-1.7039
1.5607,-0.96027,-1.9731,0.20852,-0.61706,-1.2043,-0.57461,-1.6659
1.5375,-0.88625,-1.7928,0.16207,-0.74055,-1.028,-0.17692,-1.4222
1.4876,-0.79567,-1.6342,0.1595,-0.71547,-1.0146,-0.39296,-1.6493
1.1152,-1.375,-1.7273,0.26869,-0.3892,-0.79125,-0.63576,-1.3692
1.1966,-1.0071,-1.8645,0.063401,-0.43673,-0.71083,-0.21033,-2.0676
1.3186,-1.2591,-1.7002,0.10336,-0.46848,-0.8155,0.18929,-1.576
1.2556,-1.1869,-2.1061,0.27508,-0.50196,-0.89519,-0.20749,-1.4548
1.2007,-0.82191,-1.712,0.34324,-0.79734,-0.61625,-0.23493,-1.7802
1.4774,-1.3598,-1.7197,0.42749,-0.68217,-1.2115,-0.17226,-1.8857
1.4403,-1.4187,-2.0248,0.27356,-0.61772,-0.78212,-0.39506,-1.9863
1.1871,-0.92294,-1.6413,0.35965,-0.54223,-0.52216,-0.1486,-1.7
1.6966,-1.1344,-1.8969,0.39575,-0.4556,-1.0858,-0.3304,-1.7618
1.658,-1.1425,-1.618,0.15001,-0.81802,-1.1364,-0.52038,-1.7428
1.5567,-1.1954,-1.9012,0.54387,-0.58611,-1.0454,-0.40928,-1.6461
1.536,-1.086,-2.0611,0.30138,-0.43233,-1.2941,-0.069186,-1.6419
1.5516,-1.1165,-1.8343,0.26159,-0.39736,-0.90184,-0.24115,-1.5775
1.2296,-0.89707,-2.1031,0.26281,-0.54288,-0.89328,-0.41042,-1.9785
1.5671,-1.067,-1.9506,0.47497,-0.88145,-1.0135,-0.46583,-1.7517
1.4612,-0.7818,-1.8275,0.32983,-0.44575,-0.95835,-0.35782,-1.6463
1.7118,-1.2374,-2.1953,0.3551,-0.33324,-0.8864,-0.1304,-1.6334
1.0627,-1.0877,-1.6114,0.64596,-0.76884,-0.8791,-0.40401,-1.614
1.5593,-0.83378,-1.9034,0.37119,-0.57265,-0.91096,-0.68427,-1.7298
1.2553,-1.0847,-1.7482,0.24828,-0.46565,-0.99891,-0.28508,-1.9764
1.6733,-1.0674,-1.5939,0.079558,-0.17645,-1.0519,-0.12731,-1.5715
1.0873,-1.1973,-1.8482,0.084718,-0.69308,-1.0019,-0.30777,-1.7854
1.3289,-1.1254,-1.8779,0.42482,-0.29292,-1.015,0.036446,-1.8567
1.2809,-1.1527,-1.7749,0.31298,-0.45073,-0.90256,-0.1426,-1.9286
1.701,-0.79608,-1.8925,0.42234,-0.53083,-1.1919,-0.15027,-1.7428
1.3437,-1.2024,-2.0813,0.014553,-0.54018,-0.93883,-0.39238,-1.912
1.213,-0.81782,-2.3098,0.13538,-0.66563,-1.2753,-0.4119,-1.6816
1.3008,-0.99435,-1.744,0.17903,-0.6643,-0.83988,-0.46495,-1.7107
1.5232,-0.80276,-2.0846,0.1521,-0.92664,-0.91251,-0.15771,-1.6767
1.0303,-0.82742,-2.161,0.25971,-0.22252,-1.2115,-0.036862,-1.5514
1.7644,-1.0315,-1.5988,0.42798,-0.84002,-1.0849,-0.080858,-1.5394
1.4443,-1.0086,-1.5879,0.23465,-0.84366,-1.2137,-0.90785,-1.4049
1.1216,-1.2649,-2.0131,0.043664,-0.81911,-0.68432,0.041716,-1.576
1.3415,-1.1883,-1.9911,-0.06366,-0.68336,-0.73428,-0.23971,-1.5184
1.8004,-1.0966,-2.0267,0.028875,-0.80922,-0.84237,-0.32949,-1.8837
1.1331,-1.1401,-1.7127,0.093287,-0.52857,-1.0745,-0.31621,-1.7772
1.299,-1.3474,-2.1594,0.24648,-0.64505,-0.65952,-0.32524,-1.6757
1.5386,-1.1991,-1.876,0.136,-0.39879,-1.0813,-0.45678,-1.4333
1.4571,-1.0162,-2.1655,0.36421,-0.9548,-1.1427,-0.25989,-1.56
1.2871,-0.87885,-2.1847,0.12841,-0.61606,-0.87742,-0.32885,-1.8768
1.3959,-0.62137,-1.8506,0.40105,-0.79425,-1.0183,-0.28684,-1.8738
1.4062,-1.375,-1.9591,-0.016394,-0.71944,-1.1683,-0.25837,-1.5372
1.3446,-0.91684,-1.9801,-0.075503,-0.75782,-0.89563,-0.56318,-1.6104
1.3836,-0.82482,-1.994,0.4012,-0.68738,-0.89422,-0.40705,-2.0402
1.7035,-0.92187,-2.3165,0.050556,-0.67938,-1.1144,-0.030405,-1.663
1.7109,-0.96976,-1.7288,0.048844,-0.91341,-1.214,-0.40136,-1.824
1.4886,-0.97656,-1.8952,0.32163,-0.42884,-1.1488,-0.5857,-1.4869
1.3871,-0.92237,-1.9508,0.2483,-0.744,-0.78732,-0.29095,-1.9769
1.4589,-0.88208,-1.7473,0.086882,-0.69434,-0.86113,-0.52016,-1.6703
1.1994,-0.8496,-1.8438,-0.067506,-0.57622,-0.87898,-0.6352,-1.6606
1.5341,-1.2593,-1.6596,0.061155,-0.50788,-0.96037,-0.41527,-1.8461
1.4675,-1.0677,-1.9265,0.14185,-0.76535,-1.2401,-0.22977,-1.1832
1.6824,-0.78781,-1.9592,0.062475,-0.82339,-0.86678,-0.44653,-1.7007
1.3664,-1.1536,-1.8654,0.20905,-0.59333,-0.90268,-0.25673,-1.4291
1.0604,-1.178,-2.1546,0.016123,-0.86806,-1.1031,-0.55386,-1.866
1.6736,-1.0678,-1.8856,0.43855,-0.60719,-1.1782,-0.45566,-1.9166
1.3183,-0.8367,-1.7269,0.38142,-0.53144,-0.78221,0.074974,-1.6421
1.6715,-1.0532,-2.0033,0.24353,-0.86941,-0.55822,-0.32824,-1.6602
1.6733,-0.8,-2.0323,0.073058,-0.88447,-0.84683,-0.53772,-1.6669
1.2682,-1.039,-2.1962,0.13256,-0.47078,-1.1727,-0.29729,-1.9198
1.5122,-1.3359,-1.872,0.0077171,-0.6078,-1.0289,-0.25927,-2.0116
1.4904,-0.80219,-1.739,0.19976,-0.71373,-1.1472,-0.38074,-1.9405
1.7321,-0.92284,-2.1988,0.26657,-0.63311,-0.90621,-0.22362,-1.0751
1.3476,-1.1542,-2.1218,0.2394,-0.6417,-1.1243,0.0066472,-1.4996
1.3127,-0.99561,-1.9562,0.18106,-0.57133,-1.0288,-0.37057,-1.6245
1.228,-0.53542,-1.6097,0.30296,-0.70438,-0.76621,-0.18693,-1.6808
1.6373,-1.1243,-2.2212,0.27595,-0.59965,-0.94407,-0.60395,-1.5183
1.377,-0.89231,-2.2646,0.33113,-0.45932,-1.0612,-0.17481,-1.767
1.3009,-1.0044,-2.2945,0.24306,-0.73035,-0.72877,0.071686,-1.8637
1.3912,-1.0307,-2.2525,-0.2214,-0.62351,-0.92371,-0.19078,-1.6553
1.2455,-1.04,-1.862,0.25943,-0.62475,-0.81167,0.03386,-1.6685
1.1221,-1.1502,-1.9209,-0.018312,-0.69761,-0.75825,-0.59148,-1.5612
1.2505,-0.87726,-2.0698,0.25896,-0.42239,-0.93803,-0.32041,-1.5377
1.3602,-1.1781,-1.8017,0.2607,-0.52079,-0.79401,-0.49684,-1.6032
1.6624,-1.147,-2.0258,0.075696,-0.51414,-1.0856,-0.29328,-1.5008
1.5506,-0.75557,-1.9085,0.23098,-0.63134,-1.1543,-0.27896,-1.6447
1.3662,-0.96904,-2.0897,0.0075132,-0.67074,-0.66365,-0.1946,-1.7371
1.2483,-1.1016,-2.0662,0.28562,-0.53539,-0.81112,-0.44591,-1.4051
1.6186,-0.82204,-2.0047,-0.19751,-0.70533,-0.97341,-0.2099,-1.8134
1.5399,-1.3249,-2.0809,0.17055,-1.0325,-1.2671,-0.10159,-1.6939
1.3474,-1.0089,-1.9698,0.20215,-0.31991,-1.0081,-0.38492,-1.6712
1.4059,-1.0604,-2.1773,0.022179,-0.61003,-1.1093,-0.28537,-1.3471
1.1979,-0.92927,-1.8062,0.133,-0.66723,-0.90638,-0.26373,-1.5059
1.264,-0.98024,-2.0987,0.045132,-0.6327,-0.92741,-0.45877,-1.5187
1.6722,-0.83103,-1.9008,0.0056887,-0.57786,-0.96985,-0.41276,-1.4353
1.299,-1.1243,-1.8862,-0.23335,-0.66481,-0.83251,-0.40243,-1.6466
1.0884,-1.0026,-1.8414,0.34701,-0.71282,-1.1669,-0.20182,-1.398
1.2557,-0.82118,-1.8986,-0.032771,-0.716,-0.69421,-0.18815,-1.8188
1.1975,-0.72177,-1.963,-0.11968,-0.80177,-1.3864,-0.24321,-1.256
1.0894,-1.0575,-1.9856,0.2816,-0.76459,-0.98485,-0.067266,-1.3864
1.3077,-1.1835,-2.1523,0.077145,-0.8326,-1.0851,-0.41254,-1.2631
1.435,-1.0329,-1.6756,-0.0081615,-0.69196,-0.80197,-0.31225,-1.7749
1.4942,-1.1885,-1.7682,0.27543,-0.57135,-1.05,-0.36529,-1.2782
1.2922,-0.89109,-2.1021,0.098833,-0.9294,-0.83651,-0.61188,-1.7249
1.4008,-0.84243,-1.9319,0.175,-0.79806,-0.56019,-0.47687,-1.896
1.3852,-1.1767,-1.8745,-0.065706,-0.63361,-0.99835,-0.1322,-1.6378
1.1699,-1.1107,-2.0725,-0.068868,-0.67745,-1.0687,-0.23881,-1.5301
1.2336,-0.97606,-2.1157,-0.34649,-0.2188,-0.95171,-0.17102,-1.4549
1.0567,-1.2963,-1.8511,-0.084597,-0.43209,-0.97803,-0.15281,-1.5196
1.3859,-0.86092,-1.8671,0.050873,-0.79218,-1.1371,-0.57444,-1.3376
1.2209,-0.92365,-1.9721,-0.072183,-0.5285,-1.16,-0.39512,-1.5841
1.3059,-0.83761,-2.3547,-0.10864,-0.88437,-0.90334,-0.35339,-1.1147
1.322,-0.77096,-1.8587,-0.086164,-0.74469,-0.92179,-0.47587,-1.4398
1.2073,-1.1602,-2.172,0.082117,-0.77979,-0.97005,-0.18403,-1.3911
1.3559,-0.93373,-1.9437,0.22353,-0.73734,-0.69087,0.058462,-1.3862
1.2337,-0.72069,-1.9163,0.36248,-0.88182,-0.70654,-0.25552,-1.7394
1.2425,-0.87465,-2.3146,0.48635,-1.3491,-1.0051,-0.17359,-1.7435
1.1015,-1.3079,-2.0885,0.071526,-0.8031,-0.99105,-0.25852,-1.36
1.3348,-0.64071,-1.5776,0.1748,-0.6946,-1.0298,-0.17732,-1.6695
1.4899,-1.1407,-1.9737,-0.036809,-0.4564,-0.83728,-0.63542,-1.4914
0.9959,-0.95373,-1.8393,-0.21959,-0.85268,-1.1689,-0.024547,-1.4982
1.2428,-0.92596,-2.0776,-0.11948,-0.77374,-0.67271,-0.054077,-1.7237
0.99514,-1.1159,-1.9477,0.047002,-0.49282,-0.89418,-0.36607,-1.2657
1.1418,-0.96128,-1.9394,0.28813,-0.76264,-1.0654,0.079495,-1.3575
1.2174,-0.93239,-1.9878,0.033762,-0.55561,-1.3413,-0.35494,-1.4652
1.0228,-0.59907,-1.7068,-0.079764,-0.53935,-0.85017,-0.15792,-1.4752
1.4602,-0.97472,-1.7055,-0.15367,-0.77194,-0.88528,-0.057955,-1.4156
1.3444,-0.4797,-1.8088,-0.011137,-0.89048,-0.91313,-0.10763,-1.4335
1.0514,-0.85526,-1.9837,-0.18344,-0.67336,-0.80498,-0.38871,-1.5202
1.6492,-1.2114,-2.0011,0.071572,-0.76507,-0.90107,-0.17959,-1.5348
1.2101,-1.3199,-1.9124,0.30159,-0.63491,-0.81461,-0.30548,-1.595
0.8844,-1.2365,-2.0147,-0.15371,-0.82192,-0.95574,-0.17322,-1.5947
1.2452,-0.89872,-1.8959,-0.04187,-0.68791,-1.0022,-0.3104,-1.5149
1.3071,-0.77441,-1.7971,0.076225,-0.61745,-0.92332,-0.31805,-1.4207
1.2086,-0.79755,-2.39,-0.0065214,-0.65713,-0.99335,-0.31075,-1.2283
0.93426,-1.0013,-1.6997,-0.079767,-0.68863,-1.1914,-0.20212,-1.5618
1.1024,-1.0497,-1.8635,-0.14039,-0.42457,-0.97905,-0.27591,-1.5216
1.3963,-0.89232,-2.2691,0.1602,-0.78096,-1.2269,0.13347,-1.3687
1.0968,-1.0106,-1.7929,-0.034711,-0.84065,-1.0248,0.079843,-1.2083
1.1801,-1.0365,-2.0164,0.049836,-0.39983,-1.0585,-0.36324,-1.1824
0.89712,-0.77349,-1.4942,-0.23905,-0.37103,-1.0044,-0.083556,-1.4653
1.4341,-1.0449,-1.8388,0.040686,-0.68952,-0.67102,-0.024679,-1.3512
1.0441,-1.0598,-2.3057,0.23674,-0.67076,-1.06,-0.26782,-1.356
1.203,-0.70826,-1.9199,-0.50202,-0.81598,-0.74349,-0.5715,-1.2296
1.1411,-0.92845,-2.2134,0.03605,-0.60314,-0.87496,-0.10736,-0.96658
0.89809,-0.79729,-1.9156,-0.0026294,-0.53132,-0.96658,-0.658,-1.3842
1.252,-0.85418,-1.699,-0.18228,-0.59775,-1.0314,-0.29083,-1.3843
0.96733,-1.0321,-1.8531,-0.17929,-0.75318,-0.90494,-0.25589,-1.1942
1.2293,-1.1193,-2.2457,-0.083167,-0.43046,-0.95167,-0.11689,-1.5868
1.246,-0.45997,-2.0874,-0.093226,-0.56321,-1.1437,-0.41733,-1.7381
0.96153,-0.88695,-2.1004,-0.068035,-0.4638,-1.0348,-0.41453,-1.3813
1.2644,-0.71641,-1.8467,-0.19664,-0.65586,-1.1101,-0.097117,-1.1177
1.1596,-1.0026,-1.9952,-0.12428,-0.66979,-1.0511,-0.096696,-1.5865
1.1843,-1.0732,-1.9883,-0.055927,-0.69216,-0.96672,-0.41493,-1.2496
1.3898,-0.90295,-1.99,0.10402,-0.52108,-0.87834,-0.19691,-1.2896
0.9058,-1.0742,-1.8416,0.22572,-0.45936,-0.75259,-0.16105,-1.4156
0.70855,-0.78663,-2.1163,0.011832,-0.76123,-1.1202,-0.29014,-1.3974
1.1585,-0.78345,-1.9725,-0.014452,-0.54072,-0.87103,-0.047383,-1.6178
1.1803,-0.78668,-2.0562,-0.34044,-0.88703,-0.7203,-0.38112,-1.2656
1.1485,-1.0855,-2.0949,-0.11212,-0.73641,-0.998,-0.23322,-1.4807
0.96726,-1.1474,-2.5162,-0.052264,-0.571,-0.9127,-0.22895,-1.3188
1.1649,-0.878,-2.1457,0.15813,-0.77492,-0.94447,-0.06087,-1.0681
1.377,-0.60857,-1.8948,-0.26605,-0.61697,-1.0974,-0.46437,-1.7022
1.116,-0.9729,-2.0363,-0.11867,-0.68927,-1.0654,-0.42797,-1.5151
1.2855,-0.58125,-1.9936,-0.055022,-0.77708,-1.0117,-0.088298,-1.5172
1.1451,-1.1885,-2.1753,0.22719,-0.46118,-1.017,-0.45944,-1.2489
0.94164,-1.1163,-1.8343,-0.24159,-0.62971,-0.93208,-0.061807,-1.0757
0.87069,-0.83958,-1.8824,-0.1968,-0.71808,-1.4669,-0.18875,-0.93064
1.02,-1.0401,-1.8111,-0.13306,-0.56519,-0.71208,-0.062924,-1.2754
1.2405,-0.71783,-1.9817,-0.12821,-0.5664,-1.0137,0.012804,-1.1265
1.1599,-1.0476,-1.703,-0.056346,-0.37684,-1.0304,-0.25457,-1.3066
0.9435,-0.77059,-1.8347,-0.046963,-0.62741,-1.118,-0.11263,-0.77284
1.055,-0.81285,-1.9386,0.0087772,-0.32123,-0.82321,-0.18772,-1.0489
1.2389,-1.0163,-2.4036,-0.28712,-0.66513,-1.14,-0.0052473,-0.95025
1.0334,-0.93064,-1.9962,0.022544,-0.70531,-1.1637,0.0078627,-1.2409
0.90223,-1.0554,-1.9737,0.14506,-0.31248,-1.3423,-0.21897,-1.0302
1.1432,-1.1487,-1.8971,-0.42158,-0.41852,-1.1461,0.033862,-1.3138
1.2455,-0.95524,-1.6046,0.014606,-0.40185,-1.0752,-0.078691,-1.1804
0.7337,-0.94358,-1.8961,0.027788,-0.76805,-1.2189,-0.088826,-1.2684
0.87236,-0.9288,-1.862,-0.027189,-0.73262,-0.90405,-0.25768,-1.218
0.97379,-1.0558,-1.9033,-0.14371,-0.43458,-1.2951,-0.074147,-1.2146
0.98848,-0.99322,-1.9945,-0.17433,-0.78699,-0.64721,-0.14193,-1.0654
1.4762,-0.95977,-1.929,-0.1607,-0.066526,-0.94332,-0.090174,-1.3252
1.2372,-0.88418,-1.983,-0.24824,-0.44123,-1.138,-0.056978,-1.4777
0.91189,-1.0833,-2.0269,-0.12379,-0.39539,-0.92549,0.2868,-1.6292
0.8838,-0.78005,-1.9338,-0.38408,-0.75599,-1.0099,-0.18323,-1.477
1.1933,-0.63249,-1.6896,0.19048,-0.49466,-0.52153,0.04206,-1.1223
0.73881,-0.82662,-2.136,0.0028989,-0.44046,-0.8471,0.10752,-1.1099
0.81618,-1.0406,-1.815,-0.0069001,-0.58782,-1.1148,-0.0045847,-0.91522
1.2103,-0.81376,-1.9191,-0.028252,-0.24724,-0.94697,0.10758,-1.3673
0.85954,-0.71281,-2.1776,-0.31641,-0.46781,-1.2046,-0.27412,-1.547
1.3223,-0.72404,-1.8258,0.022108,-0.76674,-1.0832,-0.23401,-1.083
1.064,-0.66522,-1.7436,-0.2339,-0.29133,-1.0966,0.00073969,-0.98287
0.71073,-0.81022,-2.0676,-0.05254,-0.36331,-0.99778,-0.12247,-1.213
0.97749,-1.0982,-1.8917,-0.1358,-0.61478,-1.0475,0.33522,-1.0337
0.92529,-0.96895,-2.1613,-0.24745,-0.45867,-0.90451,0.088056,-0.88605
1.0828,-0.83943,-1.9847,-0.20801,-0.63546,-1.102,-0.20734,-1.0255
1.1504,-0.70912,-2.0476,-0.046124,-0.64739,-1.2062,-0.41742,-1.071
0.82934,-0.94042,-2.0781,0.072962,-0.42399,-1.1562,0.25383,-1.0172
0.68789,-0.84465,-1.8339,-0.38102,-0.47159,-0.69679,-0.16385,-0.94094
1.1719,-0.88154,-2.0469,-0.073127,-0.60855,-0.97522,0.33601,-1.2752
0.83855,-0.56189,-2.0498,-0.19694,-0.44014,-1.0726,0.13931,-0.89987
0.80951,-0.83928,-1.5936,-0.0291,-0.30684,-1.5306,-0.47542,-1.0941
1.0871,-0.44576,-1.8583,-0.40968,-0.80525,-1.1125,-0.099629,-1.0196
0.88883,-0.91426,-1.9345,-0.2619,-0.38284,-0.69994,-0.030746,-1.2348
0.82105,-0.81793,-1.7855,0.00045408,-0.52886,-1.269,-0.22761,-0.92604
1.0115,-0.59885,-2.163,-0.18962,-0.41754,-1.1343,-0.07545,-0.85599
0.82738,-0.55305,-1.7855,-0.29835,-0.42623,-1.126,-0.075157,-1.3409
0.77247,-0.4714,-1.9858,0.28846,-0.30233,-1.1619,0.23946,-1.2634
0.98598,-1.0793,-1.9424,-0.19005,-0.39117,-0.8668,0.33273,-1.1282
1.0458,-0.56266,-1.7616,-0.21804,-0.33365,-0.98703,0.088528,-1.0961
0.87135,-0.74255,-2.151,-0.39718,-0.56585,-1.1045,-0.39945,-1.0972
1.0449,-0.65029,-1.7729,0.10776,-0.1947,-1.1047,0.26762,-1.0396
0.73909,-0.74244,-1.7496,-0.27728,-0.64557,-1.2421,0.049587,-1.0351
0.83339,-0.75289,-1.9161,-0.18268,-0.26979,-1.1256,0.11051,-0.96382
1.0197,-0.96551,-1.994,-0.21833,-0.37885,-1.2352,-0.11189,-1.1153
0.93556,-0.986,-1.9777,-0.061218,-0.24954,-0.96204,0.22732,-0.91186
0.9682,-0.84117,-1.8962,-0.36393,-0.55779,-0.88133,0.18869,-0.93541
0.9429,-0.50057,-1.9498,-0.2284,-0.65095,-1.2471,0.25754,-1.2335
1.2582,-0.83235,-1.7799,-0.20006,-0.71388,-1.1225,0.14086,-1.006
0.76762,-0.93217,-2.0053,-0.16356,-0.52599,-1.0957,0.3864,-1.2707
0.64863,-1.0764,-1.4427,-0.1196,-0.43648,-0.74505,-0.30702,-0.90404
0.86173,-1.0562,-1.8803,-0.38866,-0.53278,-0.95938,0.39472,-1.103
0.7576,-0.60965,-1.4754,-0.49579,-0.59283,-0.79652,0.10156,-0.91181
1.4576,-0.71969,-1.9157,-0.23794,-0.27322,-0.88655,-0.011597,-1.1643
0.95621,-0.43394,-1.5571,-0.0059302,-0.31981,-1.102,-0.034213,-1.0892
0.67449,-0.77792,-1.9625,-0.41626,-0.40992,-0.85131,0.34295,-0.97467
0.62915,-0.82521,-1.9736,-0.014193,-0.13891,-0.78668,-0.049059,-1.0795
0.59266,-0.88675,-1.8269,-0.022487,0.058822,-0.93268,0.12248,-1.0162
1.0471,-0.75509,-1.7646,-0.1068,-0.18635,-1.1244,0.31133,-1.2134
0.93198,-0.72405,-1.8454,-0.33685,-0.67757,-0.83876,0.41138,-1.1061
0.66168,-0.72916,-1.9416,-0.34551,-0.33903,-0.94981,0.25282,-1.011
0.73008,-0.54761,-1.9294,-0.04181,-0.49292,-0.83281,-0.12964,-1.1879
1.0467,-1.0874,-1.4975,-0.41721,-0.43824,-0.82722,0.29328,-0.92381
0.99027,-0.73184,-1.618,-0.090931,-0.32037,-1.0679,0.18867,-0.76101
0.99686,-0.86102,-1.7021,-0.40759,-0.56027,-0.97635,0.2231,-0.91355
0.78624,-0.97211,-1.6354,-0.41351,-0.11317,-0.99904,0.0036217,-0.78239
0.82982,-0.78272,-1.9636,0.021805,-0.37716,-1.0681,0.20021,-0.93785
0.79055,-1.1943,-1.7157,-0.51511,-0.43438,-1.2077,0.40537,-0.98097
0.5336,-0.88752,-1.5445,-0.4016,-0.52614,-1.1984,0.31104,-0.87765
0.87484,-0.68371,-2.068,-0.044121,-0.53007,-0.87075,0.2156,-0.85096
0.77063,-0.8709,-1.7176,-0.51213,-0.6307,-0.95346,0.018004,-0.75553
0.69182,-1.0946,-1.3497,-0.18871,-0.22045,-1.0861,0.20957,-1.0595
0.70578,-0.6698,-1.679,-0.28515,-0.50681,-1.1223,0.22493,-1.082
0.91981,-0.90653,-1.9841,-0.35933,-0.25955,-1.3517,0.21176,-0.66484
0.75535,-0.47319,-1.6385,-0.36089,-0.36503,-0.69947,0.28779,-0.83826
1.1301,-0.50803,-1.8831,-0.035037,-0.47614,-0.93174,-0.037176,-1.1135
0.88732,-0.91402,-1.6308,-0.072931,-0.37148,-0.96879,0.35009,-1.2278
0.75211,-0.83248,-1.5598,-0.58971,-0.43781,-0.79392,0.27374,-1.1384
0.67544,-0.88462,-1.8048,-0.19319,-0.44108,-1.0468,-0.1669,-1.06
0.74995,-0.79309,-1.7797,0.096474,-0.18872,-1.2144,0.13676,-0.74452
0.50694,-0.68259,-1.6379,0.019582,-0.52381,-0.94862,0.023369,-0.87752
0.90817,-0.93501,-1.9365,-0.32907,-0.3039,-0.70565,0.35935,-1.1733
0.92248,-0.67687,-1.99,-0.064998,-0.38138,-0.88136,0.14656,-0.68574
0.90631,-0.64427,-1.7667,-0.19663,-0.14445,-0.76712,0.26929,-0.9133
0.50817,-0.75546,-1.9189,-0.15382,-0.4454,-1.1678,0.089259,-0.80239
0.77514,-0.37525,-2.1981,-0.34633,-0.48652,-0.97826,0.5029,-0.91446
0.86482,-0.8968,-1.8434,-0.19371,-0.081901,-1.0493,0.17081,-0.79494
0.82773,-0.98667,-1.8333,-0.11295,-0.075977,-1.0463,0.35091,-0.7368
0.80617,-0.89519,-1.7745,-0.14751,-0.05936,-1.3682,0.20627,-0.7151
0.81503,-1.1594,-1.6987,-0.28412,-0.60376,-0.77996,0.13168,-0.86292
1.0369,-1.022,-1.4272,-0.087642,-0.53621,-0.94072,0.011314,-1.0744
0.72453,-0.73073,-1.7213,-0.352,-0.34712,-1.3177,0.19234,-1.1902
0.82316,-0.67785,-1.6468,-0.33469,-0.20363,-0.78186,0.093119,-0.80921
0.96216,-0.87477,-1.707,-0.041047,-0.010353,-0.76468,0.048296,-0.77416
1.0167,-0.59229,-1.7681,-0.47937,-0.046944,-0.86836,0.33849,-0.87676
0.75512,-0.9051,-1.3924,-0.25233,-0.18209,-1.1069,0.036455,-1.2692
1.0173,-0.82422,-1.2405,-0.23029,-0.47081,-1.0455,0.2596,-0.68507
0.8221,-1.0008,-1.8144,-0.51636,-0.34821,-0.92688,0.2804,-0.59524
0.74824,-0.69399,-1.5982,-0.57057,-0.36607,-0.87588,0.22739,-1.2142
0.36617,-1.0478,-1.9785,-0.13626,-0.29758,-1.1668,0.47106,-0.94764
0.36258,-0.53984,-1.6397,-0.22365,0.020555,-1.0685,0.2345,-0.73693
0.20554,-0.42193,-1.7424,-0.44383,-0.10209,-1.336,0.3643,-0.71375
0.57739,-0.84127,-1.7793,-0.2158,-0.31635,-0.99509,0.5004,-0.72687
0.66289,-0.52506,-1.8051,0.072726,-0.069883,-1.1773,0.41087,-1.0699
0.65761,-0.50775,-1.4481,-0.4508,-0.086189,-1.0378,0.29631,-1.0199
0.85196,-0.83779,-1.6783,-0.31019,-0.26724,-0.91639,0.30925,-0.90141
0.56239,-0.59399,-1.5377,0.041588,-0.21578,-1.0712,0.31994,-0.96849
0.53969,-0.78568,-1.6909,-0.3535,-0.094331,-0.82439,0.56842,-0.83934
0.30075,-0.77528,-1.638,-0.065156,-0.27039,-1.1792,0.32788,-0.93249
0.70021,-0.54289,-1.6868,-0.15178,-0.44922,-0.73116,0.30154,-0.70128
0.76605,-1.0965,-1.3176,-0.033971,-0.18493,-1.0756,0.55177,-0.68738
0.74319,-0.76374,-1.7957,-0.13621,-0.12086,-0.95189,0.35975,-0.95394
0.74364,-0.78283,-1.4719,-0.24692,-0.45262,-1.0285,0.1523,-1.1902
0.75668,-0.55052,-1.1215,-0.30334,-0.34043,-0.74174,0.41113,-1.0082
0.42696,-0.68153,-1.3171,-0.17271,-0.09381,-1.0026,0.43808,-0.99782
0.54888,-0.86146,-1.663,-0.086067,0.082717,-1.1812,0.50309,-1.2457
0.697,-0.64129,-1.468,-0.062508,0.46362,-1.1887,0.24567,-0.87914
0.34639,-0.96289,-1.6903,-0.10862,-0.062542,-0.81044,0.27727,-0.76664
0.8608,-0.88258,-1.5111,-0.25857,-0.18709,-0.99231,0.45047,-0.81976
0.8207,-0.78396,-1.4467,-0.36202,-0.090838,-0.72356,0.30031,-0.78501
0.50177,-0.80869,-1.5438,-0.18038,-0.314,-1.0392,0.34356,-0.93487
0.62889,-0.44879,-1.3517,-0.18923,-0.0097698,-1.0907,0.44927,-0.55942
0.47611,-0.48881,-1.5177,-0.51876,-0.24958,-1.2075,0.43975,-0.80824
0.76273,-0.61367,-1.7041,-0.47719,-0.11705,-0.92233,0.1599,-0.99044
-0.0051901,-0.49855,-1.4951,-0.42915,-0.097833,-1.0486,0.54644,-1.0314
0.70435,-0.81387,-1.5306,-0.25992,-0.32716,-0.72688,0.29396,-0.68905
0.3451,-0.99329,-1.4261,-0.36876,-0.21123,-0.66498,0.57588,-0.89219
1.0184,-0.69816,-1.6817,0.019264,-0.41177,-1.0348,0.42647,-0.6524
0.59025,-0.65011,-1.7239,-0.15409,-0.35178,-1.0112,0.51353,-0.67947
0.45919,-0.6951,-1.4911,-0.43469,-0.072157,-0.94815,0.24877,-1.1229
0.89818,-0.58721,-1.7391,-0.11473,-0.098274,-0.75239,0.012707,-0.74659
0.78633,-0.55543,-1.3927,-0.052925,-0.14153,-0.90313,0.5012,-1.1025
0.44384,-0.84553,-1.585,-0.14459,0.18238,-0.8819,0.27623,-0.87184
0.75873,-0.68745,-1.6764,-0.23621,0.11151,-1.2951,0.82553,-0.69418
0.63397,-1.0146,-1.7879,-0.18848,0.025757,-0.89606,0.3718,-1.2018
0.34293,-0.41197,-1.6281,-0.21959,-0.011072,-1.4023,0.18736,-1.1314
0.5028,-0.42946,-1.494,-0.076912,-0.2129,-0.9381,0.2758,-0.95126
0.23637,-0.62327,-1.1345,-0.29999,0.21222,-1.0654,0.32533,-0.95287
0.38906,-0.56939,-1.2677,-0.29805,-0.10423,-0.96103,0.20038,-0.95176
0.16208,-0.47703,-1.4935,-0.45443,0.076217,-0.88335,0.38592,-0.94726
0.57253,-0.77318,-1.4708,-0.56056,0.089073,-0.69931,0.39462,-0.64948
0.59144,-0.34376,-1.3928,-0.40782,-0.39447,-0.93558,0.42541,-1.0187
0.4983,-0.95083,-1.3689,-0.23661,-0.19424,-0.97353,0.38415,-0.9385
0.48481,-0.7202,-1.2679,-0.15004,-0.33034,-0.97335,0.22116,-0.52518
0.6119,-0.91055,-1.3598,-0.45255,-0.01725,-1.0349,0.33214,-0.69728
0.5293,-0.59829,-1.7718,-0.26212,-0.02422,-1.0428,0.3385,-0.76685
0.45577,-0.79642,-1.4585,-0.48017,0.12735,-1.1309,0.14146,-0.62775
0.34794,-0.68636,-1.314,-0.42755,-0.33607,-0.74825,0.43313,-0.84404
0.39422,-0.66283,-1.3534,-0.53356,0.19197,-1.255,0.10823,-0.92664
0.72371,-0.64061,-1.2562,-0.4252,-0.081875,-1.027,0.46998,-0.79185
0.57865,-0.29482,-1.2642,-0.40786,-0.25949,-0.91753,0.43273,-1.0128
0.62394,-0.73673,-1.3038,-0.22519,-0.4685,-0.79139,0.42766,-0.82158
0.031664,-0.46512,-1.3301,-0.32389,-0.014986,-1.001,0.3753,-0.95108
0.75852,-0.31804,-1.5009,-0.29979,-0.14082,-1.1439,0.4449,-0.9004
0.32666,-0.16907,-1.1411,-0.17939,0.080864,-0.81473,0.26163,-0.64369
0.37853,-0.74906,-1.1897,-0.39858,0.013278,-0.59974,0.35274,-0.97836
0.59348,-0.5206,-1.2799,-0.55622,-0.2256,-0.7776,0.46462,-0.86546
0.43431,-0.70225,-1.5023,-0.38455,0.25093,-1.1165,0.45747,-1.0246
0.83379,-0.64788,-1.5392,-0.37717,0.016132,-1.4491,0.62217,-0.89966
0.3282,-0.67996,-0.98741,-0.75312,-0.1521,-1.0043,0.43526,-0.80902
0.64714,-0.58151,-1.6483,-0.10993,-0.03125,-0.75704,0.48626,-1.0049
0.57521,-0.4704,-1.0871,-0.37536,0.050304,-1.1638,0.040896,-0.88487
0.32055,-0.78341,-1.2571,-0.10255,0.25407,-1.1952,0.66698,-0.94883
0.62767,-0.70539,-1.6259,-0.29952,-0.23648,-1.0793,0.81442,-0.94131
0.49502,-0.74989,-1.2591,-0.46356,0.17328,-1.187,0.75446,-0.96807
0.30251,-0.426,-1.2371,-0.43756,-0.28851,-1.1509,0.43437,-0.63164
0.463,-0.54214,-1.1525,-0.36211,-0.15344,-1.1888,0.53356,-0.83993
0.4287,-0.511,-1.2356,-0.24819,0.53781,-0.95619,0.23794,-1.0327
0.66846,-0.54335,-1.4636,-0.03186,-0.0442,-0.91426,0.039985,-0.81251
0.483,-0.46879,-1.1094,0.045008,0.026803,-1.0721,0.46422,-0.8039
0.74148,-0.61766,-0.95696,-0.36277,0.053437,-1.0912,0.48323,-0.76759
0.4619,-0.4977,-1.4724,-0.38174,-0.18493,-0.65261,0.42699,-1.1527
0.73847,-0.69932,-1.1652,-0.25433,0.2971,-1.344,0.69965,-1.2083
0.78983,-0.72839,-1.2215,-0.28013,0.24171,-1.2766,0.58771,-0.96038
0.53605,-0.37018,-0.87852,-0.14069,-0.03452,-0.9313,0.63839,-0.90909
0.21173,-0.42081,-1.1532,-0.41883,-0.11579,-1.1813,0.34716,-0.63677
0.40762,-0.63105,-1.1432,-0.095591,0.49791,-0.87721,0.44509,-0.95767
0.51623,-0.47841,-0.92128,-0.060682,0.13416,-1.1263,0.28316,-1.6237
0.43958,-0.76975,-1.0652,-0.29344,-0.097542,-1.1052,0.50441,-1.0794
0.38001,-0.40327,-1.2684,-0.21513,0.41932,-0.96948,0.46771,-1.0755
0.62653,-0.34443,-1.1683,-0.45315,0.30666,-1.0033,0.50803,-0.91939
0.51381,-0.73167,-1.515,0.095648,-0.021745,-0.71322,0.30508,-1.3056
