0.71865,-1.436,1.0663,0.26463,1.0014,0.77243,1.6652,0.93502
0.28084,-1.3791,1.2088,0.41763,1.1172,0.78535,1.544,0.87049
0.35482,-1.4066,1.0227,0.81186,1.2226,0.7203,1.3297,0.8204
0.47423,-1.4231,1.1219,0.33083,1.2553,0.88655,1.5719,0.60021
0.3202,-1.4926,1.0156,0.55239,1.364,0.53179,1.514,1.1568
0.54683,-1.2374,0.88138,0.5244,1.3435,0.80562,1.6888,0.78244
0.45703,-1.4265,1.2739,0.26095,1.1666,0.67198,1.758,0.53072
0.53507,-1.5712,1.3275,0.57479,1.1178,0.93546,1.6806,0.93716
0.71654,-1.6311,1.1436,0.29338,1.0485,0.5574,1.528,0.98718
0.30909,-1.403,1.0657,0.65825,1.1823,0.87358,1.5745,0.91373
0.27806,-1.8401,1.4643,0.41152,1.2023,0.85454,1.6104,0.87293
0.36174,-1.6617,1.528,0.6446,1.0322,0.56994,1.5849,1.2531
0.46021,-1.607,1.0694,0.49658,0.75937,0.92231,1.5856,1.0375
0.67885,-1.5475,0.93893,0.58133,1.1314,0.73004,1.6216,0.68953
0.70647,-1.4284,1.1735,0.50678,1.0978,0.79594,1.863,1.1415
0.45042,-1.8679,1.2828,0.41269,0.67459,0.89282,1.6901,0.59076
0.15792,-1.34,1.0607,0.17887,0.96668,1.0074,1.7412,0.95079
0.59779,-1.3489,1.0379,0.39176,0.99539,0.45973,1.855,0.98091
0.55178,-1.3353,1.3837,0.44114,1.1817,0.64802,1.6584,0.93419
0.43278,-1.3145,1.2454,0.59905,0.69639,0.96194,1.5493,0.68763
0.5568,-1.3455,1.2622,0.58515,1.0383,0.91704,1.916,0.70399
0.55184,-1.5027,1.5883,0.80241,0.99715,0.43897,1.549,0.63171
0.6428,-1.7292,1.0677,0.8529,0.97941,0.80426,1.4249,0.44932
0.4704,-1.7288,1.1503,0.43808,0.94967,0.87908,1.9362,1.0676
0.57937,-1.3277,1.232,0.57523,0.95615,0.55965,1.4352,0.73897
0.21975,-1.3681,1.1494,0.49864,1.0744,0.6406,1.7225,1.0235
0.60172,-1.3186,1.3297,0.60192,0.64117,0.82161,1.5996,0.7063
0.80142,-1.3145,1.0206,0.49346,0.81994,0.99747,1.5264,0.838
0.55338,-1.2757,0.83967,0.57407,1.2819,0.56391,1.6133,0.40245
0.14226,-1.5034,1.2767,0.49539,0.99747,0.62299,1.8061,0.87598
0.46263,-1.4203,1.3526,0.37391,1.0441,0.70664,1.9597,0.73468
0.41682,-1.1723,0.97943,0.41451,1.0613,0.66571,1.5233,0.98696
0.43892,-1.5906,1.293,0.32766,1.0874,0.66273,1.8645,0.76195
0.58425,-1.4532,1.2024,0.53478,1.0458,0.98179,1.8827,0.72588
0.55761,-0.94182,1.1469,0.58424,1.1396,0.92409,1.5892,0.70336
0.52259,-1.2892,1.4799,0.52527,1.0101,0.6888,1.8564,0.79818
0.73437,-1.4269,1.3079,0.51314,1.0074,0.76469,1.6827,0.648
0.43283,-1.2961,1.1704,0.61098,0.87396,1.0293,1.9664,0.70203
0.66356,-1.7881,1.0359,0.72081,1.0664,0.78551,1.7222,0.82358
0.71157,-1.1366,1.2342,0.50756,0.85499,0.84908,1.6253,0.94252
0.41083,-1.5264,1.1801,0.78774,1.0689,0.77837,1.391,0.72027
0.40287,-1.4302,0.96241,0.87685,0.54863,0.61901,1.6864,0.90933
0.72684,-1.566,1.229,0.41751,0.96731,0.99921,1.549,0.62597
0.2795,-1.5213,1.2772,0.58525,0.71433,1.0548,2.1348,0.58294
0.79018,-1.2237,1.3758,0.61484,0.99788,0.83575,1.5564,0.55863
0.52474,-1.2132,0.79778,0.70362,1.0606,0.83141,1.5751,0.6865
0.46071,-1.4015,1.1747,0.4382,1.0342,0.66366,1.772,0.99293
0.42584,-1.3539,1.2071,0.44864,0.77813,0.93451,1.6613,0.67469
0.62289,-1.0636,1.1067,0.59279,1.0084,0.82071,1.6282,0.75567
0.67937,-1.6086,1.2964,0.71073,0.87908,0.76362,1.5046,0.55878
0.64375,-1.3833,1.2767,0.93813,0.9461,0.73218,1.9332,0.48307
0.62745,-1.0541,1.3666,0.65843,0.94459,0.87231,1.7873,0.3575
0.71113,-1.2809,1.3717,0.82872,1.1185,0.76711,1.6586,0.75635
0.51341,-1.6188,1.0961,0.76876,1.005,0.76785,1.5064,0.60264
0.5103,-1.2136,0.68686,0.55196,1.1319,0.94484,1.6931,0.62893
0.71206,-1.736,1.2553,0.6198,1.0091,0.95798,1.8209,0.55069
0.72552,-1.6053,1.0814,0.57502,0.77837,0.83031,1.6737,0.56915
0.48034,-1.5684,1.05,0.25371,0.723,1.1878,1.5343,0.77825
0.83898,-1.2537,1.1739,0.47806,0.67383,0.83686,1.891,0.83122
0.64643,-1.7515,1.2873,0.77188,0.65173,1.1918,1.6758,0.69511
0.40809,-1.3999,1.3157,0.56046,0.93538,0.85141,1.745,1.0248
0.63306,-1.3619,1.3967,0.50225,0.79206,0.98178,1.7665,0.60262
0.74837,-1.1616,1.2411,0.5645,1.0931,0.68687,1.8195,0.45157
0.39524,-1.2462,1.3391,0.4045,1.0422,0.78666,1.8378,0.6278
0.76875,-1.3159,1.3474,0.7288,0.74423,0.97114,1.7255,0.78358
0.55556,-1.6287,0.8636,0.6418,0.8829,0.78491,2.0676,0.53655
0.65863,-1.1517,1.327,0.33486,0.81907,1.0216,2.1494,0.71789
0.75663,-1.7398,0.92291,0.76866,0.93775,0.91836,2.0151,0.85557
0.60117,-1.1789,0.90779,0.44969,0.77975,0.97138,1.2712,0.6455
0.4986,-1.3534,1.0791,0.60875,0.71852,0.93858,1.618,0.63298
0.89299,-1.0963,0.90333,0.74143,0.85246,0.52157,2.0314,0.72921
0.64521,-1.2706,1.2489,0.67186,1.0566,1.3099,1.642,0.71903
0.2378,-1.0882,1.0001,0.59934,0.83723,0.93416,2.0455,0.59484
0.42973,-0.91679,1.1667,0.76991,0.66507,0.79841,2.1763,0.59139
0.76189,-1.4691,1.2073,0.80947,0.67641,1.065,1.9981,0.77927
0.87897,-1.4027,0.90884,0.67966,0.65691,1.0604,1.8929,0.54962
0.44459,-1.3986,1.1324,0.69291,0.78944,0.8643,2.0605,0.57247
0.45475,-1.109,0.97357,0.57201,0.77105,1.2334,1.9865,0.46848
0.42725,-1.0465,1.3084,0.54509,0.65272,0.8766,1.46,0.54662
0.90038,-1.2016,1.0049,0.60409,0.89444,0.84916,1.9513,0.52999
0.5564,-1.1117,1.0568,0.78137,0.71284,0.50095,2.3275,0.44144
0.71997,-1.1271,1.3016,0.50139,0.73994,1.2892,2.0469,0.56871
0.71638,-1.3425,1.375,0.4959,1.025,0.89275,1.8364,0.57798
0.73132,-1.3779,1.1925,0.59733,0.5632,1.015,1.6873,0.49204
0.679,-1.0055,1.3549,0.65201,0.76705,0.9889,1.8614,0.50185
0.70528,-1.5632,0.97931,0.59776,0.87548,1.061,1.9271,0.39227
0.63937,-1.3847,1.2284,0.55335,0.63965,0.94335,2.1321,0.29142
0.83593,-1.2501,1.3852,0.87313,1.0302,0.4802,1.9405,0.49856
0.6458,-1.2434,1.0257,0.63909,0.93525,0.78524,1.5109,0.61977
0.49871,-1.2944,1.1813,0.69636,0.529,0.66097,1.9474,0.35894
0.49035,-1.2866,1.4143,0.65136,0.79541,0.88448,1.8241,0.53411
1.0303,-1.3548,1.2605,0.72648,0.73485,0.80935,1.8673,0.13054
0.62186,-1.3339,0.76651,0.47003,0.72413,1.1066,1.8178,0.36042
1.0324,-1.3587,1.1115,0.54362,0.68853,1.1415,1.9704,0.39509
0.7527,-1.2104,1.2064,0.76818,0.56923,0.74615,1.8975,0.45355
0.67045,-1.3907,0.91074,0.58936,0.69269,1.0019,2.0429,0.92443
0.49493,-1.0866,1.187,0.74604,0.51042,1.0641,1.8723,0.18558
0.8384,-1.3915,1.174,0.89052,0.71654,1.2033,2.1197,0.41115
0.69781,-1.4666,1.1419,0.52223,0.70861,1.2061,2.0065,-0.005058
0.64336,-1.2556,1.1911,0.63856,0.56571,0.76977,1.8523,0.60513
0.74456,-1.1373,1.094,0.69196,0.62044,0.92207,1.9436,0.48617
0.696,-1.3573,1.3296,0.94514,0.77231,1.1469,1.7266,0.40694
0.7028,-1.1932,0.86478,0.50651,0.72154,0.95268,2.0534,0.33955
0.75177,-1.4273,1.3098,0.59931,0.87284,1.0535,1.7093,0.41155
0.1979,-1.2571,1.2537,0.71449,0.36142,1.1056,2.0288,0.36786
0.55124,-1.1297,0.98136,1.0272,0.95272,1.0568,1.9181,0.43707
0.49758,-1.2343,1.1715,0.72264,0.78821,0.84937,1.8246,0.47585
0.4518,-1.2717,1.2629,0.61954,1.0094,0.94894,2.1559,0.47407
0.45179,-1.2783,0.96118,0.79697,0.71259,0.78146,2.0376,0.35379
0.44312,-1.5744,0.92557,0.71956,0.68489,1.1427,1.8893,0.38285
0.71813,-0.91065,1.292,0.82288,0.621,1.1769,1.8204,0.40141
0.62355,-0.96487,1.0371,0.72136,0.54302,1.5276,1.9504,0.27949
0.59688,-1.2677,1.0199,0.63753,1.0062,0.97978,2.2682,0.30841
0.49308,-1.3974,0.79997,0.42141,0.3751,0.88437,2.1635,-0.14021
0.55443,-1.1406,1.0395,0.74835,0.71564,1.0033,1.7303,0.42419
0.16828,-1.0942,1.0608,0.7958,0.89932,0.94674,1.9931,0.1574
0.90999,-1.0508,1.1254,0.88201,0.34726,0.96585,2.1706,0.37033
0.37018,-1.1461,0.8682,0.36792,0.64062,0.96834,1.9087,0.68185
0.82712,-0.95992,1.1688,0.81603,0.80187,0.94507,2.1812,-0.11378
0.51681,-1.1496,1.2569,0.99465,0.72965,1.0972,2.2673,0.23465
0.44158,-1.2643,1.209,0.60736,0.73097,0.87874,1.4859,0.17275
0.78005,-1.2289,1.0295,1.0513,0.45143,1.0849,1.8012,0.022275
0.85379,-1.2505,1.2884,0.7882,0.97902,1.1631,1.9481,0.41381
0.93168,-1.5472,1.3097,0.79057,0.60053,1.1241,1.819,0.091394
0.78882,-0.63759,1.0053,0.70249,0.86455,1.1381,2.1237,0.41031
0.56533,-1.4191,1.235,1.0359,0.61063,0.89943,1.9922,0.29814
0.40905,-1.0885,0.97972,0.8047,0.46926,0.94254,1.9567,0.34873
0.49508,-1.0643,0.91312,0.71209,0.6576,0.99111,2.2837,-0.15941
0.62826,-1.0348,1.3798,0.80294,0.65673,1.3515,2.1255,0.2254
0.8926,-1.2258,1.0299,0.45793,0.75472,1.2945,2.0704,0.29643
0.75796,-1.2969,1.177,0.51399,0.87313,0.89926,1.7243,0.15018
0.62289,-1.4936,1.0212,0.70238,0.44162,0.80808,1.9302,0.077738
0.71482,-1.389,1.2206,1.019,0.24608,1.008,2.1418,0.25877
0.56398,-1.1067,1.1773,0.76957,0.5049,0.75012,1.9284,0.034736
0.64256,-1.1575,0.9515,0.56166,0.48501,1.0007,1.9192,0.28185
0.61847,-1.2221,1.3472,1.1574,0.95653,1.4239,1.5395,-0.24228
0.7391,-1.0863,1.0905,0.31382,0.37552,1.2679,2.0861,0.085349
0.59336,-1.254,1.1601,0.82812,0.69508,1.3116,2.1297,0.041639
0.60194,-1.1445,1.077,0.93584,0.87166,1.0723,1.7805,-0.11707
0.92595,-1.1647,0.94668,0.46645,0.47467,1.3305,1.6824,0.24593
0.42861,-1.0762,1.1674,0.69756,0.65485,1.3663,1.8297,0.14685
0.63583,-0.97572,1.1357,0.93649,0.11481,0.97052,2.0026,0.11467
0.44405,-0.95868,1.3718,0.86294,0.77699,1.3872,1.8761,0.1911
0.60591,-1.2338,1.1275,0.5984,0.56577,1.063,1.8451,-0.027922
0.50213,-1.513,0.92462,0.645,0.61385,1.6014,2.1318,0.29483
0.92001,-0.90432,1.2417,0.85152,0.50135,1.2602,1.867,-0.13443
0.48685,-1.4671,1.1503,0.81288,0.75877,1.0033,2.2839,0.18894
0.66423,-1.1693,1.2326,0.54227,0.69637,1.3146,1.8178,0.17441
0.55888,-1.006,1.1742,0.65547,0.86164,1.2029,1.9537,0.03919
0.50942,-0.86733,1.4355,0.58208,0.70093,1.0653,1.9835,0.016305
0.6983,-1.2216,0.88508,0.75677,0.12726,1.1655,2.0022,0.26269
0.47945,-1.1241,1.1332,0.7743,0.58509,1.2603,1.923,-0.17149
0.5489,-1.2264,1.0024,1.0176,0.78715,1.2113,2.0856,0.019946
0.41116,-1.0062,1.1371,0.74795,0.52552,1.2434,1.9053,0.21571
0.53807,-1.1865,1.1143,0.67831,0.58914,0.97957,1.8645,-0.00052052
0.51553,-1.1839,1.2617,0.80518,0.50197,1.0706,2.0162,-0.21374
0.70747,-1.1756,0.97472,0.78358,0.13734,1.5869,2.0531,0.12317
0.53482,-1.2485,1.1258,0.85012,0.80711,1.4648,1.9025,-0.01456
0.30163,-1.1641,1.1569,0.71314,0.64696,1.3744,1.9509,-0.32291
0.78843,-1.1675,1.0566,0.94805,0.65468,1.0117,1.8844,-0.13761
0.82106,-1.0042,0.96354,0.73032,0.43758,1.0549,1.946,-0.2654
0.48083,-1.3121,1.031,0.65819,0.63175,1.0218,1.8902,-0.18235
0.35284,-0.86716,1.1762,0.5098,0.68993,1.1757,1.5778,-0.14858
0.48431,-1.3769,0.93324,0.8919,0.6872,0.87882,1.9071,-0.038394
0.7037,-1.3407,1.143,1.087,0.42224,1.2002,1.9607,0.28722
0.54466,-1.2289,1.158,0.71397,0.44094,1.5966,2.1338,-0.0063716
0.59008,-0.87613,0.96424,0.79974,0.36169,1.0992,1.8978,0.036429
0.4683,-1.4354,0.83354,0.93691,0.32932,1.2265,2.0059,-0.3547
0.28647,-1.4231,1.0459,0.77625,0.79275,1.4517,1.98,-0.19457
0.53619,-1.0094,0.8985,0.77903,0.61035,0.88187,1.8439,-0.20102
0.98975,-0.99573,1.3144,0.5783,0.38075,1.381,1.9821,-0.11098
0.59751,-1.0427,1.0458,0.70523,0.51701,0.97554,1.8335,-0.086409
0.55551,-1.2227,1.4292,1.1156,0.36772,1.0306,2.0108,-0.13116
0.24374,-1.3389,0.9809,0.61117,0.33436,1.2833,1.8241,-0.035659
0.56098,-0.87132,0.99436,1.1072,0.47709,1.203,2.0953,0.0031782
0.60578,-1.0199,0.76776,0.76274,0.68619,1.058,1.9236,0.0088656
0.56633,-1.3649,1.3317,1.0061,0.83829,1.0673,2.0625,0.075111
0.32708,-0.98248,1.3168,1.0775,0.53761,1.134,1.8177,-0.23683
0.3201,-1.0147,1.1225,1.1634,0.29675,1.218,1.8436,0.18204
0.74997,-1.21,1.0701,0.65658,0.48892,1.547,1.7186,-0.21785
0.41282,-1.0648,1.0752,0.55601,0.33458,1.1407,1.938,-0.10112
0.53845,-1.0353,0.96315,0.6105,0.36691,1.3343,2.2556,-0.028433
0.4563,-1.2931,1.086,0.57594,0.28564,1.2174,1.4335,-0.27006
0.7126,-0.93147,1.0434,0.63042,0.40939,1.2372,1.6689,0.093875
0.702,-1.1419,0.942,0.57958,0.4685,1.4153,1.5755,-0.48586
0.20549,-1.1224,0.96787,0.65827,0.35535,1.4173,1.7534,-0.066984
0.3395,-1.2431,1.0535,0.60557,0.62093,1.5895,2.0334,-0.31951
0.33707,-1.2111,1.1172,0.76097,0.36664,1.0649,1.9336,-0.079427
0.52576,-1.4061,1.0392,0.82616,0.55561,1.1975,1.63,0.04138
0.6993,-1.1408,0.82324,0.80174,0.56536,1.05,2.0376,-0.37398
0.38815,-1.1662,1.1417,0.81571,0.70184,1.4707,2.0212,-0.28065
-0.021597,-0.95128,0.94412,0.76374,0.43806,1.0996,2.0565,-0.16002
0.11167,-1.1357,1.0434,0.86382,0.88891,1.0613,1.7685,-0.038213
0.025103,-1.3473,1.0902,0.73742,0.45911,0.94695,2.0461,-0.29603
0.40424,-1.2461,1.1039,0.48279,0.27613,1.2928,1.9245,-0.23852
0.27982,-1.0269,1.0207,0.5575,0.53847,0.99894,1.8381,-0.67168
0.4534,-1.2254,1.1888,0.84621,0.25386,1.2812,1.6142,-0.091178
0.44377,-1.4179,1.2578,0.66983,0.26314,1.305,1.8854,0.21597
0.45177,-1.2391,1.2486,0.79516,0.61022,1.1279,2.2916,-0.29008
0.38794,-1.5676,0.94561,0.74846,0.72506,1.4177,2.0374,-0.17529
0.39968,-1.1274,1.0726,1.0758,0.51046,1.3902,2.0016,0.093181
0.17415,-0.85735,0.90526,0.82651,0.29386,0.96416,1.8661,-0.46618
-0.17397,-1.4605,0.73807,0.69456,0.08295,1.5025,1.9368,0.20009
0.48291,-1.1702,1.4034,0.93114,0.58176,1.0484,1.4906,-0.31985
0.31722,-1.3097,0.99912,0.50009,0.38589,1.2549,1.6641,-0.18524
0.17775,-0.72967,1.3365,0.9134,0.46962,1.2624,1.6471,-0.16656
0.35577,-1.1984,0.91512,0.7338,0.35463,1.386,1.5836,-0.25662
0.24562,-1.4087,1.1831,0.78688,0.55029,1.4878,1.9272,0.015127
0.21914,-1.0626,1.251,0.71817,0.17944,1.3993,1.532,-0.23484
0.32753,-1.09,1.0544,0.81049,0.51627,1.2637,1.8449,-0.093605
0.3405,-0.91321,1.2718,0.97199,0.67742,1.3257,1.5305,-0.010461
0.2651,-1.4768,0.94841,0.52958,0.34785,1.0282,1.9193,-0.44967
0.26564,-1.634,0.96997,0.99801,0.44372,1.5096,1.7566,-0.22713
0.17801,-1.209,1.4155,0.73867,0.37753,1.214,1.7009,-0.41275
0.078394,-0.97789,1.2541,0.51792,0.42721,1.1466,1.5011,-0.27313
-0.0024528,-1.4726,0.94512,0.80797,0.38957,1.1808,1.5432,-0.37221
0.20188,-0.92589,0.98926,0.7306,0.25112,1.3086,1.5037,-0.2174
0.55287,-1.2274,0.97768,0.97637,0.63031,1.2439,1.4726,-0.30131
0.28316,-1.1734,1.2051,0.79714,0.56583,1.5105,1.6969,-0.55525
0.32534,-1.0845,0.8588,0.86243,0.46206,1.2271,1.5982,-0.23753
0.21954,-1.368,0.75819,0.65579,0.16266,1.1619,1.956,-0.25857
0.16579,-1.2509,0.54485,0.77057,0.53408,1.4419,1.7201,-0.21109
-0.36599,-1.0595,1.2342,0.87829,0.42142,1.2345,1.8384,-0.39321
0.29585,-1.3658,1.1507,0.99071,0.36892,1.3391,1.8018,-0.077246
0.21082,-1.4092,0.83763,0.92717,0.50796,1.333,1.6407,-0.49418
-0.10647,-1.0883,0.76362,0.70809,0.42269,1.4634,1.6438,-0.01316
0.21769,-0.93039,1.1744,0.79823,0.56344,1.0644,1.5295,-0.12831
0.23585,-1.3174,0.95137,0.83852,0.47618,1.1581,1.5336,-0.1592
0.0021255,-1.2033,1.0447,0.95408,0.46339,1.298,1.5511,-0.058003
0.074227,-1.024,0.86573,0.53552,0.44255,1.3265,1.7851,-0.4739
0.052401,-1.4372,1.1315,0.63127,0.51687,1.2324,1.7001,-0.35413
0.26136,-1.1609,0.80271,0.78511,0.77363,1.3299,1.5803,-0.015048
0.31664,-0.89269,1.2593,0.58056,0.18432,1.5828,1.3724,0.0071172
0.23337,-1.0788,0.81443,0.71969,0.49706,1.2476,1.8247,-0.34151
0.056129,-1.1481,0.94664,0.74041,0.61445,1.5197,1.615,-0.4187
0.0021821,-1.1166,0.92975,0.48984,0.4306,1.3759,1.479,-0.3715
-0.00041968,-0.98618,1.0313,0.7431,0.43831,1.1358,1.804,-0.23588
-0.31665,-1.474,1.2769,0.55462,0.78196,1.5311,1.3941,-0.20672
0.11128,-1.25,1.1634,0.75292,0.46141,1.0664,1.6925,-0.27499
-0.091779,-1.5228,1.2335,0.26019,0.52874,1.5347,1.734,-0.35724
0.11114,-1.2735,1.014,0.84753,-0.067486,1.5684,1.6607,-0.55208
0.23114,-1.1332,1.0055,0.68489,0.42057,1.3022,1.7641,-0.29068
0.15747,-1.0714,1.1337,0.76426,0.29357,1.5122,1.36,-0.37772
-0.054012,-1.2612,1.1132,0.77135,0.58477,1.4544,1.7017,-0.29503
0.2028,-1.3585,1.0691,0.6361,0.47255,1.0833,1.4385,-0.17606
-0.070983,-1.7032,0.98364,0.84592,0.068234,1.0451,1.2624,-0.64533
0.078927,-1.2493,1.006,0.64842,0.59454,1.0938,1.8686,-0.68932
0.13122,-1.2157,1.1391,0.94389,0.75813,1.4215,1.653,-0.3537
0.15828,-1.574,1.045,0.84847,0.54927,1.4102,1.5628,-0.39833
-0.020787,-1.2121,1.2172,0.90984,0.71093,1.5377,1.4344,-0.15832
0.039725,-1.2115,1.2769,0.80343,0.44676,1.7589,1.3163,-0.34167
-0.039453,-1.3287,1.2672,0.91667,0.30688,1.554,1.5438,-0.43329
-0.23905,-1.7168,1.0574,0.77417,0.19781,1.4892,1.6236,-0.22464
0.072861,-1.3398,0.83132,0.75168,0.36374,1.0417,1.2393,-0.2716
-0.20498,-1.1376,1.2558,1.1772,0.29185,1.2124,1.6406,-0.62651
-0.41871,-1.5281,1.1649,0.76892,0.55473,1.2685,1.4001,-0.44294
-0.2667,-1.5906,1.0267,0.57587,0.26488,1.1797,1.4849,-0.30391
0.012935,-1.1494,0.95414,0.60339,0.61544,1.0603,1.1547,-0.1807
-0.5166,-1.1928,1.4514,0.62988,0.085293,1.334,1.6355,-1.0299
-0.12813,-1.273,0.87097,0.55918,0.26662,1.0637,1.5892,-0.29327
0.31713,-1.1416,0.84871,0.45462,0.47007,1.2554,1.7707,-0.35201
0.032572,-1.4994,1.2445,0.72331,0.26178,1.4312,1.2748,-0.62012
-0.0016219,-1.5005,1.5013,0.72149,0.77339,1.6303,1.4446,-0.182
-0.23219,-1.4257,0.97785,0.552,0.61745,1.468,1.3853,-0.33033
-0.30113,-1.3028,1.0091,1.2206,0.25365,1.263,1.3628,-0.41954
-0.40801,-1.5929,0.96122,0.72424,0.52283,1.1911,1.4645,-0.62156
-0.14057,-1.756,1.0037,0.99628,0.27716,1.0566,1.3442,-0.53664
-0.17914,-1.1498,1.1655,0.37485,0.3804,1.1461,1.2056,-0.31237
0.17314,-1.1385,1.1556,0.75865,0.66852,1.5676,1.1612,-0.43437
-0.18905,-1.481,1.2747,0.54254,0.54375,1.2005,1.3909,-0.29445
-0.22382,-1.2092,1.0651,0.79869,0.38435,1.3286,1.2258,-0.48584
-0.30271,-1.2026,0.91811,0.78464,0.52251,1.2636,1.715,-0.61948
-0.032576,-0.9297,0.85577,0.53942,0.32414,1.1946,1.4293,-0.82893
0.086083,-1.2782,0.8174,0.38644,0.65011,1.4311,1.1045,-0.27176
-0.19975,-1.7165,1.0925,0.66987,0.15781,1.166,1.2728,-0.46242
-0.13389,-1.0715,1.0485,0.52987,0.56037,1.2301,1.2983,0.0050406
-0.12966,-1.3695,1.1615,0.54188,0.41894,1.1292,1.4413,-0.41625
-0.095907,-1.4626,0.90178,0.4153,0.37038,1.361,1.2536,-0.1759
-0.28021,-1.0806,1.051,0.59229,0.41942,1.3128,0.97173,-0.14949
-0.26033,-1.357,1.2429,0.75407,0.4729,1.3955,0.99282,-0.78712
0.21558,-1.6806,0.87069,0.73775,0.75753,1.4783,1.303,-0.81596
-0.54226,-1.5443,0.89708,0.67349,0.20183,1.2956,0.98153,-0.39665
-0.28042,-1.1199,0.82779,0.37746,0.40226,1.5368,1.2957,-0.57119
-0.25943,-1.3441,1.3696,0.72543,0.7806,1.4554,1.2516,-0.41327
-0.11823,-1.5189,1.5054,0.63361,0.45703,1.2054,1.2623,-0.17902
0.097845,-1.1509,1.162,0.52806,0.43601,1.0931,0.88282,-0.17046
-0.37929,-1.7158,0.95071,0.41596,0.39698,1.6094,0.8795,0.079319
-0.58824,-1.1796,1.0743,0.54596,0.51717,1.0097,0.99627,-0.40682
-0.16605,-1.5342,0.78489,0.30749,0.50117,1.3389,1.6482,-0.32456
-0.20032,-1.3672,1.0465,0.72893,0.68569,1.3424,1.0064,-0.53665
-0.16831,-1.4613,0.69271,0.60661,0.71928,1.2751,1.1853,-0.15266
-0.47505,-1.5571,1.0768,0.36028,0.11724,1.3411,0.93896,-0.60103
-0.46841,-1.5782,0.91907,0.69535,0.55053,1.1389,1.0757,-0.57624
-0.34898,-1.3676,1.181,0.69125,0.42326,1.0805,1.0746,-0.19853
-0.0017349,-1.3201,1.0919,0.41746,0.60691,1.3485,1.2069,-0.47563
-0.21274,-1.2957,0.83883,0.54636,0.49889,1.2376,1.0257,-0.71298
-0.59325,-1.6576,0.99471,0.94879,0.29367,1.6537,1.1392,-0.007649
-0.3271,-1.5076,0.88309,0.77905,0.43072,1.1258,1.2144,-0.24838
-0.080403,-1.5338,0.9141,0.66251,0.48842,1.1386,1.3435,-0.58185
-0.40432,-1.7025,0.70846,0.45144,0.55726,1.3076,0.96998,-0.66014
-0.51398,-1.2772,0.89347,0.49331,0.23018,1.3748,1.2332,-0.17477
-0.5179,-1.6631,1.2909,0.5952,1.0739,1.4925,0.97075,-0.5921
-0.40203,-1.6905,1.4282,1.1543,0.22232,1.2817,1.1986,-0.47238
-0.44419,-1.4081,1.4978,0.61683,0.30913,1.2914,0.93479,-0.32278
-0.49152,-1.3775,1.0211,0.21201,0.18203,1.3835,0.99462,-0.57946
-0.26817,-1.3691,1.3329,0.55533,0.56483,1.2121,1.1941,-0.12853
-0.37133,-1.3172,1.0804,0.44698,0.55867,1.3796,1.0445,-0.26271
-0.49009,-1.7038,1.3842,0.42734,0.32294,1.3223,0.72087,-0.33175
-0.18177,-1.6288,1.019,0.58243,0.36774,1.1899,0.98384,-0.48191
-0.34503,-1.3695,1.1737,0.49797,0.29105,1.616,1.215,-0.33928
-0.29656,-1.3492,1.0762,0.30456,0.65715,1.0946,0.6926,-0.34074
-0.14919,-1.4652,0.88163,0.47343,0.66639,1.6142,1.2702,-0.50949
-0.21119,-1.2916,1.0267,0.42872,0.53256,1.7533,0.94111,-0.18655
-0.61529,-1.2858,1.27,0.45432,0.66154,1.0267,0.99235,-0.14363
-0.36803,-1.1577,1.2455,0.6657,0.59872,1.4366,1.011,-0.54348
-0.37437,-1.593,1.191,0.41591,0.33699,1.6373,1.2685,-0.34836
-0.59344,-1.5872,1.2897,0.73278,0.69715,1.3447,0.8081,-0.54788
-0.53956,-1.6967,0.94979,0.41221,0.16659,1.3712,1.1742,-0.34524
-0.4348,-1.2944,1.384,0.17319,0.47663,0.9934,0.8612,-0.3448
-0.71388,-1.4544,1.3894,0.39602,0.28537,1.1559,0.78855,-0.40967
-0.23258,-1.8159,0.72888,0.46758,0.98378,1.2799,0.76635,-0.70883
-0.57964,-1.5858,1.214,0.40201,0.43568,1.3025,0.85422,-0.63802
-0.51492,-1.6506,0.89906,0.28687,0.60299,1.3265,0.80146,-0.55438
-0.69288,-1.5678,1.3078,0.67305,0.39876,1.2163,0.89897,-0.46051
-0.86323,-1.4873,0.99711,0.44225,0.58509,0.92268,0.68169,-0.31636
-0.72009,-1.58,1.0874,0.42315,0.78291,1.0218,0.54311,-0.57565
-0.34146,-1.4701,1.1149,0.40198,0.36768,1.2591,0.79733,-0.51929
-0.29334,-1.552,1.1488,0.42743,0.80514,1.375,0.64872,-0.35432
-0.69219,-1.5258,0.89199,0.538,0.48882,1.2066,1.0244,-0.31937
-0.51695,-1.5189,0.75183,0.56737,0.56662,1.0389,0.96459,-0.085359
-0.88046,-1.6848,1.21,0.15063,0.48989,1.1653,0.52443,-0.3813
-0.64935,-1.7083,1.3759,0.4795,0.3597,1.4835,0.65203,-0.11683
-0.83838,-1.719,0.93785,0.38287,0.43923,1.1108,0.81471,-0.37408
-0.61406,-1.4573,1.1597,0.54719,0.31958,1.1148,0.63977,-0.45935
-0.66784,-1.2694,1.0239,0.36743,0.78051,1.107,1.1185,-0.40121
-0.29209,-1.4467,1.205,0.10063,0.54801,1.186,1.0701,-0.27583
-0.70631,-1.3569,1.1498,0.43571,0.81607,1.1956,0.4793,-0.25338
-0.73535,-1.5735,0.81571,0.11912,0.90746,1.1113,0.93983,-0.18665
-0.627,-1.8135,1.2966,0.58127,0.69329,1.4362,0.28307,-0.31993
-0.41324,-1.2322,1.0953,0.18778,0.42037,1.3101,0.92652,-0.88884
-0.05907,-1.4037,1.4466,0.56733,0.53602,1.0669,0.75664,-0.20727
-0.4585,-1.6963,1.0792,0.49511,0.41201,1.5469,0.71194,-0.3281
-0.59917,-1.7882,1.0528,0.46525,0.57268,1.1972,0.35013,0.038966
-0.63559,-1.3806,1.0547,0.34567,0.46647,1.3342,0.82894,-0.54892
-0.50039,-0.9289,1.0492,0.78627,0.58359,0.88036,0.47653,-0.19399
-0.74002,-1.7034,1.4243,0.45391,0.75654,1.175,0.75977,-0.33234
-0.52496,-1.5555,1.1435,0.44597,0.60758,1.3763,0.64839,0.27456
-0.72205,-1.4596,1.2015,0.31252,0.50071,0.76235,0.77996,-0.16167
-0.41374,-1.6451,1.4568,0.54853,0.54525,1.1934,0.43707,-0.14619
-0.64269,-1.7771,1.127,0.23977,0.41407,0.8972,0.37173,-0.38858
-0.69176,-1.6256,0.89794,0.21386,0.56529,1.0797,0.7687,-0.062882
-0.6845,-1.639,1.1289,0.12078,0.64441,1.2787,0.65192,-0.086915
-0.61269,-1.7702,1.1189,0.54979,0.6074,1.0981,0.64531,-0.23087
-1.0003,-1.5589,1.229,-0.22291,0.68224,1.0586,1.053,-0.094475
-0.50436,-1.8382,1.4014,0.32437,0.4098,1.003,0.61337,-0.056662
-0.57759,-1.417,1.2544,0.31999,0.38759,1.114,1.0471,-0.27065
-0.65883,-1.6504,1.3053,0.24527,1.0734,0.95457,0.46496,-0.17208
-0.77182,-1.2777,0.88733,0.56502,1.0459,1.4248,0.75685,0.046913
-1.0789,-1.3395,1.507,0.25185,0.83527,1.2587,0.74412,-0.092603
-0.72956,-1.5474,1.166,0.25964,0.51864,0.86539,0.6987,-0.29707
-0.61218,-1.5,1.0386,0.1239,0.86579,1.2691,0.5927,-0.23337
-0.98115,-1.5137,1.1854,0.1624,0.75742,1.3209,0.60452,-0.29605
-0.90106,-1.3711,1.4214,0.27382,0.59319,0.93231,0.53137,0.19138
-0.98922,-1.7642,1.3433,0.52229,0.88166,1.3039,0.44497,0.11553
-1.0067,-1.6217,1.076,0.23659,0.76089,0.67828,0.17357,-0.003097
-0.75847,-1.5829,1.4711,0.03027,1.0539,1.0812,0.49709,-0.094667
-0.74972,-1.393,1.0396,-0.11891,0.70201,1.005,0.097131,0.37024
-0.94814,-1.3644,1.0341,0.44511,0.86953,1.4713,0.49859,0.0063424
-0.70063,-1.7353,1.1736,0.27403,0.4827,1.0037,0.16911,-0.15056
-0.95965,-1.7406,1.1869,0.18847,0.75993,1.4856,0.58268,0.10135
-0.92118,-1.8455,1.4514,0.38085,0.71716,1.2713,0.356,-0.4937
-1.0303,-1.8031,1.4478,0.055921,1.1528,1.4023,0.42486,0.11611
-0.87823,-1.4661,1.0899,0.18028,0.78092,1.1965,0.38148,-0.21184
-0.87867,-1.8585,1.4475,-0.030334,0.80016,1.0932,0.34333,-0.16276
-1.2846,-1.6429,1.458,0.093897,0.45511,1.2353,0.43023,-0.18956
-0.74433,-1.2471,1.4392,0.043192,0.68886,0.84917,0.4235,-0.25335
-0.77899,-1.8485,1.5474,0.33539,0.43256,0.86328,0.33246,-0.048942
-0.89692,-1.7624,1.2526,0.11058,0.88803,0.82059,0.5529,-0.20585
-0.80444,-1.8449,1.047,0.22994,0.94878,1.133,0.59437,-0.1182
-0.9059,-1.7763,1.2655,-0.090987,0.31884,1.0726,0.53393,-0.09971
-1.0872,-1.7276,1.3048,-0.6508,0.78667,1.1296,0.51105,0.061562
-0.68692,-1.601,1.2682,0.14131,0.64017,0.99614,0.39006,-0.1386
-0.56897,-1.514,1.5977,0.15637,0.43804,1.3632,0.36842,0.20573
-0.87874,-1.4372,1.2783,0.14554,0.73156,1.0367,0.45113,-0.03344
-1.0773,-1.7518,1.0747,0.25782,0.61419,1.0929,0.21973,-0.35569
-0.87948,-1.6999,1.5185,0.49513,0.72403,1.3126,0.35032,-0.17839
-0.51585,-1.6337,1.5336,-0.044627,0.29455,0.90384,0.38687,-0.28907
-0.64514,-1.7456,1.2736,-0.15921,0.79994,0.98052,0.3809,0.16813
-0.86364,-1.7328,1.3334,0.24423,0.85651,0.73827,0.36967,0.34632
-0.877,-1.7598,0.93639,-0.012955,0.73453,1.1892,0.299,-0.0033237
-0.69826,-1.4522,1.363,0.19892,0.67501,1.2402,0.038575,0.042678
-0.93266,-1.6821,1.257,0.043238,0.92203,1.2856,0.32803,-0.12147
-1.2475,-1.5972,1.1378,0.27322,0.52696,1.0878,0.24656,-0.13073
-0.9186,-1.59,1.3294,0.098773,0.75992,0.91248,0.27199,-0.10755
-0.97935,-1.7506,1.1499,0.094871,0.75384,0.98991,0.22432,0.051473
-0.95675,-1.4658,1.4574,0.037247,0.81269,1.264,0.45253,-0.15153
-0.80834,-1.791,1.6332,-0.060822,0.52172,0.98321,0.37197,0.098812
-0.71373,-1.5206,1.2369,-0.027238,0.75099,0.81312,0.16098,-0.18454
-0.96145,-1.4764,1.1696,0.013716,0.57497,0.69363,0.23981,-0.0056894
-0.95609,-1.5422,1.514,0.052674,0.68985,1.3122,0.44217,0.014005
-1.0267,-1.6296,0.92963,0.16728,0.90559,0.83503,0.35007,-0.0080162
-1.104,-1.3352,1.4912,-0.031235,0.59988,1.072,-0.15235,0.13444
-0.76954,-1.4837,0.9608,0.18033,1.1269,1.12,0.21402,0.13904
-1.2598,-1.7715,1.1054,0.084745,0.82447,0.84119,0.27992,0.21495
-0.78794,-1.6063,1.4582,-0.098388,0.90329,0.96562,0.2253,0.13673
-0.89993,-1.7597,1.2452,0.17033,0.94935,0.46154,0.17813,0.31289
-1.3114,-1.7635,1.413,-0.10075,0.87323,1.1364,0.15269,0.12087
-0.86658,-1.6787,1.1681,0.19897,0.74648,0.91175,0.43386,0.27073
-1.1045,-1.6467,1.5314,0.13571,0.62158,0.83792,-0.0016555,0.01125
-0.73325,-1.6617,1.43,0.012816,0.93103,0.99481,0.39543,0.20129
-0.71117,-1.9926,1.0566,-0.15826,1.0959,0.85662,0.36411,0.12502
-0.78765,-1.7669,1.3385,0.20556,0.82189,1.164,0.025987,0.25228
-0.92595,-1.7109,1.2708,-0.12986,1.0508,1.0823,0.27421,0.25333
-0.8328,-1.7305,1.5131,0.27756,0.51189,0.59226,0.3303,0.15574
-1.4459,-1.8097,1.3448,0.13084,0.94356,0.92001,0.25099,0.26512
-1.0269,-1.6791,1.4493,-0.19794,0.85677,1.1548,0.089066,-0.066821
-0.87654,-1.8489,1.2023,-0.32866,0.92683,1.0347,0.093086,0.46366
-1.0358,-1.5617,1.3339,-0.3367,0.863,1.0035,0.048847,0.066165
-1.0563,-1.883,1.3863,0.046438,1.0137,0.76934,0.10512,0.29214
-1.1329,-1.8341,1.2593,0.016518,0.68741,0.85285,0.23306,0.022283
-1.2691,-1.6889,1.2716,-0.17347,0.55428,0.83777,0.31781,0.30972
-0.85365,-1.4144,1.337,0.17043,0.86847,0.61606,0.04102,0.44715
-1.0157,-1.6628,1.107,0.13904,0.78417,1.0233,0.24255,0.40426
-0.93189,-1.1943,1.4234,-0.15516,0.87527,1.0837,0.21473,0.093318
-0.96541,-2.0809,1.0525,-0.050384,0.76478,1.1788,-0.19796,0.20878
-0.79491,-1.7331,1.4736,0.0053228,1.0062,0.89275,0.27376,0.072328
-0.77257,-1.6381,1.4703,-0.31171,1.1797,0.75814,0.16623,0.38899
-1.001,-1.9087,1.3257,0.0070922,0.80657,1.0453,0.25919,0.35603
-1.2551,-1.7672,1.7782,-0.42352,1.0459,1.0719,-0.16632,0.2946
-1.0541,-1.3511,1.6273,-0.41557,1.1076,0.67293,-0.10786,0.11165
-1.0314,-1.8482,1.4696,-0.11899,1.1482,0.98021,-0.069005,0.47468
-1.0773,-1.8421,1.3794,-0.15005,0.76338,0.68834,-0.035479,0.17321
-1.0133,-1.7738,1.4121,-0.22337,0.75822,0.72816,0.0057127,0.33515
-1.1665,-1.4221,1.3459,-0.34421,0.87485,0.93395,0.14456,0.21462
-1.1638,-1.9931,1.5449,-0.24713,0.94306,0.75578,0.33166,0.19697
-1.086,-1.6516,1.2746,0.090948,0.6779,1.0785,-0.1714,0.21744
-1.1283,-1.7927,1.392,-0.054604,1.0134,0.88694,-0.031477,0.54016
-1.1688,-1.6255,1.7532,-0.21578,0.79235,0.66115,-0.054946,0.34537
-0.90534,-1.4332,1.2542,0.13117,0.71098,0.8534,-0.065355,0.40932
-0.76157,-1.8717,1.4065,-0.13313,1.2612,0.67557,-0.085786,0.17987
-1.229,-1.7681,1.3995,-0.32986,1.0325,0.33577,-0.1291,0.41445
-0.96142,-1.8091,1.2336,-0.061509,1.1446,0.89787,0.02632,0.37074
-1.1152,-1.5064,1.6073,-0.12826,0.96442,1.0644,0.11453,0.59833
-0.96272,-1.5387,1.6959,-0.11448,0.87177,0.90621,-0.25823,0.32893
-1.3259,-1.6796,1.6796,-0.24187,0.9248,0.8631,0.18608,0.36452
-0.83712,-1.2929,1.6185,-0.098166,1.0457,0.92842,-0.20372,0.29133
-0.89371,-1.5435,1.0046,-0.11031,1.1626,0.89284,0.33788,0.66002
-0.89569,-1.8039,1.1499,-0.41036,1.0764,1.0274,0.07204,0.32566
-1.1291,-1.6544,1.2235,-0.20336,1.231,0.43864,-0.087249,0.38675
-1.0741,-1.6816,1.6698,0.29842,1.1329,0.79612,0.11152,0.44134
-0.98019,-1.5975,1.409,-0.039264,0.8011,0.73358,0.14618,0.49714
-1.3881,-1.7719,1.3704,-0.12121,0.74833,0.86821,-0.057496,0.38965
-1.122,-2.044,1.5699,-0.23293,0.71458,0.78235,0.0093407,0.28542
-1.0198,-1.8522,1.4378,-0.032822,0.89993,0.80855,-0.0039734,0.60492
-1.021,-1.7024,1.6835,-0.43708,1.2917,0.87183,0.08286,0.29781
-0.611,-1.7645,1.9138,-0.23958,1.0966,0.60883,-0.19494,0.24864
-1.0156,-1.7557,1.2385,-0.25462,0.92378,0.98281,-0.011567,0.36218
-1.1943,-1.6167,1.3074,-0.24311,1.2674,0.71638,-0.0083739,0.39012
-0.97727,-1.7375,1.1772,-0.41175,1.4893,0.71242,-0.19377,0.41395
-0.99337,-2.1035,1.5213,-0.074534,1.1898,0.64901,-0.062922,0.58762
-1.0831,-1.5596,1.7018,-0.34589,1.2188,0.29737,-0.40372,0.76978
-0.8698,-1.833,1.5288,-0.59926,1.2239,0.97752,-0.094507,0.36886
-1.1997,-1.8373,1.3794,-0.38049,1.1769,0.45675,-0.28879,0.6032
-1.1863,-1.7316,1.5063,0.0088176,1.0012,0.55226,0.040472,0.76024
-1.3051,-1.556,1.5289,-0.23013,1.2006,0.95296,0.047105,0.82635
-1.5278,-1.7605,1.3607,-0.35868,1.19,0.5295,0.14055,0.43801
-0.87738,-1.7524,1.3369,-0.43165,1.0505,0.62419,0.055115,0.36081
-0.90214,-1.6505,1.4826,-0.16149,1.113,0.81154,-0.21521,0.61275
-0.94036,-1.5953,1.5928,-0.06498,1.269,0.78347,-0.37338,0.90471
-1.0951,-1.4476,1.4384,-0.23771,0.88724,1.0493,-0.20478,0.77428
-0.93508,-1.2119,1.4807,-0.38577,1.1919,0.77893,0.089489,0.62395
-1.1028,-1.3348,1.307,-0.43222,1.2647,0.47373,-0.1662,0.80867
-1.4697,-1.3461,1.3509,-0.28241,1.1711,0.51034,-0.22562,0.48561
-0.98865,-1.5317,1.512,-0.18775,0.99089,0.49937,-0.15614,0.49343
-0.89295,-1.4581,2.037,-0.34606,1.1369,0.77608,0.28671,0.62842
-0.76753,-1.3823,1.4011,-0.07945,1.3152,0.96133,0.074684,0.5215
-0.80228,-1.6694,1.414,-0.19663,0.90094,0.72519,-0.10078,0.29213
-0.90971,-1.9309,1.6134,-0.28529,1.0667,0.55544,-0.19231,0.96157
-0.96197,-1.6531,1.6047,-0.015536,1.0557,0.73023,-0.18286,0.67851
-0.9444,-1.8075,1.4507,-0.34994,1.2259,0.40293,-0.11294,0.5104
-1.1101,-1.6262,1.7106,-0.20192,1.0131,0.54697,-0.28324,0.56746
-1.0034,-1.7091,1.6983,0.036087,1.4733,0.71605,-0.41239,0.61163
-1.0623,-1.5038,1.5017,-0.17495,1.2559,0.27891,-0.20163,0.36585
-1.1078,-1.6407,1.1852,-0.59436,1.0692,0.53641,0.030012,0.5533
-1.3138,-1.6755,1.3574,-0.31311,1.1316,0.62958,0.061347,0.63873
-0.84365,-1.5918,1.4118,-0.30454,1.4185,0.6623,0.203,0.72793
-0.73842,-1.5497,1.4162,-0.11729,0.9212,0.84406,-0.27128,0.6296
-1.162,-1.8866,1.3045,-0.45891,0.86377,0.66291,-0.35048,0.44944
-0.9064,-1.6949,1.3441,-0.61922,0.86908,0.34242,-0.35087,0.31707
-0.85187,-1.6404,1.6328,-0.6044,1.1529,0.33043,-0.13597,0.82298
-1.0138,-1.5822,1.6132,-0.34589,0.95333,0.72688,-0.20709,0.89434
-0.81046,-1.6441,1.3135,-0.47233,1.1824,0.78348,-0.29945,0.75425
-0.53086,-1.728,1.4077,-0.54778,1.1541,0.48146,-0.10554,0.46787
-1.0711,-1.6098,1.5987,-0.40731,1.0709,0.56973,-0.017183,0.5546
-0.83043,-1.69,1.643,-0.32913,1.4113,0.9834,-0.39489,0.77909
-1.0162,-1.4186,1.6208,-0.098676,1.2454,0.4852,0.0010052,0.57715
-0.95305,-1.4089,1.7326,-0.26384,1.3781,0.68703,-0.43958,0.43769
-0.60478,-2.0922,1.4606,-0.62855,1.3724,0.68867,-0.078376,0.70962
-1.0854,-1.315,1.9,-0.14679,1.1358,0.50626,0.1258,0.94296
-0.94189,-1.396,1.6613,-0.44378,1.2285,0.39533,-0.24362,0.71069
-1.2252,-1.6579,1.2982,-0.68064,1.3634,0.59726,-0.22818,0.55394
-0.95843,-1.6332,1.5139,-0.25645,1.4471,0.33959,-0.04225,0.50213
-0.8964,-1.7903,1.6093,0.14937,1.0821,0.47842,-0.054852,0.71101
-0.80078,-1.4042,2.0315,-0.20183,1.3115,0.40411,-0.32652,0.77282
-0.90381,-1.3649,1.8418,-0.40545,0.9617,0.94458,0.026027,0.70893
-1.087,-1.5823,1.5957,-0.53726,1.4471,0.26668,-0.1225,1.0298
-0.95917,-1.842,1.5338,-0.45169,0.98075,0.52658,0.19082,0.71211
-0.88152,-1.6976,1.4056,-0.2084,1.2009,0.65561,-0.50256,0.72887
-1.164,-1.5844,1.042,-0.3084,1.0923,0.3,0.11861,0.92073
-0.63202,-1.7091,1.6561,-0.32957,1.3797,0.58144,0.065273,0.6676
-1.1081,-1.7424,1.6432,-0.32098,1.0161,0.96651,-0.24181,0.90787
-1.0051,-1.6093,1.6166,-0.44508,1.071,0.27746,-0.2369,0.66567
-0.88825,-1.5212,1.8406,-0.6648,1.0996,0.63133,-0.17432,1.3561
-0.87536,-1.2879,1.4146,-0.56425,1.2957,0.16086,-0.36042,1.1539
-0.63127,-1.3677,1.3064,-0.762,1.5241,0.23566,-0.11257,0.97004
-1.044,-1.6059,1.8228,-0.69357,1.3774,0.49357,-0.10069,0.75438
-0.65749,-1.7391,1.7027,-0.38313,1.1091,0.44968,-0.12325,1.0549
-0.89114,-1.537,1.655,-0.57897,1.3374,0.5186,0.025346,0.95464
-0.41801,-1.3215,1.5336,-0.78588,1.2271,0.37788,0.11029,1.0666
-0.98537,-1.3402,1.3833,-0.23841,1.3321,0.45798,-0.0078103,0.64673
-0.73202,-1.4634,1.5914,-0.50009,1.4476,0.88132,-0.3715,0.91786
-1.1931,-1.6054,1.7233,-0.41175,1.5209,0.49148,-0.1463,1.0644
-1.0927,-1.3664,1.5518,-0.24283,1.4444,0.56488,0.22201,1.1971
-0.94055,-1.3677,1.534,-0.39712,1.1458,0.47658,-0.093234,1.0973
-0.84542,-1.5524,1.5177,-0.35176,1.1129,0.30623,-0.069992,1.076
-0.84305,-1.3354,1.8443,-0.53446,1.5076,0.32601,0.12991,0.84957
-0.81155,-1.697,1.6126,-0.59748,1.4566,0.46111,-0.08384,1.261
-0.95081,-1.8786,1.3796,-0.27317,1.039,0.63752,0.032315,1.0068
-1.0398,-1.7884,1.4806,-0.66307,1.3913,0.8162,-0.086978,0.92699
-0.76295,-1.539,1.4954,0.038452,1.6748,0.57443,-0.27106,1.1431
-0.8087,-1.4193,1.4656,-0.34873,1.5824,0.34319,0.027251,1.0651
-0.9183,-1.472,1.6395,0.017203,1.2495,0.37477,-0.10874,1.1079
-0.67611,-1.0262,1.6573,-0.43131,1.3792,0.26265,-0.15263,1.0589
-0.67174,-1.4624,1.5618,-0.29861,1.4817,0.57484,-0.34206,1.1509
-0.73926,-1.5251,1.7358,-0.36854,1.7421,0.67457,-0.19313,0.90596
-0.63013,-1.3857,1.6642,-0.37945,1.2812,0.31138,-0.045559,1.2419
-1.155,-1.1945,1.7229,-0.69921,1.1444,0.59793,-0.092264,1.0285
-0.64582,-1.5312,1.787,-0.71613,1.3687,0.29949,-0.039495,1.1995
-0.72525,-1.289,1.5917,-0.18829,1.1394,0.49776,-0.13167,0.88196
-0.43183,-1.4628,1.529,-0.51424,1.1727,0.37445,-0.26048,1.1331
-0.73989,-1.5789,1.63,-0.27009,1.2784,0.026034,0.1131,1.201
-0.87033,-1.6222,1.2471,-0.39516,1.308,0.29582,-0.090497,1.1286
-0.57322,-1.5177,1.8331,-0.61892,1.4194,0.51479,-0.10845,1.1407
-0.65757,-1.822,1.5306,-0.5763,1.185,0.51654,0.10388,1.1067
-0.39929,-1.7503,1.5566,-0.59223,1.2724,0.28946,0.029409,1.0254
-0.71106,-1.4449,1.5305,-0.67883,1.4373,0.36456,0.072613,1.0653
-0.69708,-1.5537,1.5185,-0.35066,1.3177,0.32974,0.059543,0.77974
-0.49612,-1.4202,1.5211,-0.32087,1.464,0.65954,0.097447,1.0007
-0.79495,-1.3715,1.6181,-0.51247,1.3702,0.26358,-0.15413,1.1924
-0.72138,-1.3383,1.5146,-0.46826,1.3786,0.39738,0.038662,1.024
-0.88781,-1.2105,2.0159,-0.27745,1.2771,0.1121,-0.22488,1.1819
-0.66555,-1.1367,1.5644,-0.34963,1.6952,0.24428,-0.39257,0.80685
-0.52852,-1.3606,1.2598,-0.56734,1.4732,0.11926,0.069974,1.0307
-0.78013,-1.4843,1.3902,-0.36351,1.4725,0.20657,0.21497,1.177
-0.32248,-1.3469,1.8512,-0.4049,1.7897,0.75021,-0.075523,0.9527
-0.3767,-1.7089,1.711,-0.28003,1.2546,0.54173,0.22746,1.0624
-0.37263,-1.2699,1.8184,-0.60871,1.6376,0.51426,0.091104,1.7116
-0.50104,-1.1917,1.6481,-0.3664,1.2127,0.271,-0.04478,0.82641
-0.41042,-1.5004,1.6913,-0.559,1.546,0.31769,0.31186,1.2331
-0.61684,-1.4156,1.7,-0.61547,1.5779,0.13834,-0.10908,1.263
-0.50508,-1.3536,1.46,-0.2567,1.636,0.33002,0.12835,1.5491
-0.43159,-1.5015,1.4094,-0.29499,1.2936,0.18615,-0.11154,0.80809
-0.65395,-1.6284,1.635,-0.52001,1.4488,0.41939,0.074077,1.3553
-0.44817,-1.3195,1.677,-0.84343,1.4432,0.42207,0.097287,1.2211
-0.50474,-1.4881,1.9399,-0.58405,1.4148,0.25053,-0.070951,1.5255
-0.65229,-1.416,1.7388,-0.64661,1.4012,0.30911,-0.0255,1.0807
-0.68892,-1.5234,1.7265,-0.048762,1.4995,0.1709,-0.19466,1.1186
-0.52182,-1.5596,1.9534,-0.11211,1.7574,0.4624,-0.29094,1.1875
-0.54159,-1.2498,1.7502,-0.81367,1.5386,0.22241,0.034258,0.97974
-0.63616,-1.2951,1.58,-0.80427,1.7098,0.50083,-0.015975,1.4822
-0.83022,-1.6061,1.5728,-0.34156,1.5052,0.377,0.13988,0.97201
-0.6692,-1.2233,1.6524,-0.47811,1.6308,0.38853,0.024518,1.1298
-0.62354,-1.183,1.6086,-0.81172,1.6773,0.29196,0.14527,1.0072
-0.42208,-1.3411,1.7854,-0.62229,1.6182,0.48903,-0.11168,1.0882
-0.29988,-1.1662,1.823,-0.57401,1.5047,0.37556,0.26122,1.241
-0.51278,-1.0938,1.8433,-0.88201,1.3223,0.26679,0.13052,1.2635
-0.44092,-1.637,1.6358,-0.52435,1.5152,0.040717,-0.038881,1.4685
-0.17537,-1.5138,1.8424,-0.6267,1.6745,0.34351,0.1848,1.0027
-0.05161,-1.3619,1.4364,-0.74465,1.5836,0.28489,-0.030308,1.2135
-0.49487,-1.3819,1.7499,-0.4942,1.4147,0.77701,0.51508,1.4634
-0.37886,-1.2761,1.6564,-0.52652,1.3825,0.4468,0.14315,1.1071
-0.059592,-1.0968,1.5896,-0.58119,2.0077,0.18029,0.0062827,1.18
-0.71056,-1.3034,1.3803,-0.55825,2.0052,0.1893,-0.0055615,1.0686
-0.49873,-1.2985,1.2666,-0.58361,1.1043,0.34238,-0.041189,1.2915
-0.8282,-1.2313,1.5201,-0.42665,1.4137,0.39152,0.2812,1.4674
-0.39791,-1.0499,1.8608,-0.57204,1.7034,0.24605,0.33456,1.3675
-0.79943,-1.1609,1.5292,-0.62903,1.4447,0.34084,0.033074,1.3242
0.18746,-1.0379,1.7792,-0.32372,1.5351,0.55338,0.099288,1.1672
-0.15787,-1.0811,1.6511,-0.59173,1.5055,0.069155,0.085452,1.1418
-0.59301,-1.4856,1.5776,-0.51175,1.461,0.15423,0.031418,1.5828
-0.025317,-1.1515,1.1291,-0.29121,1.1056,0.51871,0.39732,1.1811
-0.14293,-1.2883,1.5664,-0.73907,1.3698,0.1701,0.17252,1.2127
-0.28097,-1.2849,1.4617,-0.4853,1.5418,0.44587,0.13355,1.5342
-0.11482,-1.2771,1.645,-0.62316,1.6776,0.41354,0.012892,1.0869
-0.4772,-1.0518,1.7278,-0.5784,1.3327,0.57729,0.049395,1.2579
-0.41846,-1.2889,1.5301,-0.1934,2.0407,0.43869,0.11178,1.1826
-0.1234,-0.69359,1.9219,-0.49253,1.0954,0.17065,-0.084428,1.0726
-0.15159,-1.3249,1.6495,-0.5332,1.1194,0.10132,-0.26629,1.3978
-0.48086,-1.2765,1.6262,-0.66916,1.0736,0.25295,0.27558,1.1796
-0.19492,-1.1912,1.8221,-0.47021,1.4298,0.32243,0.29531,1.1201
-0.21681,-1.2091,1.6109,-0.79485,1.4729,0.34213,0.63072,1.1956
-0.26244,-1.2769,1.5257,-0.41556,1.6993,0.75621,0.070354,0.89623
-0.43593,-1.6301,1.9611,-0.62242,1.3796,0.37062,0.43044,1.0967
-0.14361,-1.1362,1.8982,-0.45584,1.6745,0.32278,-0.058092,1.3923
-0.45455,-0.92617,1.752,-0.3523,1.4343,0.2046,0.15856,1.2333
0.10808,-1.1935,1.469,-0.45519,1.607,0.42221,0.3774,1.2783
-0.31354,-0.97878,1.434,-0.2034,1.6445,0.21384,0.14655,1.3819
-0.2034,-1.2288,1.4781,-0.28373,1.1732,0.32766,0.054253,1.513
-0.1026,-1.0503,1.7842,-0.24958,1.4895,0.19631,0.12411,0.98489
-0.23992,-1.1327,1.6066,-0.49777,1.3418,0.36175,0.54245,1.1519
-0.13841,-1.0061,1.4117,-0.51399,1.4358,-0.01527,0.036161,0.86283
-0.07254,-1.0748,1.8736,-0.44164,1.4784,-0.10323,0.24962,1.4554
-0.14575,-1.2108,1.8673,-0.38846,1.4634,0.4034,0.30904,1.6103
-0.1379,-1.3044,1.5188,-0.03592,1.698,0.20742,0.42383,1.4782
-0.041197,-1.2937,1.2946,-0.65082,1.7279,0.30514,0.15506,1.2291
-0.2144,-1.0061,1.7856,-0.43556,1.9313,0.47213,0.21301,1.0935
0.15006,-0.87884,1.5737,-0.13211,1.7712,0.44361,-0.046413,1.0307
-0.41188,-0.99665,1.5806,-0.45583,1.4748,0.087594,0.49104,1.3681
-0.2037,-1.221,1.8142,-0.43893,1.4183,-0.25437,0.4389,1.4349
0.11741,-0.97173,1.6726,-0.24721,1.6281,0.14597,-0.31254,1.092
0.12702,-1.103,1.6415,-0.50845,1.7222,0.34764,0.42162,1.4129
-0.01006,-1.0814,1.9553,-0.73154,1.5863,0.27515,0.35245,1.4541
0.030041,-0.71482,1.7982,-0.62455,1.1621,0.48909,0.027625,1.567
-0.13849,-0.81428,1.8497,-0.40886,1.5324,0.16672,0.13621,1.0156
-0.28971,-0.64932,1.6804,-0.45798,1.4854,0.15075,0.48869,1.4275
0.0217,-0.68402,1.7031,-0.32806,1.8108,0.25718,0.087059,1.3829
-0.0017291,-1.1626,1.3676,-0.6393,1.1828,0.49164,0.23057,1.2837
-0.22479,-0.77754,1.8056,-0.16442,1.6348,0.24387,0.42024,1.1779
0.15551,-1.2033,1.63,-0.030091,1.6044,0.36225,0.37262,1.022
0.057059,-1.1467,1.7032,-0.41082,1.4686,0.39301,0.31971,1.4452
0.053436,-0.69677,1.5685,-0.44991,1.588,0.40214,0.52022,1.3039
0.33154,-1.202,1.3734,-0.44138,1.4149,0.28964,0.3846,1.3123
-0.067204,-1.1662,1.648,-0.87673,1.6931,0.42354,0.10698,1.0854
0.027232,-0.97101,1.8342,-0.49671,1.6255,0.17557,0.39039,1.4104
-0.045542,-0.92589,1.7118,-0.36669,1.7056,0.22469,0.51829,1.437
-0.013721,-0.90822,1.9082,-0.83325,1.6965,0.30641,0.32425,1.7162
-0.023578,-1.0931,1.6805,-0.39796,1.6472,0.23595,0.31284,1.0547
0.18505,-0.76331,1.5507,-0.37999,1.5411,0.29827,0.59635,1.2445
0.42568,-0.90683,1.7031,-0.43461,1.5161,0.13452,0.197,1.2927
-0.06662,-1.0376,1.7831,-0.28065,1.3983,0.35374,0.49871,1.376
-0.023364,-0.60406,1.2355,-0.39572,1.3925,0.48003,0.64138,1.276
0.27263,-0.69046,1.9245,-0.07566,1.953,0.081415,0.20466,1.4118
0.38386,-0.81062,1.6683,-0.41427,1.6393,0.08899,0.46576,1.386
0.1016,-0.87673,1.9198,-0.39695,1.7386,0.21704,0.32238,1.1585
0.23215,-1.2501,1.537,-0.52087,1.5397,0.41882,0.43239,1.3763
0.21961,-1.1074,1.5491,-0.86332,1.8284,0.15527,0.22657,1.0947
0.11867,-0.64719,1.6647,-0.19485,1.5619,0.38323,0.20823,1.2325
0.34963,-0.99376,1.5984,-0.07528,1.502,0.46733,0.29056,1.4525
0.15558,-1.2328,1.4015,-0.65582,1.754,0.50644,0.53855,1.3854
-0.028382,-0.94595,1.6511,-0.23973,1.7472,0.35378,0.48163,1.2902
0.37076,-0.48449,1.5698,-0.17632,1.5067,0.43499,0.60235,1.4972
0.26622,-0.85305,1.515,-0.29541,1.8043,0.2167,0.46143,1.2903
0.13079,-0.73019,1.8334,-0.71585,1.4706,0.57284,0.27764,1.2874
0.32791,-0.61581,1.539,-0.45116,1.5638,0.028742,0.37591,0.95806
0.20583,-1.0032,1.7023,-0.078657,1.5371,0.32059,0.73954,1.1399
-0.074221,-0.77645,1.4308,-0.13642,1.639,0.16355,0.30253,1.4192
0.090479,-0.8396,1.4617,-0.48141,1.7482,0.35832,0.33837,1.4001
0.35137,-0.82883,1.6528,-0.39789,1.6947,0.19397,0.47718,1.0149
0.09313,-0.77575,1.7464,-0.3876,1.339,0.40199,0.74273,1.2585
0.11369,-0.84062,1.497,-0.45947,1.6407,0.14198,0.45295,0.91408
0.07847,-0.7697,1.6426,-0.58243,1.527,0.34053,0.25834,1.0505
0.24286,-0.4556,1.4456,-0.22778,1.6155,0.5332,0.62555,1.246
0.048262,-0.67532,1.5581,-0.26675,1.2867,0.18872,0.60478,1.2462
0.32271,-0.87275,1.6193,-0.087534,1.7942,0.71893,0.57398,1.2114
0.29967,-0.67858,1.6489,-0.079652,1.2726,0.24913,0.96779,1.1338
0.60103,-0.63888,1.3707,-0.39805,1.5997,0.13424,0.39663,1.1351
0.29735,-0.82173,1.5731,-0.44917,1.5857,0.55867,0.51114,1.3792
0.4329,-0.6157,1.7935,-0.029413,1.5495,0.34323,0.68889,1.1212
0.18168,-0.78442,1.5791,-0.3386,1.194,0.34177,0.90972,1.1421
0.52389,-0.72771,1.657,-0.45765,1.5189,0.54292,0.70836,1.211
0.3767,-0.81516,1.9919,-0.4869,1.7063,0.032922,0.38227,1.2725
0.30452,-0.75549,1.5069,-0.2978,1.6966,0.33881,0.87042,1.2235
0.39509,-0.98891,1.4367,-0.33064,1.6697,0.10162,0.69413,1.1877
0.33205,-0.86375,1.0546,-0.46419,1.6147,0.55515,0.76893,1.1934
0.54219,-0.62902,1.4658,-0.32127,1.3092,0.009995,0.60817,1.0606
0.15618,-0.91303,1.7259,-0.39327,1.5709,0.17829,0.92906,0.91415
0.39108,-0.69293,1.7286,0.070119,1.7354,0.5398,0.76622,0.76608
0.31049,-0.55779,1.5091,-0.063647,1.6399,0.49432,0.94814,1.3962
0.30492,-0.60546,1.4105,-0.15518,1.7047,0.11093,0.70529,1.063
0.46561,-0.73756,1.4497,-0.18601,1.4146,0.5632,0.67599,1.2915
0.72846,-0.62215,1.3855,-0.44929,1.6557,0.3498,0.56824,1.3048
0.56658,-0.67776,1.3805,-0.066187,1.5935,0.32845,0.56672,0.99697
0.39929,-0.84594,1.5584,-0.20975,1.8166,0.68203,1.0421,1.2628
0.63976,-0.62189,1.5091,-0.36034,1.5181,0.16239,0.82607,1.2932
0.32268,-0.47076,1.3932,-0.15391,1.5917,0.19714,0.82067,1.1996
0.53781,-0.72703,1.5558,-0.25404,1.7424,0.5511,0.96769,1.0286
0.58355,-0.60409,1.6841,-0.43044,1.5392,0.13793,0.75381,0.87257
0.62622,-0.96937,1.5271,-0.37056,1.3997,0.88075,0.9738,1.1482
0.32089,-0.82332,1.2051,-0.2783,1.6648,0.42172,0.69888,1.1891
0.42074,-0.89533,1.1999,-0.024556,2.134,0.14294,0.67339,1.1422
0.49438,-0.55939,1.5773,-0.21572,1.3594,0.29985,0.70521,1.4711
0.69563,-0.62644,1.6236,-0.33457,1.614,0.054752,0.67874,1.0546
0.3832,-0.77987,1.5773,0.081743,1.6998,0.079824,0.69709,0.65422
0.61554,-0.79989,1.3994,-0.054964,1.4683,0.53553,0.72453,1.1421
0.37213,-0.43368,1.655,-0.12467,1.5545,0.42786,0.80215,1.0793
0.30237,-0.82073,1.5876,-0.24123,1.7722,0.46857,0.57362,1.0831
0.28165,-0.62157,1.1916,0.062159,1.7352,0.28835,0.72819,1.032
0.33305,-0.74076,1.3595,-0.55139,1.4784,0.36862,0.80352,1.3289
0.49428,-0.58778,1.2963,-0.080386,1.4935,0.52678,0.95343,1.1483
0.89899,-0.73971,1.7145,-0.21224,1.2138,0.63742,0.69088,1.2492
0.59253,-0.80349,1.5052,-0.31987,1.6647,0.28426,0.91502,1.1391
0.46812,-0.47495,1.5692,-0.0048019,2.0134,0.38356,0.72041,0.97541
0.41521,-0.80025,1.7787,-0.23943,1.3213,0.41752,1.0633,0.97751
0.39794,-0.4253,1.2793,0.10697,1.6583,0.40731,0.94387,0.80158
0.56235,-0.51146,1.2719,-0.47719,1.3083,0.36789,0.76484,0.85599
0.85316,-0.47409,1.7002,-0.13105,1.4455,0.24322,0.85012,1.3017
0.70161,-0.67413,1.4462,-0.07529,1.4642,0.055387,0.96838,0.91284
0.68314,-0.65648,1.7849,0.088073,1.3254,0.55236,0.7972,0.72391
1.1961,-0.70939,1.2887,-0.08591,1.5721,0.40824,1.0134,1.1586
0.35858,-0.31819,1.6088,-0.1822,1.645,0.50872,1.0549,1.1756
0.68466,-0.72878,1.4391,-0.085854,1.6779,0.53965,1.0149,1.0495
0.82906,-0.47988,1.2135,0.057893,1.6842,0.24868,1.1809,0.80774
0.23243,-0.40284,1.6209,-0.08842,1.3279,0.41569,1.1173,1.0433
0.6684,-0.64483,1.5107,0.14409,1.814,0.48767,0.89546,1.2172
1.0444,-0.66197,1.7454,0.095932,1.7705,0.07537,1.1266,1.17
0.81963,-0.77414,1.2378,-0.085497,1.5481,0.44637,0.51034,0.99093
0.54102,-0.37148,1.385,0.12725,1.5365,0.30793,0.52131,0.76582
0.77181,-0.525,1.2626,-0.11333,1.2885,0.13119,0.75639,1.2847
0.40492,-0.58892,1.4603,0.072467,1.5448,0.24866,1.1261,1.097
0.87789,-0.42598,1.3649,-0.15998,1.4645,0.059537,0.88933,1.0552
0.82838,-0.46204,1.4192,0.10367,1.4714,0.26628,0.77341,1.2093
1.0663,-0.4986,1.3683,0.041564,1.3993,0.15037,0.92602,1.2117
0.76552,-0.69607,1.3129,-0.17468,1.5513,0.67783,0.89576,1.1649
0.52248,-0.31421,1.4537,0.058155,1.6491,0.047484,1.0781,1.0284
0.87853,-0.587,1.3713,-0.24432,1.6605,0.24133,0.66178,0.87331
0.53259,-0.2248,1.6126,-0.21405,1.6301,0.29131,1.3624,0.75236
0.8861,-0.48886,1.2897,-0.06566,1.4572,0.51784,1.281,0.70987
0.56325,-0.67808,1.3275,-0.072148,1.7076,0.17995,0.83529,0.80053
0.99248,-0.33657,1.6963,0.10445,1.722,0.50081,1.1006,1.0959
0.88754,-0.74813,1.121,-0.26337,1.3251,0.30504,0.6908,0.73109
0.84634,-0.35802,1.4778,-0.081761,1.5459,0.30585,1.0092,0.78914
1.0336,-0.61849,1.2553,0.088808,1.5158,-0.057154,0.79776,1.0926
0.82311,-0.25292,1.4257,-0.034665,1.5479,0.24889,0.99936,0.62333
0.71136,-0.8145,1.2712,-0.35711,1.6631,0.47778,1.4161,0.85604
0.91767,-0.52257,1.6818,0.11174,1.8017,0.36807,1.1346,0.86351
0.80042,-0.75492,1.5503,-0.11249,1.6451,0.43172,0.91483,0.97301
1.2291,-0.48786,1.4656,-0.060516,1.4201,0.32387,1.008,1.2855
0.84689,-0.20397,1.3022,-0.17569,1.4227,0.27147,1.3011,0.92791
0.99894,-0.42288,1.3468,-0.2876,1.9763,0.44505,1.3767,0.71251
0.8136,-0.34185,1.5092,0.03466,1.2915,0.56524,1.0475,0.87363
0.66155,-0.094027,1.34,-0.18257,1.6141,0.50966,1.4753,0.54952
0.8982,-0.16258,1.614,0.050556,1.9162,0.16436,1.2499,1.0315
1.1954,-0.50408,1.3496,-0.028663,1.4153,0.10627,1.0405,0.54733
0.88448,-0.48694,1.4399,0.091563,1.6462,0.41459,1.1667,0.73735
0.8166,-0.098013,1.5197,0.13402,1.5035,0.40897,1.0733,1.0231
0.8492,-0.51643,0.98387,0.10663,1.3766,0.34053,1.2593,1.0537
0.93926,-0.3213,1.1175,-0.18297,1.718,0.35826,1.0908,0.47587
0.94724,-0.31668,1.724,0.10092,1.3789,-0.030184,1.4302,0.944
0.99243,-0.49279,1.505,-0.26015,1.8857,0.63473,1.4794,0.65769
1.1497,-0.47585,1.4927,0.33402,1.5416,0.6183,0.86258,0.70635
0.69332,-0.57124,1.1669,0.28944,1.4722,0.6693,1.1385,0.81972
1.1812,-0.38202,1.1625,0.023567,1.3545,0.44207,0.79467,0.6755
1.0118,-0.48594,1.1527,0.035801,1.5575,0.30209,1.0179,1.0991
0.79612,-0.37846,1.4575,0.054444,1.3318,0.86958,1.3379,0.74866
0.9325,-0.32758,1.5956,-0.1459,1.4801,0.36919,1.2,0.74608
0.75244,-0.31968,1.3712,0.12912,1.3942,0.28993,1.33,0.85043
0.91158,-0.83735,1.7221,-0.13923,1.5034,0.49083,1.4411,0.69129
0.79219,-0.5433,1.2782,0.19826,1.4357,0.41631,1.5016,0.74473
1.077,-0.19713,1.2509,0.37366,1.5106,0.60303,1.0975,1.0097
1.0123,-0.28152,1.5177,0.20833,1.1925,0.52139,0.98724,0.49341
0.79363,-0.11879,1.6046,0.18625,1.7843,0.68196,1.2123,0.62391
1.1091,-0.34165,1.6619,0.17393,1.4837,0.44924,1.2815,0.61982
0.967,-0.52166,1.2356,0.18919,1.4523,0.53466,1.0231,0.78082
0.88857,-0.49751,1.3464,-0.22663,1.7123,0.46266,0.95779,0.67336
1.2164,-0.34303,1.3311,0.34506,1.6097,0.78607,1.268,0.6921
1.1027,-0.28968,1.1632,0.27582,1.4347,0.27141,1.3663,0.56011
0.85627,-0.49733,1.1176,0.1512,1.4724,0.13003,1.1873,0.51067
0.99617,-0.18898,1.5666,0.70793,1.5695,0.30899,1.4077,0.85442
1.114,-0.29016,1.0892,0.21798,1.3908,0.27538,1.6567,0.77458
0.82039,-0.32304,1.3629,0.39966,1.2564,0.37815,1.2807,0.70609
0.62642,-0.6438,1.2675,-0.20454,1.2229,0.23631,1.2737,0.50519
0.78355,-0.52468,1.1506,0.045854,1.4959,0.25028,1.2954,0.7205
1.0387,-0.66582,1.6806,0.14015,1.5009,0.48377,0.8486,1.0681
0.73988,-0.14833,0.93612,0.34085,1.8253,0.50601,1.4319,0.72707
0.86318,-0.42179,1.1902,0.16734,1.4853,0.16837,1.1226,0.88371
1.0001,-0.51286,1.1491,0.11595,1.5429,0.60636,1.2477,0.44061
1.0862,-0.14424,1.5291,0.29467,1.5726,0.026983,1.0873,0.3299
1.0965,-0.17814,1.5384,0.055973,1.5324,0.59087,1.115,0.87577
0.95726,-0.46485,1.351,0.22624,1.6407,0.51291,1.514,0.58533
0.50955,-0.24272,1.3884,0.30677,1.5966,0.34175,1.2746,0.8528
1.1432,-0.57587,1.2492,0.33475,1.3073,0.51134,1.6608,0.328
1.2169,-0.39636,1.2323,-0.0049222,1.3391,0.51529,1.2459,0.70566
0.92342,-0.58971,1.2552,0.27392,1.3738,0.44516,1.2481,0.58267
1.2202,-0.28329,1.3483,0.097845,1.734,0.89763,1.3599,0.41569
0.89264,-0.38046,1.454,0.58586,1.348,0.65585,1.1711,0.58948
0.88801,-0.21134,1.0393,0.22004,1.3931,0.10493,1.4514,0.32374
0.91064,-0.47493,1.8756,0.42239,1.5707,0.4131,1.4471,0.24872
0.97507,-0.70951,1.5302,0.37225,1.3077,0.87272,1.4407,0.48171
0.7592,0.011388,1.2828,0.42562,1.5901,0.25064,1.5214,0.51782
0.7654,-0.16968,1.137,0.29401,1.2298,0.7351,1.3831,0.75228
1.3693,-0.60627,1.381,0.073769,1.1038,0.42783,1.229,0.64324
0.76896,-0.19099,1.4599,-0.12267,1.4476,0.59785,1.4489,0.6269
1.2281,-0.18131,1.4858,0.42317,1.3203,0.5997,1.2234,-0.023745
1.1767,-0.36062,1.5308,0.11746,1.6326,0.46349,1.2879,0.36441
0.95195,-0.26112,1.005,0.17464,1.5363,0.28307,1.537,0.55386
1.0213,-0.24538,1.346,0.088915,1.3105,0.38364,1.253,0.75052
0.82,-0.18851,1.6296,0.32542,1.5131,0.62911,1.701,0.44023
1.1106,-0.49238,1.1751,0.36822,1.4647,0.39444,1.1742,0.52013
1.1563,-0.047624,1.4345,0.28154,1.1951,0.62955,1.5186,0.87932
0.97556,-0.24077,1.2606,0.49499,1.0375,0.67138,1.0426,0.3594
0.84491,-0.032072,0.98379,0.55389,1.4472,0.5194,1.1594,0.50922
0.78663,-0.45248,1.3272,0.45577,1.1801,0.47033,1.2409,0.59643
0.84983,-0.2928,1.3308,0.44649,1.4355,0.75286,1.5515,0.45168
1.07,-0.27317,1.5145,0.12661,1.296,0.31853,1.3877,0.76459
0.78906,-0.2623,1.1804,0.057608,1.3384,0.78285,1.5985,0.24367
1.0016,-0.29938,1.4483,0.21978,1.3747,0.42612,1.595,0.59078
0.74249,-0.46228,1.2661,0.52363,1.2732,0.76853,1.429,0.95495
0.93708,-0.14278,1.3394,0.38024,1.637,0.44648,1.4333,0.1852
1.0427,-0.28685,0.99314,0.36753,1.4085,0.25305,1.337,0.24893
1.2293,-0.4938,1.3758,0.37399,1.3352,0.67747,1.362,0.35211
1.0494,0.015799,1.3861,0.46712,1.4827,0.69641,1.2543,0.65433
0.86248,-0.34383,1.3381,0.52818,1.2603,0.49981,1.4401,0.21695
1.2921,-0.55225,1.1557,0.48749,1.3005,0.47943,1.2892,0.43983
0.8975,-0.37876,1.1321,0.31654,1.3393,0.66091,1.3351,0.47192
0.81605,-0.47355,1.1189,0.19944,1.4252,0.66622,1.7396,0.4844
0.88372,-0.32144,1.5367,0.060639,1.5196,0.92328,1.8037,0.63623
1.1999,-0.43849,1.0533,0.556,1.3168,0.69841,1.4548,0.21681
0.81102,-0.47828,1.2708,0.51716,1.616,0.44177,1.4535,0.75689
1.0427,-0.58686,1.2861,0.26374,1.5992,0.57355,1.5159,0.14805
1.1477,-0.22911,1.4048,0.42121,1.2755,0.49098,1.5881,0.36805
0.73956,-0.55363,1.6001,0.7821,1.2361,0.35632,1.3165,0.36715
0.97445,-0.50064,1.2264,0.38298,1.1323,0.73192,1.4263,0.37375
0.67536,-0.29078,1.0233,0.5856,1.289,0.77168,1.7446,0.41266
0.94001,-0.30878,0.82846,0.68288,1.0368,0.39946,1.581,0.35938
1.1952,-0.43258,1.215,0.58528,1.172,0.93516,1.4844,0.31732
0.73398,-0.31944,1.6241,0.36899,1.5761,0.54577,1.4192,0.31015
0.88421,-0.38253,1.2313,0.49097,1.4383,0.76119,1.4231,0.21462
1.5124,-0.24195,1.0616,0.30638,1.3856,0.70725,1.3222,0.23918
0.73932,-0.28979,1.4484,0.58253,1.3169,0.56149,1.4409,0.52306
0.91878,-0.017282,1.1029,0.33588,1.2731,0.36858,1.5252,0.1181
1.0405,-0.11549,1.6373,0.77309,1.416,0.62385,1.4493,0.32527
0.92837,0.11714,1.2036,0.47984,1.3043,0.56679,1.5471,0.42623
1.024,-0.33592,1.4267,0.49595,1.0939,0.62549,1.3691,0.50225
1.023,-0.2312,1.6103,0.29914,1.1416,0.9832,1.3802,0.28841
1.0365,-0.34258,0.91087,0.39973,0.95977,0.44264,1.6038,0.043814
0.84889,-0.17296,1.1919,0.6926,1.1611,0.84969,1.3461,0.27328
0.85906,-0.11843,1.5285,0.57355,1.4925,0.33409,1.1797,0.10237
1.0268,-0.29832,1.0549,0.54121,1.3262,1.0047,1.5555,0.23307
1.1147,-0.48386,1.2274,0.63199,1.1767,0.72778,1.5185,0.069025
0.97625,-0.29211,1.0851,0.46429,1.123,0.27699,1.73,0.086105
1.112,-0.35607,1.4931,0.50344,1.3624,0.77529,1.813,-0.088296
0.91273,-0.12175,1.1882,0.7285,1.3492,0.51725,1.8791,0.48184
0.89247,-0.19123,1.4082,0.39699,1.3443,0.39261,1.6035,0.11849
0.90183,-0.18104,1.2963,0.39253,1.3842,0.81322,1.5956,0.036166
1.0118,-0.21791,1.2376,0.5434,1.1656,0.51175,1.4325,0.22732
0.82374,-0.32671,1.1945,0.51237,1.3791,0.9181,1.4687,-0.13557
0.95448,-0.36957,0.9389,0.61986,1.5524,0.72625,1.3794,0.21241
1.0428,-0.42546,1.0044,0.69645,1.1149,0.69047,1.3877,0.2912
0.94286,-0.42843,1.1705,0.21797,1.1792,0.41787,1.3051,0.31572
0.98109,-0.43185,1.483,0.67413,1.2508,0.40827,1.6863,0.094056
0.96547,-0.035877,1.4154,0.86133,1.3347,0.75958,1.3972,0.035075
0.97597,-0.17765,1.0718,0.5701,1.2452,0.7186,1.5322,0.18004
0.78043,-0.40857,1.0988,0.68674,1.2651,0.69914,1.3933,-0.0052978
0.94821,-0.15931,1.2852,0.37498,1.3788,0.82486,1.6437,0.20865
0.78839,-0.28743,0.86609,0.76102,1.0242,0.90516,1.4232,0.28442
1.0475,-0.18424,1.3633,0.57721,1.3892,0.81074,1.3551,0.40972
1.233,-0.45384,1.5517,0.20799,1.244,0.7054,1.5433,0.22599
0.4263,-0.18181,1.2641,0.54243,1.089,0.74837,1.6535,-0.058096
1.1143,-0.37838,1.1932,0.8891,1.4019,0.77117,1.118,0.32453
0.82279,-0.31362,1.1809,0.8361,1.2833,0.60469,1.2929,-0.068924
0.85685,-0.066333,1.1889,0.32084,0.92923,0.60962,1.592,0.13427
1.1544,-0.26424,1.2785,0.40686,1.0508,0.42558,1.7227,0.32481
0.88223,-0.099166,1.1943,0.51339,1.3168,0.8241,1.6597,-0.034992
1.2837,0.34675,1.3604,0.50203,0.88106,0.59611,1.5503,-0.1431
0.96302,-0.6034,1.1548,0.75426,1.0149,0.7199,1.4512,0.29885
0.79157,-0.61133,1.0384,0.581,1.277,0.66755,1.3471,0.35647
0.58727,-0.31763,1.2103,0.36662,1.1558,0.74782,1.6371,0.04822
0.84261,-0.59289,1.1914,0.57293,1.0998,0.54065,1.8776,0.16018
0.86746,-0.60371,1.2706,0.57989,1.1168,0.80445,1.6281,0.27964
0.69518,-0.24062,1.324,0.42507,1.5188,0.45889,1.5363,0.20381
0.86524,-0.37892,1.1475,0.64446,1.3428,0.2961,1.5075,-0.15144
0.68472,-0.31033,1.1774,0.65315,1.2773,0.83002,1.6663,0.31843
0.64805,-0.094812,1.4354,0.76318,1.4391,0.76493,1.6717,0.092545
0.87128,-0.35014,1.1871,0.40186,1.2272,0.60679,1.6222,0.17125
0.88313,-0.076266,1.0454,0.57964,1.2041,0.66068,1.5161,0.23538
1.104,-0.47899,1.2962,0.51632,1.5039,0.77487,1.4448,0.11932
0.71004,-0.4153,1.129,0.55409,1.226,0.65024,1.8224,0.17921
0.71189,-0.28965,1.1363,0.69177,1.3899,0.75023,1.3627,0.3264
0.61362,-0.27958,1.0216,0.68327,1.343,0.67064,1.4569,0.28284
0.54275,-0.48329,1.2552,0.52151,0.99249,0.89368,1.5136,-0.15406
0.75273,-0.16908,0.97785,0.77632,1.5154,0.95302,1.5838,-0.086807
0.76561,-0.43116,1.1274,0.76375,0.89933,0.58426,1.2603,0.017621
0.58116,-0.20979,1.3121,0.61028,1.4379,0.040884,1.505,0.14478
0.53214,-0.12861,1.5184,0.82905,1.299,0.65838,1.5517,0.30265
0.66166,-0.39179,1.3082,0.77019,1.5229,0.74363,1.4257,-0.052134
0.80315,-0.34501,0.79201,0.91874,1.2337,0.58197,1.3869,-0.068104
0.79931,-0.41336,1.0843,0.75955,1.0239,0.73274,1.3576,0.122
0.63995,-0.41068,0.89013,0.73959,1.2696,0.70187,1.4199,0.04106
1.0399,-0.3111,1.0308,0.43695,1.1259,0.93382,1.7529,-0.14236
0.44677,-0.39918,1.2241,0.93597,1.1072,0.49828,1.7521,-0.011577
0.81975,-0.28078,1.1799,0.90257,1.3538,0.65816,0.96932,0.12945
0.68497,-0.29771,1.201,0.96075,1.3449,0.41425,1.492,0.15104
0.86837,-0.56955,1.1686,0.79981,1.0611,0.32548,1.5146,0.21052
0.50776,-0.28164,1.1914,0.35689,1.3948,0.8667,1.7059,-0.1395
0.50532,-0.21275,1.2848,0.50303,0.89256,0.9352,1.5037,-0.099621
0.57384,-0.49887,1.4677,0.49756,1.3466,0.78349,1.326,0.079107
0.67577,-0.40129,1.151,0.8231,1.1204,0.73373,1.2968,0.13696
0.7382,-0.42805,1.0802,0.94902,0.86071,0.58734,1.2637,0.19839
0.59024,-0.27192,0.95242,0.51044,1.2033,0.73995,1.3689,0.28804
0.55734,-0.75863,1.1327,0.63018,1.07,0.74849,1.6585,-0.035462
0.65922,-0.56037,1.4622,0.67688,1.1735,0.54844,1.3329,0.13489
0.58585,-0.40449,1.3437,0.51051,0.97689,0.61892,1.524,0.23933
0.47676,-0.6834,1.2298,0.64087,1.1719,0.70433,1.5859,-0.13347
0.55639,-0.33536,1.1702,0.23517,1.175,0.71609,1.2917,0.0034754
0.87836,-0.12865,0.90991,0.54559,1.2741,0.72225,1.4354,0.057614
0.55369,-0.61747,1.2765,0.54782,1.0978,0.43623,1.2194,-0.13116
0.74135,-0.49348,1.0669,0.61115,1.1637,0.68036,1.6805,0.31035
0.62695,-0.25203,1.2685,1.0754,1.1302,0.70479,1.342,0.10701
1.1193,-0.73724,1.1212,0.79378,0.99353,0.37382,1.4134,0.15613
0.48439,-0.61978,0.88406,0.89903,1.0154,0.61556,1.4749,0.11314
0.84906,-0.49256,1.0502,0.63707,1.0061,0.62505,1.4849,-0.10032
0.65273,-0.44528,1.1151,0.75109,1.0095,0.65476,1.2812,0.17496
0.4541,-0.87413,1.154,0.91197,0.99037,0.56522,1.5288,0.09896
0.40714,-0.38185,1.181,0.77736,1.0949,0.68416,1.4129,0.33499
0.68571,-0.30277,1.1489,0.65028,0.78762,0.2427,1.3297,0.035137
0.65818,-0.68213,1.1024,0.77549,1.0771,0.5569,1.1708,0.074131
0.71893,-0.2252,0.76621,0.67282,0.93788,0.68303,1.649,-0.24631
0.57693,-0.0027851,1.0384,0.79116,1.2704,0.83595,0.98866,-0.32906
0.076713,-0.18897,1.1243,0.87023,0.87161,0.82406,1.3875,0.11143
0.14626,-0.73642,1.0588,0.8803,0.98557,0.34656,1.2714,0.1452
0.28378,-0.2695,0.94362,0.51045,0.93952,0.61649,1.5666,0.17954
0.38356,-0.60999,1.0381,0.61731,0.97944,0.73892,1.4114,-0.044927
0.47405,-0.44309,0.88161,0.53403,0.81383,0.51375,1.629,-0.22477
0.038911,-0.3755,1.1689,0.79545,1.1932,1.0693,1.2713,-0.18936
0.21644,-0.71649,1.3422,0.78355,1.2191,0.33844,1.4226,0.035559
0.28962,-0.33523,1.2643,0.50588,1.3068,0.62195,1.1749,0.27891
0.57518,-0.6362,1.0852,0.65742,0.99083,0.78773,1.4644,-0.075729
0.39911,-0.35387,1.0991,0.66173,0.72287,1.0613,1.1217,0.047216
0.65952,-0.34353,0.93244,0.76516,0.8135,0.73275,1.4166,-0.036127
0.3188,-0.67125,1.2393,0.67249,1.2354,0.60201,1.3335,0.013888
0.58818,-0.66255,0.91979,0.58292,0.96716,0.80475,1.6815,-0.080575
0.569,-0.54317,1.0194,0.70935,0.93245,0.83648,0.97692,-0.15386
0.4445,-0.74063,1.4822,0.89153,1.1005,0.89182,1.4459,-0.094864
0.36285,-0.5025,1.2022,0.64342,0.9572,0.46558,1.5613,0.014175
0.44823,-0.51035,1.5408,0.47518,1.0359,0.47082,1.3215,-0.050362
0.28745,-0.42097,1.1754,0.77409,0.90434,0.63605,1.1369,-0.33234
0.3221,-0.4502,0.98937,0.7066,0.98517,0.43217,1.5357,-0.073556
0.39699,-0.8645,1.1256,0.4622,1.1663,0.47682,1.1411,-0.05034
0.50932,-0.47584,0.98398,0.46212,0.76982,0.27839,1.2764,-0.031589
0.41447,-0.7149,1.0851,0.66017,1.3396,0.37911,1.1514,-0.10028
0.085431,-0.44441,1.2323,0.74321,1.1038,0.48255,0.87535,-0.14264
0.030936,-0.38537,1.3127,0.7841,0.97341,0.68487,0.94574,-0.1035
0.5961,-0.82874,1.1947,0.74572,1.0744,0.51891,1.454,-0.045746
0.61555,-0.59911,0.70676,0.65038,1.2724,0.74428,1.3076,0.0013811
0.80242,-0.39018,1.1282,0.37409,0.78159,0.52935,1.2091,0.23698
0.38143,-0.35184,0.91989,0.67477,1.0789,0.45806,1.1827,0.25751
0.35258,-1.0041,1.1669,0.39859,1.004,0.7593,1.4413,-0.14541
0.25703,-0.44208,1.2867,0.68289,0.97908,0.55376,1.5483,0.21501
0.29298,-0.6098,0.87252,0.17785,0.97621,0.85559,1.3502,-0.31862
0.35203,-0.67314,1.2666,0.86645,1.0033,0.75118,1.5539,0.017656
0.10996,-0.54136,1.0497,0.42373,1.2214,0.74171,1.1564,-0.30578
0.47966,-0.4708,0.96575,0.53158,0.9682,0.46851,1.262,-0.19048
0.11669,-0.43423,1.2198,0.78237,0.86381,0.79672,1.1248,0.0056276
-0.01603,-0.55934,1.4648,0.63796,0.82032,0.5451,1.3531,-0.26852
0.49566,-0.97145,1.1879,0.7347,0.66968,0.48568,1.5358,-0.048185
0.1335,-0.79068,1.0379,0.61022,1.0167,0.6152,0.82172,0.02609
0.062147,-0.67392,1.2926,0.36729,0.89888,0.45491,1.0437,-0.35184
0.16588,-0.6801,1.128,0.75454,1.2938,0.30139,1.2,-0.078706
0.27175,-0.61021,1.3041,0.79723,1.0421,0.59651,1.4627,0.29279
0.43734,-0.7944,1.2273,0.53133,0.84047,0.78373,1.2828,-0.0013311
0.48131,-0.62569,1.0759,0.92213,0.76431,0.5262,1.2444,-0.11066
-0.080473,-0.44515,0.94192,0.7076,0.74813,0.6911,1.1671,0.069249
0.29525,-0.70318,1.3198,0.63753,0.77155,0.85789,1.342,0.016673
0.34985,-0.77956,1.0928,0.53008,1.0078,0.7832,1.1008,-0.10363
0.45193,-0.93235,1.0919,0.43568,1.1551,0.54321,1.176,0.1176
-0.19483,-0.65589,1.4334,0.84564,0.97826,0.76547,1.4276,-0.16827
0.24309,-0.64418,1.3291,0.68491,0.94579,0.60072,1.2351,-0.23695
0.018111,-0.72205,1.3647,0.36229,0.90049,0.42282,1.3613,0.068669
-0.027523,-0.62009,1.0159,0.66241,0.96754,0.4,1.385,-0.036953
0.27486,-0.5306,1.2763,0.41307,0.81774,0.49477,1.2528,-0.24796
0.020024,-0.95337,1.0481,0.79232,0.75273,0.38493,1.0699,0.21336
0.20108,-0.80446,1.0491,0.6789,0.95049,0.81156,1.0283,0.13078
0.3124,-0.7578,1.4297,0.31726,1.2296,0.30033,1.4891,-0.25161
-0.10521,-0.79547,1.2277,0.74924,0.97118,0.55617,1.3315,0.092484
0.059738,-0.47772,0.96235,0.26247,0.85117,0.56232,1.2034,0.41984
-0.08988,-0.6642,1.2891,0.25647,1.04,0.57952,0.85743,-0.21858
0.3166,-0.86756,0.90508,0.50946,1.0056,0.49423,1.0703,-0.017571
0.063836,-0.4707,1.0987,0.65803,1.1013,0.32976,0.993,-0.054657
-0.032789,-0.63796,0.92494,0.66656,1.063,0.36744,0.80194,-0.19432
0.39676,-0.61584,1.3127,0.56519,0.99134,0.69216,1.3206,-0.27486
0.1491,-0.463,1.1867,0.78916,1.1986,0.33977,1.0953,-0.11609
0.3145,-0.91064,0.84403,0.40864,1.1815,0.84958,0.86674,0.10556
0.015092,-0.52657,1.3478,0.43315,0.92871,0.49172,0.85458,-0.045704
-0.24074,-0.69011,1.2343,0.88715,1.0473,0.74472,1.0725,-0.082732
0.057836,-0.93385,1.2002,0.63583,1.055,0.3934,1.2163,-0.12643
-0.026624,-0.8614,1.1251,0.43301,1.0246,0.22983,1.0967,-0.30717
0.017437,-0.76797,0.82009,0.79086,0.86603,1.015,1.2297,-0.008535
0.31565,-0.99943,1.1412,0.30993,1.0678,0.70748,1.02,0.36463
-0.087456,-0.60941,1.1644,0.39927,1.0696,0.34581,1.0555,0.045613
-0.12091,-0.7982,1.2488,0.45658,0.73746,0.26751,1.1874,-0.47853
0.058854,-0.84314,1.1141,0.58786,0.84925,0.45986,1.4103,0.30795
0.066101,-0.68243,1.0297,0.4789,0.76625,0.45765,0.9241,0.046957
-0.041,-0.86359,0.90972,0.66193,1.0145,0.54776,0.898,-0.037353
0.24626,-0.68443,1.0347,0.68376,0.96904,0.60116,1.0527,-0.10589
-0.056323,-0.70541,1.1047,0.44196,0.88785,0.53677,1.2666,0.11027
0.044168,-1.0111,1.1589,0.40396,0.9671,0.47583,0.83038,-0.12366
0.37652,-0.5507,1.6217,0.44907,1.0448,0.33256,0.98712,0.18044
-0.01884,-0.85022,1.0553,0.43461,0.8607,0.48759,0.80599,0.10093
-0.066024,-0.93961,0.71815,0.7174,1.032,0.72491,0.99378,-0.13454
0.066953,-0.91719,1.5166,0.5982,1.0835,0.53407,0.90532,-0.34212
