-0.41221,-1.5556,0.16751,-0.72243,0.92776,0.40466,0.69971,1.5476
-0.32016,-1.6271,-0.50165,-1.725,0.78321,0.086186,0.59499,1.6776
-0.47804,-1.8669,-0.39339,-1.416,0.97269,0.20503,0.47916,1.9248
-0.54561,-1.5392,-0.29172,-1.5178,0.73248,-0.12221,0.41015,2.0198
-0.81424,-1.4026,-0.089959,-1.1795,0.91657,-0.083946,0.2911,1.7152
-0.71272,-1.4988,-0.14679,-1.0747,0.70633,0.37833,0.59453,1.6824
-0.5945,-1.7348,-0.23608,-1.1471,0.79385,0.079458,0.33978,1.7861
-0.58166,-1.5677,0.15875,-1.0708,0.66262,-0.13166,0.60811,2.2661
-0.8695,-1.7529,0.19712,-1.3339,0.7687,0.25153,0.33944,2.03
-1.0292,-1.7064,-0.28235,-1.2883,0.83672,0.50604,0.16036,2.2094
-0.45059,-1.8001,-0.15512,-1.2377,0.64891,0.22023,0.26652,1.8631
-0.49584,-1.479,0.047726,-1.3828,0.91145,0.064339,0.48058,2.076
-0.59369,-1.4967,-0.031234,-0.89832,0.75521,-0.026912,0.10996,2.1219
-0.72375,-1.5422,-0.020404,-1.0411,0.57248,0.16957,0.33069,2.0161
-0.813,-1.084,0.10897,-1.5054,0.38327,0.25019,0.12202,2.258
-0.48817,-1.4991,-0.12196,-1.4365,0.77683,0.49202,0.37272,2.1031
-0.52874,-1.2792,-0.045522,-1.2716,0.6751,0.47079,0.29318,2.0808
-0.38687,-1.5643,0.25653,-1.5461,0.75386,0.20477,0.68682,1.8248
-0.71705,-1.577,-0.27846,-0.92601,0.72847,0.204,0.55581,1.7937
-0.87639,-1.6447,-0.15194,-0.91741,0.40719,0.34849,0.28323,2.0774
-0.58652,-1.7081,-0.14806,-1.3149,0.51695,0.23737,0.64157,2.1868
-0.64456,-2.0238,-0.040312,-1.3393,0.52111,0.33456,0.29438,1.7317
-0.78934,-1.7156,-0.20065,-1.1791,0.76151,0.44406,0.31943,1.6157
-0.77426,-1.3386,-0.16404,-1.2799,0.32337,0.53638,0.55822,1.8821
-0.90775,-1.4227,-0.21282,-1.2351,0.80817,0.36805,0.68678,2.0983
-0.63634,-1.6352,0.16044,-1.1635,0.7656,0.17022,0.30721,2.0102
-0.5406,-1.3982,0.035665,-1.3016,0.75902,0.53156,0.4637,1.9615
-0.80375,-1.859,-0.27164,-1.2539,0.70129,0.19789,0.092115,1.8723
-0.7389,-1.2174,-0.1527,-0.8315,0.98057,0.25108,0.36473,1.789
-0.45041,-1.5935,-0.053118,-1.107,0.59701,0.18359,-0.16096,1.7597
-0.84394,-1.0502,0.17781,-1.0304,0.88106,0.26711,0.38009,2.2199
-0.75102,-1.6676,0.077123,-1.2137,0.75169,0.21762,0.21993,2.1828
-0.67546,-1.6852,-0.12047,-1.269,0.73572,0.46709,0.20534,2.0784
-0.4315,-1.4297,0.12454,-1.337,0.98075,0.43781,0.30839,1.982
-0.51846,-1.57,0.1213,-1.1551,0.7226,0.26491,0.53576,1.949
-0.49716,-1.4244,0.038818,-1.2713,0.5339,0.51205,0.30441,1.8933
-0.80703,-1.6218,0.32634,-0.93005,0.61617,0.45664,0.13711,1.9984
-0.57121,-1.6516,-0.14741,-1.2815,0.60395,0.038443,0.30489,1.6406
-0.8877,-1.6473,-0.16283,-1.3926,0.60022,0.33677,0.56278,1.913
-0.6187,-1.7629,-0.027442,-1.0618,0.62424,0.71865,-0.18523,1.8411
-0.77458,-1.6268,0.10849,-0.98584,0.68909,0.25829,0.3063,2.0801
-0.8288,-1.2577,-0.19235,-1.3582,0.75101,0.55761,0.28414,2.3574
-0.79047,-1.6573,-0.07459,-1.3007,0.71641,0.31278,0.025116,2.1448
-0.49123,-1.545,0.31537,-1.3392,0.9706,0.19318,0.22463,1.9082
-0.67164,-1.7577,0.10708,-1.2573,0.79358,0.07502,0.17026,2.3752
-0.49144,-1.4049,0.16465,-1.6947,0.56718,0.20775,0.0072281,2.2362
-0.78096,-1.2848,0.24478,-1.0337,0.66476,0.05071,0.15026,1.9626
-0.29725,-1.4104,-0.03148,-1.2146,0.66475,0.39856,0.2105,1.8918
-0.72368,-1.5539,0.2145,-1.302,0.71788,0.24778,0.32791,2.014
-0.56173,-1.9277,0.14767,-0.99679,0.5258,0.19109,0.18346,1.7451
-0.56288,-1.4948,0.10688,-0.88233,0.42754,0.09353,0.04387,1.7229
-0.73194,-1.6439,0.21515,-0.99796,0.53691,-0.040182,0.26156,1.9019
-0.4922,-1.7818,0.24143,-1.4657,0.5507,0.32995,-0.20578,1.7113
-0.7951,-1.6145,0.031144,-1.1255,0.81345,0.48816,0.1149,1.9581
-0.61848,-1.5826,0.30789,-1.3763,0.94814,-0.0038947,-0.13213,1.8892
-0.62512,-1.4209,-0.085817,-1.2656,0.80805,0.4214,0.13479,2.094
-0.94134,-1.7027,-0.099176,-1.0549,1.0667,0.43537,0.21813,2.0121
-0.58707,-1.5574,0.096142,-1.2537,0.7031,0.37535,0.095658,2.1646
-0.81219,-1.6914,0.099297,-1.3504,0.76512,0.39953,0.13128,1.9327
-0.64895,-1.7994,0.18126,-1.0248,0.78586,0.52134,0.10541,1.9678
-0.81657,-1.2853,0.27318,-1.0099,0.66389,0.44255,0.22407,1.9804
-0.59694,-0.9693,0.13281,-1.3145,0.92471,0.48243,0.095786,1.8767
-0.67017,-1.3336,0.30612,-0.91916,1.1932,0.40769,0.17841,1.8344
-0.88296,-1.5138,0.015126,-1.351,0.60528,0.15334,0.21792,1.9891
-0.76652,-1.6782,0.35186,-0.94353,0.77533,0.11125,0.4413,1.9047
-0.46006,-1.4368,0.11299,-1.3097,1.0201,0.58644,-0.23455,1.6999
-0.33685,-1.5061,-0.13839,-0.93852,0.76577,0.31919,-0.062879,1.6595
-0.41539,-1.533,0.32516,-1.1148,1.0427,0.34352,-0.023671,2.1079
-0.56019,-1.4708,0.31213,-1.161,0.73065,0.55654,0.16379,2.0352
-1.1264,-1.4422,0.34502,-1.5171,1.032,0.54396,-0.088934,1.9252
-0.51544,-1.2634,0.38038,-1.6684,0.84115,0.29314,0.047537,2.0496
-0.86241,-1.1733,0.29638,-1.0125,0.47725,0.26743,-0.08337,1.8554
-0.64265,-1.3406,0.19732,-1.0862,0.78965,-0.088083,0.27483,2.0961
-0.75311,-1.5262,0.3099,-1.207,0.61712,0.29705,0.36393,1.6977
-0.75223,-1.5149,0.19535,-1.0507,0.67154,0.20446,0.1932,1.6298
-0.59919,-1.391,0.076413,-1.5096,0.61875,0.48347,0.15299,1.9463
-0.8815,-1.7225,0.29198,-1.4539,0.93455,0.30382,0.25381,1.885
-0.94236,-1.5852,0.40952,-0.99212,0.80439,0.25704,0.015132,1.7895
-0.64176,-1.6596,0.37428,-1.3595,0.51057,0.30805,-0.29922,1.9913
-0.50467,-1.7284,0.087677,-1.2219,1.1911,0.23543,-0.084743,1.8952
-0.71434,-1.472,0.68993,-1.1772,0.72581,0.3405,0.05353,1.705
-0.55741,-1.4836,0.45646,-1.0843,0.86414,0.12,0.039961,2.1772
-0.42567,-1.4129,-0.1486,-1.0859,0.91878,0.24826,0.42847,1.9189
-0.64869,-1.5007,0.55576,-0.93395,0.51851,0.403,0.10438,1.738
-0.80612,-1.5493,-0.015781,-1.2281,0.52427,0.34366,0.078868,1.9416
-0.51606,-1.6308,0.42865,-1.0777,0.75175,0.27948,-0.12326,1.7832
-0.5955,-1.5316,0.49176,-1.2451,0.73919,0.31605,0.19711,2.0024
-0.56265,-1.6544,0.24458,-1.4262,0.63384,0.16783,-0.22399,1.695
-0.50144,-1.3591,0.5455,-1.0117,0.75281,0.40025,-0.19943,2.1761
-0.99457,-1.6377,0.063332,-1.2854,0.79417,0.28929,0.10384,1.8567
-0.85147,-1.8911,0.36903,-1.0872,0.59656,0.46064,-0.21574,1.692
-0.90511,-1.6236,0.63543,-1.1678,0.74277,0.39505,-0.13168,2.0266
-1.0573,-1.7089,0.28533,-1.3481,0.75746,0.19746,0.11639,2.1259
-0.79929,-1.4156,0.47168,-1.0973,0.59229,0.30424,0.033414,1.719
-0.37187,-1.7127,0.21715,-1.0516,0.69283,0.17903,-0.33959,2.0619
-0.42193,-1.5964,0.30793,-1.2593,0.36744,0.36684,-0.26703,1.5158
-0.69479,-1.3138,0.48773,-1.2333,0.48432,0.3647,0.033247,2.0802
-1.077,-1.539,0.73725,-0.99917,0.78245,0.1434,0.0057812,1.8018
-1.0173,-1.6674,0.29372,-1.0504,0.74755,0.18117,-0.1228,1.8534
-0.95888,-1.164,0.57891,-1.1058,0.8049,0.39032,-0.068131,1.9427
-0.81389,-1.4138,0.46529,-0.91496,0.60259,0.43765,-0.086688,1.8771
-0.91791,-1.5673,0.62207,-1.2667,0.66719,0.13807,-0.32451,1.7499
-0.5118,-1.7949,0.38264,-0.82612,0.58047,0.15837,-0.19315,1.8036
-0.48202,-1.5961,0.33364,-1.1365,0.94579,0.48078,0.10901,1.688
-0.4726,-1.4268,0.34453,-1.1628,0.99747,0.23435,0.27987,1.8766
-0.56657,-1.7834,0.37917,-1.1398,1.024,0.31117,-0.062542,1.9299
-0.59738,-1.6671,0.51016,-0.90027,0.94641,0.38668,0.25406,1.7404
-0.85309,-1.4466,0.72426,-0.94691,0.90739,0.23737,-0.12781,1.8572
-0.73489,-1.5989,0.02966,-1.1788,0.73658,-0.044182,-0.21236,1.8684
-0.31151,-1.6774,0.6495,-1.0821,0.95299,0.5429,0.17511,1.7589
-0.54199,-1.1745,0.73983,-1.4845,0.78224,0.20001,0.23986,2.083
-0.73308,-1.4477,0.31592,-1.1619,0.6528,0.31584,-0.14386,1.4373
-0.48681,-1.509,0.50246,-0.63021,0.4555,0.58678,0.058223,1.628
-0.71565,-1.4443,0.49361,-0.90204,0.67465,0.40311,0.23849,1.8984
-0.70717,-1.4862,0.71258,-0.92866,0.69435,0.23906,0.24127,1.6743
-0.5214,-1.6856,0.47286,-1.1266,0.59311,0.57202,-0.026296,1.8289
-0.48064,-1.4056,0.41678,-0.97922,1.03,-0.1262,-0.11286,1.9078
-0.4071,-1.6547,0.59831,-1.08,0.85399,0.19745,-0.082001,1.7041
-0.71291,-1.4997,0.44432,-1.3113,0.80089,0.57103,-0.21418,1.8837
-0.53669,-1.6942,0.27465,-1.2647,0.59177,0.65317,0.039897,1.5425
-0.77181,-1.5224,-0.079799,-0.85509,0.7272,0.32453,-0.17879,1.7112
-0.87802,-1.8656,0.22473,-0.94953,0.41617,0.24111,0.038962,1.8883
-0.71774,-1.2788,0.6351,-0.82622,0.75551,0.25742,0.041815,1.366
-0.60814,-1.5838,0.55072,-0.64358,0.55893,0.21582,0.020878,1.6981
-0.78498,-1.7612,0.24922,-0.97486,0.71319,0.17346,-0.08289,1.4848
-0.86351,-1.4155,0.70431,-1.0634,0.64284,0.33065,0.12574,1.5384
-0.66154,-1.468,0.55925,-0.83193,0.80304,0.28329,-0.33049,1.8666
-0.68002,-1.3488,0.49038,-1.1007,0.70288,0.3628,0.13414,1.6197
-0.41567,-1.4266,0.5804,-1.0691,1.27,0.14583,-0.23116,1.4067
-1.1173,-1.5402,0.58663,-0.70088,0.79673,0.42887,-0.093383,1.7822
-0.68867,-1.3252,0.48337,-0.71458,0.63952,0.36262,0.029148,1.6745
-0.43322,-1.393,0.24612,-1.0742,0.57564,0.21985,-0.31995,1.7915
-0.39641,-1.3384,0.99789,-0.9979,1.0116,0.32707,0.36843,2.1706
-0.40388,-1.5632,0.48478,-1.0654,0.78383,0.044307,0.022244,1.56
-0.54128,-1.27,0.45516,-1.0628,0.78384,0.20637,0.04866,1.7702
-0.70448,-1.683,0.64633,-0.99556,0.591,0.16493,-0.024526,2.1837
-0.88914,-1.451,0.5724,-0.78272,0.71471,0.62998,0.03637,1.7526
-0.65195,-1.6328,0.51777,-1.0691,0.80326,-0.13808,0.028481,1.5402
-0.64595,-1.1783,0.5727,-1.0742,0.80219,0.14005,-0.062167,1.835
-0.87571,-1.4333,0.40399,-1.1094,0.63161,0.27212,0.14065,1.8039
-0.35365,-1.2262,0.57528,-1.0199,0.93202,0.4277,-0.19946,1.8822
-0.64318,-1.5265,0.33342,-0.67734,0.89592,0.29916,0.022962,1.8998
-0.5345,-1.606,0.80802,-1.1789,0.89168,0.51766,0.17617,1.9399
-0.64908,-1.0563,0.54934,-0.87883,0.59226,0.50381,0.17206,1.5593
-0.41238,-1.3927,0.29748,-1.0124,0.86106,0.21651,-0.064232,1.5215
-0.76301,-1.396,1.0548,-0.88669,0.75731,-0.13719,0.018305,1.8311
-0.66246,-1.4636,0.54592,-0.98085,0.69086,0.37116,0.095304,2.1699
-0.72185,-1.6263,0.61263,-1.0347,0.91303,0.23576,0.004311,1.807
-1.156,-1.7589,0.36611,-1.0739,1.2339,0.081943,-0.15538,1.7663
-0.35281,-1.4574,0.45566,-0.9695,0.87586,0.13249,-0.14049,1.679
-0.29188,-1.4143,0.46884,-1.1179,1.2313,0.41136,0.014815,1.615
-0.60779,-1.2952,0.55184,-0.78487,0.63612,0.31902,0.24567,1.6308
-0.48082,-1.5306,0.41337,-1.2364,0.48621,-0.00089488,0.09546,1.6208
-0.85584,-1.4943,0.69517,-0.96668,1.0783,0.054421,-0.059189,1.685
-0.47417,-1.4258,0.58616,-0.8735,0.83331,0.31022,-0.15485,1.7853
-0.68034,-1.4023,0.57829,-0.83354,0.62584,0.26387,-0.11642,1.5734
-0.50487,-1.4584,0.41665,-0.72978,0.76894,0.43359,-0.055993,1.4665
-0.85157,-1.4265,0.83346,-1.1134,0.7368,0.17632,0.13772,1.6613
-0.66735,-1.3014,0.458,-1.1341,1.0465,0.28916,-0.12964,1.8908
-0.71628,-1.6262,0.92316,-0.84674,1.0622,0.23035,0.05612,1.7407
-0.3387,-1.395,0.74662,-0.70796,0.68017,0.2253,0.020605,1.728
-0.52266,-1.4455,1.0809,-0.84608,0.54984,0.052411,0.04238,1.4258
-0.36501,-1.658,0.62501,-0.94442,1.1944,0.30182,-0.082028,1.6869
-0.7145,-1.4217,0.61358,-1.0134,0.83865,-0.19048,0.19004,1.8567
-0.4057,-1.4456,0.70504,-0.93994,0.90902,-0.12361,0.21283,1.9813
-0.49283,-1.3257,0.56289,-0.88027,0.75354,0.29698,0.2965,1.8579
-0.62607,-1.8446,0.57807,-0.95328,0.62883,0.10733,0.041189,1.9501
-0.73142,-1.6519,0.75744,-0.82258,0.87394,0.22642,-0.17011,1.7793
-0.83344,-1.5851,0.62564,-1.0759,0.97663,0.080815,0.13472,1.9089
-0.056004,-1.6338,0.53451,-0.81646,0.88603,0.44855,0.12363,1.7509
-0.67528,-1.4262,0.4676,-1.0814,1.3382,0.13936,0.22484,1.5502
-0.35884,-1.5075,0.68548,-0.92088,0.8531,0.28597,0.058944,1.5194
-0.69399,-1.1506,0.45538,-0.84738,1.0188,0.19677,0.24492,1.4999
-0.96601,-1.5416,0.50347,-0.92,0.64642,0.146,-0.14419,1.6661
-0.23282,-1.3415,0.56679,-0.71935,0.93402,0.062553,0.0060473,1.665
-0.54885,-1.7419,0.69938,-1.2881,0.87234,-0.20644,0.24292,1.4172
-0.72997,-1.4058,0.79095,-1.0357,0.42819,0.25106,-0.095715,1.4354
-0.63667,-1.4196,0.75399,-0.93508,0.9289,-0.077564,0.28968,1.4449
-0.63509,-1.3902,0.62796,-0.92072,0.60543,0.1887,-0.13698,1.7892
-0.67611,-1.3778,0.89963,-0.92159,1.0552,0.16156,-0.14448,1.9622
-0.30023,-1.4129,0.59012,-0.54889,1.1258,-0.09524,0.086401,1.5976
-0.39507,-1.4892,0.7451,-1.015,1.0379,0.41645,0.14641,1.4241
-0.8977,-1.5287,0.63895,-1.0009,0.70799,0.31358,0.24048,0.97269
-0.49912,-1.4311,0.5928,-0.84727,0.91954,0.15893,0.14829,1.8438
-0.4016,-1.4454,0.7385,-1.1149,1.0446,0.17346,0.026663,1.696
-0.79446,-1.3355,0.54852,-0.41268,0.86729,0.026975,0.024333,1.5259
-0.73124,-1.1919,0.87745,-0.90769,0.77232,-0.20461,0.069635,1.6083
-0.64787,-1.3303,0.74012,-1.0377,0.92747,0.17921,-0.024481,1.6026
-0.63445,-1.5212,0.56942,-0.96912,1.1955,0.0074817,0.094798,1.7405
-0.50918,-1.6565,0.84701,-0.88327,0.91355,0.28124,-0.25893,1.2641
-0.56687,-1.292,0.9722,-0.91002,0.8831,0.17308,-0.25226,1.9624
-0.22597,-1.3177,0.63077,-0.9366,0.72424,0.075945,-0.073344,1.5292
-0.45111,-1.4317,0.56325,-1.0257,1.0277,-0.08474,0.43401,1.3571
-0.3429,-1.6565,0.60031,-0.95203,0.9462,0.3076,0.099266,1.4211
-0.37575,-1.3297,1.0763,-0.83088,1.1464,-0.17338,-0.033051,1.9088
-0.36074,-1.2108,0.68873,-0.95191,0.88999,0.27061,-0.15819,1.4346
-0.34317,-1.1272,0.70541,-1.3123,0.8688,0.26208,0.26756,1.3152
-0.63676,-1.5455,0.64472,-0.87632,0.67505,-0.0091587,0.14514,1.6664
-0.49452,-1.6424,0.68399,-1.1513,0.8409,0.75472,0.08887,1.4902
-0.4,-1.7244,0.68504,-0.85279,0.89157,0.12521,0.41868,1.5309
-0.19908,-1.5895,0.95952,-0.72428,0.79846,0.19758,0.39248,1.6354
-0.61675,-1.5101,0.88635,-0.60138,0.754,0.0054066,0.28316,1.7535
-0.58839,-1.4821,0.81695,-0.8798,0.57749,-0.20287,0.1075,1.5808
-0.83173,-1.4798,0.94988,-0.79852,1.195,0.32101,0.3157,1.5693
-0.64682,-1.4255,0.232,-0.90291,1.1999,0.30281,0.29628,1.6581
-0.68383,-1.5163,0.7737,-0.83672,1.1019,0.0033999,0.14526,1.1677
-0.5913,-1.347,0.7468,-0.80946,0.75975,-0.046803,0.033085,1.6728
-0.57395,-1.7981,0.77793,-1.0623,0.7847,0.027943,0.19795,1.6349
-0.1738,-1.4285,0.62869,-0.77025,1.0677,-0.2709,0.11568,1.5143
-0.58777,-1.8612,0.99778,-1.11,1.1165,-0.0044399,0.20782,1.5454
-0.7414,-1.4665,0.26057,-0.79132,0.85636,0.12921,0.62222,1.3694
-0.50825,-1.369,0.42988,-0.92294,0.8018,0.045155,0.25699,1.5823
-0.53921,-1.5957,0.5951,-0.76024,0.91818,0.024194,0.2607,1.2145
-0.25717,-1.7382,0.86089,-0.87126,1.0867,0.25926,0.11767,1.7262
-0.1653,-1.4233,0.37144,-1.0687,1.391,0.069724,0.14251,1.201
-0.36742,-1.4459,0.52197,-0.67618,0.80833,0.13425,0.17239,1.4278
-0.51403,-1.5998,0.96363,-0.99175,1.154,0.5482,-0.10276,1.549
-0.48869,-1.1663,0.62665,-0.86375,1.1411,-0.17279,0.20068,1.445
-0.26038,-1.6719,0.75824,-0.9645,0.81103,0.12051,-0.10495,1.4269
-0.39386,-1.2765,0.63355,-0.86949,1.2242,0.21134,0.087273,1.193
-0.52563,-1.0599,0.59368,-0.59618,1.4161,-0.059556,0.22888,1.2801
-0.23479,-1.4601,0.80733,-0.88146,0.86684,0.2058,0.08789,1.2735
-0.4273,-1.6942,0.46039,-0.972,0.96336,0.062973,0.47917,1.5187
-0.44502,-1.4386,0.9719,-0.80218,1.1311,0.060595,0.23278,1.6492
-0.27287,-1.4333,0.39464,-0.76087,1.1192,-0.05847,0.28745,1.5362
-0.41631,-1.6378,0.41528,-1.1366,1.1094,0.034048,0.49009,0.85919
-0.37968,-1.4776,0.68669,-0.94641,0.86173,-0.044836,0.28234,1.4235
-0.59677,-1.3158,0.68081,-0.97688,0.79431,0.22231,0.3687,1.3973
-0.78554,-1.4135,0.53855,-0.7968,0.9924,-0.01533,0.091755,1.2868
-0.87094,-1.3974,0.48973,-0.74082,1.0487,0.11807,0.30528,1.3333
0.0081972,-1.4341,0.45055,-1.0953,1.0508,-0.26074,0.40782,1.342
-0.7,-1.5551,0.29116,-0.95609,0.79457,-0.12039,0.37352,1.6285
-0.47982,-1.3484,0.6182,-0.91621,0.90274,0.029326,0.17289,1.1747
-0.23218,-1.4064,0.75549,-0.77352,1.3254,-0.0074121,0.58857,1.1075
-0.56891,-1.4237,0.58895,-0.94706,1.2082,0.096924,0.010981,1.3441
-0.47434,-1.4836,0.33081,-0.61197,1.0286,0.23046,0.38319,1.5214
-0.59098,-1.3888,0.75961,-0.87577,1.0521,0.125,0.57886,1.1795
-0.37268,-1.528,0.30155,-1.1808,1.2434,0.013349,0.57563,1.3063
-0.26172,-1.4161,0.68962,-0.60408,0.80821,0.046296,0.22132,1.3983
-0.28485,-1.5515,0.29667,-0.99819,1.4075,0.074547,0.46608,1.6032
-0.37727,-1.5808,0.67595,-0.82556,1.263,0.062861,0.30254,1.3899
-0.18746,-1.2529,0.50763,-0.99745,0.93693,-0.0029754,0.35361,1.5096
-0.5352,-1.6256,0.75116,-0.72927,1.2563,0.051621,0.14638,1.4991
0.18547,-1.7543,0.2619,-0.83856,1.0031,0.16406,0.4737,1.3263
-0.19037,-1.2253,0.75616,-1.0722,0.80887,0.44739,0.60085,1.6362
-0.091135,-1.5951,0.76177,-0.63653,1.2432,-0.10545,0.2935,1.251
-0.18519,-1.574,0.59233,-0.92769,0.92164,-0.12018,0.45615,1.3248
-0.40285,-1.5194,0.76149,-0.73414,1.1327,0.23589,0.75181,1.3292
-0.55302,-1.6308,0.39222,-0.85578,0.95175,0.061942,0.45584,1.1135
-0.45025,-1.8322,0.64312,-0.85556,1.4065,-0.33214,0.45039,1.4432
-0.21111,-1.4977,0.73501,-0.81611,1.1929,-0.15071,0.034594,1.4153
-0.29704,-1.6227,0.80303,-0.99882,0.71837,0.20906,0.48033,1.0304
-0.14886,-1.7603,0.36606,-0.74985,0.99442,-0.10556,0.42343,1.1901
-0.095454,-1.0956,0.53654,-0.5853,0.94263,-0.079743,0.44029,1.463
-0.13377,-1.1826,0.5643,-1.0431,1.271,0.17279,0.57967,1.47
0.057246,-1.7557,0.8294,-0.8645,1.6776,0.1494,0.2003,1.2232
-0.15983,-1.4565,0.77011,-0.88171,1.419,-0.035656,0.53395,1.2591
-0.24966,-1.9654,0.61223,-0.75318,0.96321,-0.10895,0.65435,1.4913
-0.63965,-1.2154,0.5956,-0.81043,1.1021,-0.18929,0.38659,1.4133
0.11193,-1.5541,0.43779,-1.1324,1.1855,-0.11846,0.18687,1.1507
-0.12236,-1.4607,0.4,-0.83772,1.3167,0.015462,0.48844,1.2334
-0.11705,-1.4358,0.67818,-0.95101,1.5554,-0.12268,0.3545,1.3911
-0.13565,-1.4034,0.54396,-1.1822,1.268,0.041205,0.44197,1.4174
-0.48413,-1.6632,0.76727,-1.0721,1.1953,-0.34699,0.29814,1.2856
-0.6004,-1.5395,0.5465,-1.0205,1.0472,0.11569,0.62842,1.0294
-0.20037,-1.5176,0.61797,-0.76798,1.1485,-0.24425,0.53524,1.1226
-0.3633,-1.5279,0.72308,-1.2074,0.92769,-0.10436,1.0774,1.261
-0.18272,-1.3122,0.41204,-0.83738,1.3402,0.19536,0.58828,1.2948
-0.26736,-1.5993,0.62084,-0.77853,1.2854,0.038499,0.56702,1.3168
-0.47537,-1.5413,0.41553,-0.82207,1.3553,-0.2581,0.96571,1.1908
-0.23231,-1.3788,0.56186,-0.87556,1.2366,-0.28523,0.52835,1.3627
-0.53693,-1.191,0.72691,-0.74212,1.4085,0.1198,0.51194,1.2255
0.008972,-1.7208,0.82837,-0.92921,1.2703,-0.10068,0.50211,1.1317
-0.35365,-1.2058,0.48724,-1.0411,1.4684,0.08278,0.54997,1.2926
-0.22803,-1.4234,0.58295,-0.92084,1.4987,-0.11806,0.60262,1.2496
-0.37389,-1.4084,0.3412,-0.85659,1.5112,0.085466,0.59965,0.97908
-0.049322,-1.1073,0.56152,-1.0478,1.1665,-0.024659,0.67815,1.1086
0.0405,-1.5929,0.22594,-1.0277,1.2747,-0.10082,0.63887,1.4371
-0.011191,-1.4587,0.61412,-0.93088,1.3207,-0.15901,0.69991,1.384
-0.095352,-1.8,0.45023,-0.52835,1.1953,-0.26161,0.65157,1.331
-0.14141,-1.7627,0.18845,-0.67427,1.2282,-0.45564,0.55455,1.0335
-0.05613,-1.5456,0.2227,-0.85035,1.2202,-0.1654,0.8766,1.0043
-0.19373,-1.4802,0.4219,-0.98802,1.1328,-0.029282,0.49576,1.5049
-0.060417,-1.4122,0.56378,-1.1555,1.4436,-0.21772,0.8364,1.457
-0.30196,-1.6843,0.83821,-0.86201,1.5195,-0.085162,0.28207,1.3222
-0.1163,-1.5928,0.62941,-0.72629,1.2081,0.0067423,0.87503,1.0861
0.085857,-1.3726,0.77441,-1.0514,1.144,-0.34431,0.4155,1.0798
-0.084965,-1.5211,0.34807,-0.80722,1.7418,-0.1058,0.76152,1.474
0.014103,-1.4501,0.23333,-0.8249,1.1745,-0.19571,0.75985,1.378
-0.014252,-1.6572,0.030709,-0.99533,1.2169,-0.12915,0.86619,1.3858
-0.10934,-1.2418,0.20337,-1.0484,1.2158,0.22354,0.79217,0.96739
-0.043456,-1.3151,0.55359,-1.0616,1.2505,0.093513,0.78748,1.1789
-0.29322,-1.6439,0.5519,-0.77321,1.5358,-0.46482,0.69706,1.2305
-0.041423,-2.0845,0.42024,-0.75357,1.0035,-0.24025,0.94267,0.76933
0.065381,-1.592,0.55158,-1.0563,1.4553,-0.047752,0.70389,0.88427
-0.16305,-1.4986,0.6738,-0.67039,1.3474,-0.23609,0.77801,0.8409
-0.16784,-1.1952,0.28297,-0.85408,1.3983,-0.13796,0.9173,0.77087
0.20916,-1.5008,0.68376,-0.80314,1.1303,-0.24766,0.64995,0.72801
-0.080539,-1.3635,0.19823,-1.0179,1.3393,-0.24873,0.71278,1.2736
-0.12885,-1.3302,0.30916,-1.0469,0.97438,-0.1945,0.56565,1.1831
-0.073498,-1.5182,0.65791,-0.89133,1.2034,-0.2489,0.90974,1.3297
-0.43468,-1.4337,0.63061,-0.54269,1.2395,-0.32617,0.79157,1.4147
-0.19775,-1.3873,0.24205,-0.73369,1.7122,-0.26743,0.74474,1.4234
0.047381,-1.6466,0.45981,-1.0652,1.5034,-0.26732,0.88858,1.3782
-0.53494,-1.4334,0.20545,-0.93257,1.3181,-0.010922,0.48851,1.2172
-0.0090227,-1.6491,0.50333,-1.017,1.2559,-0.1405,0.51653,1.24
-0.12955,-1.1832,0.72907,-0.65827,1.6861,0.087445,0.81041,1.0135
-0.11292,-1.5561,0.22837,-0.76366,1.7474,-0.14606,0.83463,1.2858
0.081489,-1.7453,0.44898,-0.80723,1.3282,-0.32499,0.68032,0.98122
0.15205,-1.4769,0.41046,-0.83469,1.3994,-0.40599,0.72121,1.1671
0.018138,-1.4984,0.37408,-0.54113,1.3346,-0.1902,0.78759,1.1013
-0.38023,-1.5473,0.31882,-0.90755,1.4194,-0.29435,0.75079,1.3955
-0.13663,-1.3849,0.65714,-0.94934,1.5878,-0.075249,0.89666,1.0654
0.072654,-1.3155,0.78383,-0.71097,1.3637,-0.24311,1.1115,1.1202
-0.043996,-1.7466,0.37115,-0.9535,1.3654,-0.22935,0.83183,1.2582
-0.13952,-1.3584,0.28566,-0.63792,1.4779,-0.42862,0.95409,1.2316
-0.19357,-1.7897,0.39252,-0.85167,1.3408,-0.41357,0.99053,1.1584
0.24943,-1.4156,0.1654,-0.70034,1.604,-0.49809,0.49652,0.87695
-0.42734,-1.4916,0.39843,-0.75716,1.1018,-0.59167,0.80813,0.87677
-0.25115,-1.3026,0.6674,-1.0418,1.2971,-0.46015,0.87047,1.3117
0.078261,-1.2608,0.2403,-0.94843,1.2604,-0.57138,0.80578,1.3588
-0.0025598,-1.461,0.41402,-0.79702,1.4471,-0.44173,0.94874,1.2554
0.029132,-1.4647,0.47004,-0.94754,1.8134,-0.23354,0.99805,1.254
0.26854,-1.3372,0.71477,-1.1462,1.2077,-0.067213,0.90397,0.88387
-0.034663,-1.6222,0.63773,-0.86112,1.4857,-0.022335,1.0346,0.89256
-0.056423,-1.4901,0.27584,-1.4272,1.2941,-0.19218,1.1748,1.4574
-0.13913,-1.5813,0.34733,-1.1363,1.025,-0.37998,0.61506,1.2719
-0.060768,-1.4333,0.20453,-0.9109,1.4256,-0.097344,0.48076,0.85392
-0.026935,-1.9912,0.027033,-0.61735,1.412,-0.29266,1.0534,0.99841
-0.31837,-1.6139,0.45438,-0.81052,1.263,-0.73167,0.86007,0.98715
-0.033934,-1.1105,0.346,-0.92797,1.6781,-0.22073,0.92877,1.0216
0.16166,-1.2932,-0.03884,-0.99392,1.3925,-0.38963,1.0491,1.055
-0.031775,-1.7407,0.42105,-0.94471,1.4209,-0.46018,1.1075,1.1235
-0.19434,-1.2682,0.36699,-0.88681,1.2103,-0.46228,0.95927,1.2726
0.06796,-1.1466,0.3881,-0.7342,1.6361,-0.34032,1.2249,0.94735
0.22168,-1.5176,0.79115,-0.91372,1.055,-0.12812,1.1496,1.0288
0.032887,-1.4884,0.37108,-0.79215,1.482,-0.24549,1.1186,1.3104
0.20259,-1.412,0.24804,-0.62939,1.6326,-0.47285,0.80752,0.89568
0.36578,-1.6777,0.17172,-1.1367,1.5863,-0.32642,1.1042,1.1318
0.092106,-1.333,0.010415,-0.93612,1.6414,-0.20564,1.1079,0.85085
-0.023122,-1.5957,0.52126,-0.94523,1.3678,-0.50893,1.1276,0.8718
0.38405,-1.7429,-0.0090836,-0.88434,1.521,-0.29647,1.3863,1.2048
-0.20886,-1.3656,0.19274,-0.85197,1.3238,-0.30908,1.1907,1.1017
-0.12645,-1.5198,0.20733,-1.293,1.5012,-0.5661,1.123,1.002
-0.14693,-1.4391,0.46056,-0.97147,1.5123,-0.53917,1.3199,0.6742
0.046081,-1.5949,0.23734,-0.56191,1.5429,-0.036637,0.8978,0.90158
0.063092,-1.4102,0.2288,-0.95049,1.2137,-0.5004,1.104,1.1017
0.43784,-1.5056,0.28844,-0.83199,1.4342,-0.43595,1.1115,1.0303
0.11116,-1.7652,0.04739,-1.0481,1.5068,-0.14271,1.1225,1.1488
-0.19114,-1.8668,0.098928,-0.56713,1.273,-0.12776,1.0965,0.87351
0.062891,-1.7293,0.41124,-0.99766,1.5574,-0.54869,0.96552,1.2503
0.37003,-1.2976,-0.050322,-0.8649,1.5195,-0.40629,1.4526,1.1267
0.26311,-1.7048,0.43084,-1.0553,1.5288,-0.25702,0.8275,0.73385
0.056191,-1.4739,-0.037499,-0.93116,1.4942,-0.42904,0.71076,1.2508
0.31186,-1.5284,0.18669,-0.90274,1.6185,-0.36886,0.77601,0.8174
0.069948,-1.6312,0.32462,-0.76323,1.6111,-0.37529,1.0401,1.053
0.11272,-1.5081,0.051996,-0.85614,1.4956,-0.54282,1.2433,0.83712
0.22113,-1.7355,0.35743,-1.0099,1.6089,-0.30405,0.97854,0.85584
0.10546,-1.4589,0.21192,-1.0335,1.4139,-0.58315,1.1132,0.78496
0.023533,-2.0083,0.2994,-1.0655,1.6862,-0.22312,1.4453,0.98066
0.057417,-1.6442,-0.12473,-1.1062,1.5685,-0.793,0.92649,1.0614
-0.22019,-1.6205,0.12763,-0.90194,1.4577,-0.49072,0.8424,1.0877
0.1413,-1.5476,0.13612,-0.62739,1.6853,-0.38826,1.0932,0.95431
0.059796,-1.3939,0.23374,-0.94183,1.8135,-0.31953,1.3101,1.0822
0.21992,-1.4242,0.29414,-1.1023,1.5559,-0.20139,0.70123,1.05
0.2811,-1.7401,0.3438,-1.185,1.647,-0.56983,1.2454,0.8909
0.084177,-1.6858,0.36501,-0.85007,1.5668,-0.11915,1.4289,1.1173
0.21892,-1.5006,-0.022891,-1.1755,1.513,-0.47896,1.0004,0.86
-0.039757,-1.4482,0.42802,-0.97723,1.6404,-0.51498,1.3432,1.0436
-0.089456,-1.249,0.034834,-0.74224,1.583,-0.4365,1.1264,0.79403
0.21213,-1.6221,0.10397,-1.0477,1.9468,-0.72754,1.5103,0.85773
0.14996,-1.5743,0.24338,-0.89883,1.3731,-0.56471,1.2911,1.0974
-0.11463,-1.3613,0.5629,-1.0024,1.6002,-0.28701,1.3153,1.0758
0.26228,-1.67,0.27693,-0.95572,1.6966,-0.27933,1.2474,1.3483
-0.050902,-1.3086,0.073092,-0.99753,1.7964,-0.82027,1.6583,0.90539
0.3767,-1.9527,-0.12312,-0.76498,1.5093,-0.46046,1.457,1.2522
0.046679,-1.4945,0.11434,-1.0724,1.4229,-0.48984,1.2281,1.2058
0.14871,-1.9263,0.25085,-0.90966,1.4346,-0.71081,1.7092,1.0821
0.1436,-1.4061,0.062723,-1.1802,1.8299,-0.17069,1.0407,0.79306
0.11963,-1.5955,0.13202,-0.99501,1.6636,-0.28101,1.2202,1.1591
0.17682,-1.5731,0.15219,-1.0111,1.6297,-0.28109,1.4884,0.88497
0.24004,-1.4841,0.077976,-0.81879,1.7393,-0.72298,1.1444,1.3036
0.18993,-1.8169,0.30295,-0.90461,1.537,-0.40017,0.92064,0.84574
0.19852,-1.7063,-0.003654,-1.0818,1.7993,-0.37869,1.7737,0.98033
0.37118,-1.4944,-0.044701,-1.2277,1.5056,-0.59576,1.3554,1.3692
-0.084117,-1.6907,-0.08643,-0.70854,1.7643,-0.73116,1.2466,0.88886
0.2213,-1.5472,0.080171,-1.248,1.5228,-0.25305,1.5456,1.2044
0.33822,-1.3484,0.12494,-1.0508,1.7799,-0.49231,1.4487,1.4324
0.13992,-1.4767,0.16231,-1.1964,1.7787,-0.77266,0.84009,0.70719
0.18901,-1.4065,0.25927,-1.1205,2.0001,-0.64595,1.4719,0.89298
0.44531,-1.339,-0.080833,-0.69631,1.8299,-0.37289,1.3644,0.97573
0.05505,-1.7695,0.083768,-1.3717,1.9379,-0.62665,1.3712,0.99696
-0.0067087,-1.6964,0.59261,-1.1758,1.7113,-0.1195,1.5718,0.94673
0.25757,-1.7346,-0.17885,-0.84213,1.7137,-0.51712,1.2456,0.76695
0.40114,-1.5159,0.13949,-1.0198,1.4429,-0.37024,1.5208,1.0008
0.31281,-1.8719,0.082878,-1.3418,1.6897,-0.70167,1.4843,0.97843
0.036539,-1.8024,-0.16216,-1.2762,1.3364,-0.25917,1.5687,1.0683
0.18238,-1.5315,0.34907,-1.0893,1.7701,-0.67792,1.0556,0.80881
0.045025,-1.7297,0.10776,-1.1388,1.8943,-0.30594,1.3321,0.69697
0.10974,-1.3014,0.093812,-0.83723,1.8483,-0.1448,1.35,0.97054
0.22586,-1.6801,-0.23266,-0.97167,1.8127,-0.44751,1.348,1.1133
-0.030195,-1.7627,0.14106,-0.99457,1.7596,-0.53497,1.5785,0.90376
0.067231,-1.7756,0.11652,-1.1799,1.5148,-0.59505,1.0738,1.1104
0.42417,-1.1645,-0.075866,-1.0654,1.4925,-0.47099,1.4944,1.1759
0.28556,-1.6558,0.20653,-1.0894,1.3464,-0.76195,1.3206,1.3367
0.097536,-1.3365,-0.03501,-1.0636,1.6316,-0.67904,1.3911,0.98118
-0.013402,-1.684,-0.183,-0.99052,1.4733,-0.49297,1.4272,0.73987
0.07505,-1.6421,0.0061934,-0.88343,1.6016,-0.31619,1.1814,1.1177
0.066946,-1.414,-0.16624,-1.0402,1.4984,-0.44119,1.497,1.3653
0.12407,-1.8028,-0.12885,-0.91512,1.7263,-0.58744,1.4938,0.88463
0.21781,-1.5354,0.19204,-1.0103,1.7648,-0.1824,1.7227,1.0442
-0.060393,-1.5102,-0.019103,-0.97689,1.9086,-0.48773,1.5978,0.82234
-0.029081,-1.1667,-0.0705,-1.0115,1.6886,-0.45926,1.6553,0.59898
-0.060376,-1.6294,0.19098,-1.3312,1.8135,-0.55888,1.0701,0.84128
0.16323,-1.5626,-0.025167,-1.2294,1.8027,-0.57582,1.5831,0.87798
0.18307,-1.6661,-0.084668,-1.0607,1.4947,-0.57281,1.663,0.81648
0.25831,-1.7932,0.13633,-0.84157,1.383,-0.64693,1.5681,1.0791
0.44988,-1.6629,-0.037114,-0.87914,1.5207,-0.69748,1.2945,1.0062
0.20418,-1.5199,0.024676,-1.048,1.766,-0.73535,1.4787,0.64646
0.018737,-1.5027,-0.0038365,-1.2389,1.5451,-0.65754,1.1056,1.1807
0.28363,-1.3928,0.22033,-0.96859,1.68,-0.90681,1.5272,1.1588
0.27718,-1.6353,0.14123,-1.0618,1.6213,-0.48031,1.58,0.9158
0.20956,-1.5897,-0.036535,-1.3256,1.5924,-0.50611,1.3783,0.97353
0.069163,-1.472,0.2227,-1.1322,1.8324,-0.47713,1.5874,1.0474
0.2719,-1.4735,0.02083,-1.0333,1.7967,-0.61009,1.5937,0.72569
0.10682,-1.4536,-0.26669,-0.92518,1.8336,-0.65514,1.4156,1.2089
0.010294,-1.6034,-0.074527,-0.99913,1.6275,-0.83341,1.7619,1.0058
0.33413,-1.7831,-0.35459,-1.3603,1.7103,-0.73341,1.6614,0.92405
0.082779,-1.7067,0.22332,-1.2305,1.4771,-0.69301,1.6452,1.1738
0.38314,-1.8091,-0.1359,-1.0592,1.9633,-0.60454,1.2073,0.74075
0.5783,-1.5466,-0.16187,-0.98173,1.6783,-0.52553,1.442,1.0287
-0.093254,-1.4757,-0.091871,-1.0215,1.7139,-0.70553,1.2351,0.87035
0.2705,-1.5136,-0.34321,-1.0113,1.6709,-0.71159,1.258,0.82538
0.42431,-1.1465,-0.14529,-1.0355,1.4128,-0.6931,1.3283,0.87179
0.57322,-1.7112,-0.20879,-0.99209,1.7495,-0.45359,1.3525,1.0275
0.20606,-1.3965,0.16932,-0.85103,1.4834,-0.87018,1.5064,0.70025
0.019654,-1.5683,-0.14458,-0.75504,1.869,-0.82383,1.3704,0.96667
0.26433,-1.8121,-0.028112,-0.96753,1.7883,-0.59917,1.3565,0.92841
0.22956,-1.5136,-0.37016,-0.95751,1.4647,-0.53461,1.5708,1.2147
0.16644,-1.9227,-0.032525,-1.2054,1.662,-0.72171,1.4848,0.73054
0.14978,-1.7911,-0.084511,-1.0892,1.5546,-0.96003,1.7698,0.5054
0.069187,-1.729,-0.080696,-1.0324,1.7653,-0.44845,1.3859,0.88345
0.20584,-1.5245,-0.096272,-0.88479,1.7209,-0.68926,1.4175,1.178
0.32344,-1.7834,0.12201,-1.3359,1.8669,-0.56387,1.4903,0.84624
0.15418,-1.832,-0.33583,-1.3249,1.4277,-0.59488,1.7162,0.77589
0.3292,-1.4798,-0.16947,-1.1038,1.6634,-0.55797,1.5611,1.047
0.41914,-1.7134,-0.33843,-1.0874,1.8753,-0.6903,1.695,1.1511
0.30885,-1.5115,-0.22529,-1.4941,1.8391,-0.669,1.3633,0.89258
0.0040174,-1.8005,-0.43698,-1.1626,1.5407,-0.8419,1.4582,1.1148
0.4085,-1.1918,-0.19906,-1.1226,1.7908,-0.653,1.5561,1.2273
0.11072,-1.4004,0.045858,-1.5571,1.9353,-0.81371,1.3448,0.72421
0.21835,-1.5445,-0.32439,-1.3058,2.0776,-0.94403,1.8651,0.92338
-0.0011438,-1.2943,0.066943,-1.1723,1.4977,-0.95204,1.6568,1.12
0.32318,-1.4205,0.033075,-0.99759,1.8278,-0.89131,1.8842,1.2628
0.083771,-1.6632,-0.10446,-1.4307,1.9051,-0.69382,1.7571,1.0899
0.21638,-1.8904,-0.048822,-1.4404,1.7677,-0.71056,1.4337,0.80731
0.33616,-1.4073,-0.31222,-1.0176,1.5357,-1.0778,1.6272,1.4612
0.20771,-1.2718,0.092797,-0.91973,1.6088,-0.79363,1.5605,1.0934
0.49392,-1.5522,-0.0043084,-1.4966,1.7296,-0.91437,1.4145,0.94895
0.49801,-1.7458,-0.14113,-1.2912,1.5818,-0.38901,1.4272,1.0616
-0.33036,-1.7769,-0.226,-1.0921,1.6016,-0.73918,1.8104,1.1121
0.094591,-1.3412,-0.37985,-1.0941,1.7602,-0.87184,1.8128,0.78708
0.47312,-1.8686,-0.22676,-0.94128,1.51,-0.75189,1.9292,1.1166
0.12401,-1.4642,-0.14482,-1.1381,1.5715,-0.74561,1.6339,0.77419
0.40979,-1.623,-0.1993,-1.2361,1.8579,-0.47622,1.7094,0.68874
-0.11368,-1.8997,-0.079777,-1.3705,2.0068,-0.57443,1.8301,0.96182
0.23082,-1.989,-0.19201,-1.1437,1.542,-1.0065,1.6532,0.63745
0.42544,-1.7302,-0.11781,-1.1545,1.3832,-0.8453,1.7859,1.0884
-0.19147,-1.4566,-0.31135,-1.3571,1.4686,-0.80194,1.5384,1.1907
0.49714,-1.7006,0.12925,-1.3235,1.5931,-0.79262,1.5993,0.9305
0.084819,-1.3946,0.01611,-0.99015,1.7017,-0.60943,1.6906,1.1981
-0.062696,-1.2373,-0.16552,-1.2623,1.7188,-0.75529,1.9666,1.347
-0.019835,-1.5242,-0.0079218,-1.2831,1.8572,-0.94375,1.5419,0.83436
0.30851,-1.7346,-0.61078,-1.501,1.4592,-0.98264,1.5238,0.87002
0.20525,-1.5664,-0.16973,-1.429,1.8399,-0.25249,1.5605,1.0017
0.32012,-1.5443,-0.23495,-0.97904,1.7022,-1.106,1.7478,1.3007
-0.0040941,-1.7623,-0.20134,-1.18,1.8192,-0.69065,1.6409,0.77811
0.41603,-1.542,-0.097587,-1.242,1.4227,-0.38397,1.7043,1.1902
0.013894,-1.4008,-0.10008,-1.3808,1.712,-0.7376,1.494,1.1427
0.37025,-1.4913,-0.45896,-1.1591,1.6877,-1.0913,1.8323,1.2511
0.2542,-1.7644,-0.17414,-1.3934,1.3994,-0.61326,1.6795,1.1157
-0.086887,-1.9528,-0.23041,-1.2593,1.6021,-1.1335,2.0626,1.0343
-0.040945,-1.5904,-0.23561,-1.2434,1.8218,-0.69099,1.497,0.96546
-0.14503,-1.5155,-0.08806,-1.2754,1.6229,-0.98675,1.9026,1.0277
0.064583,-1.3982,-0.01433,-1.0619,1.5401,-0.80978,1.9327,1.0931
0.32802,-1.6779,-0.40428,-0.91272,1.6675,-0.98663,1.777,0.69476
0.25123,-1.6176,-0.45811,-1.1859,1.4432,-0.87103,1.8294,0.86485
0.074087,-1.5015,-0.16288,-1.4056,1.4494,-0.9499,1.6341,0.79991
0.65307,-1.8741,-0.47506,-1.2184,1.5848,-1.148,1.4475,1.1472
0.31471,-1.6974,-0.14071,-1.2533,1.6015,-0.70198,1.7463,1.0542
0.12474,-1.8986,-0.034695,-1.2218,1.3448,-0.78553,1.8025,0.97916
-0.23263,-1.3859,-0.049296,-1.2636,1.8304,-0.97974,1.4771,1.0079
0.44692,-1.6654,-0.1707,-1.1903,1.8742,-0.77481,1.7738,1.247
0.27074,-1.5186,-0.3576,-1.484,1.372,-0.70229,1.358,1.2352
0.22885,-1.3187,-0.2865,-1.2985,1.6302,-0.95146,1.5821,1.2783
0.10177,-1.9691,-0.17792,-1.4396,1.7619,-0.88412,1.723,0.97865
0.36355,-1.6775,0.094333,-1.3281,1.4931,-0.90778,1.9286,1.1775
0.22861,-1.5952,-0.10299,-1.1228,1.7396,-1.2154,1.5587,0.97554
0.18924,-1.4093,-0.35704,-1.4423,1.677,-0.88905,1.6838,0.74867
-0.076159,-1.5604,-0.41556,-1.4252,1.3099,-0.71675,1.1821,1.1558
0.39271,-1.5607,-0.59936,-1.2973,1.8303,-0.76458,1.5756,0.70294
-0.018837,-1.8531,-0.17497,-1.2687,1.6102,-0.63768,1.4958,1.0342
0.5019,-1.3691,-0.32815,-1.2662,1.5875,-0.88074,1.9135,0.99647
0.28471,-1.8506,-0.10714,-1.1844,1.2544,-0.82202,1.8172,0.9816
0.21636,-1.7902,-0.092732,-0.99192,1.5891,-0.79956,1.4586,1.0149
0.26476,-1.6944,-0.29729,-1.366,1.7479,-0.93123,1.4481,1.1115
-0.1141,-1.592,-0.292,-1.448,1.7548,-0.80411,1.4897,0.9149
-0.06772,-1.5997,-0.50086,-1.6485,1.8694,-0.84907,1.1774,1.3545
-0.24392,-1.5087,-0.17748,-1.4322,1.3908,-0.90299,1.5497,1.1635
0.047538,-1.6762,-0.15716,-1.5707,1.384,-1.0635,1.6892,0.74512
-0.11431,-1.6738,-0.6326,-1.3247,1.6793,-0.64308,1.5336,1.3325
-0.068921,-1.9194,-0.030689,-1.1201,1.158,-1.1084,1.4212,1.2916
-0.14584,-1.6972,-0.36505,-1.5675,1.4521,-0.80178,1.83,1.1256
0.2101,-1.4506,-0.29753,-1.4022,1.624,-0.95643,1.7761,0.85331
0.24824,-1.8617,-0.30333,-1.3121,1.8028,-1.2918,1.5411,0.92745
0.085107,-1.4448,-0.27194,-1.3174,1.2721,-0.68726,1.5838,0.85957
0.0065099,-1.5924,-0.5708,-1.4716,1.5519,-0.86788,1.4055,0.72545
-0.14446,-1.3116,-0.41464,-1.1373,1.8205,-0.60168,2.1114,1.0593
-0.24498,-1.4667,-0.5672,-1.4023,1.5944,-0.88871,1.4017,1.0615
-0.28962,-1.4575,-0.10329,-1.477,1.381,-0.564,1.7453,1.0929
0.19712,-1.4663,-0.21353,-1.2345,1.4496,-0.70045,1.7481,0.90579
0.15883,-1.4285,-0.13342,-1.4404,1.2712,-0.86144,1.4326,1.2112
-0.1857,-1.548,0.057638,-1.5835,1.5698,-1.1374,1.6489,1.3126
0.12954,-1.4381,-0.51238,-1.144,1.7354,-0.92578,1.5083,1.0359
-0.031197,-1.5698,-0.18412,-1.3185,1.3064,-0.86909,1.4606,1.2581
-0.13027,-1.2078,-0.093808,-1.3102,1.2796,-0.74686,1.747,1.0358
0.065321,-1.5676,-0.022224,-1.1894,1.5878,-0.76484,1.7656,1.1791
0.20807,-1.5699,-0.28201,-1.196,1.5678,-0.68122,1.6301,1.0597
0.28627,-1.1928,-0.12364,-1.1711,1.6956,-1.2906,1.7639,1.4001
0.37081,-1.316,-0.25303,-1.423,1.2917,-0.46748,1.5562,1.2807
0.10098,-1.3097,-0.6448,-1.3019,1.4732,-1.0345,1.258,1.031
0.21942,-1.6498,-0.063557,-1.5467,1.0937,-0.8596,1.4584,1.1132
-0.059307,-1.4002,-0.12347,-1.0519,1.7211,-0.9587,1.5089,1.2357
-0.082613,-1.1827,-0.15084,-0.97272,1.3955,-0.51995,1.7108,1.152
0.077419,-1.766,-0.1845,-1.1128,1.3552,-1.0502,1.3703,1.2506
0.06878,-1.5632,-0.18832,-1.2619,1.6668,-0.97416,1.7473,0.84165
0.06071,-1.2082,-0.29332,-1.4009,1.322,-0.9235,1.7202,1.2549
0.21183,-1.485,-0.38495,-1.7109,1.3683,-0.8277,1.4956,1.2467
-0.26521,-1.5978,-0.27054,-1.075,1.1198,-0.81712,1.5806,1.073
0.18183,-1.5886,-0.15162,-1.3611,1.4189,-1.0518,1.4068,1.1553
0.35495,-1.6441,-0.072342,-1.3423,1.304,-0.86649,1.6924,0.888
0.11127,-1.571,0.13405,-1.1595,1.5024,-0.81644,1.8653,1.1371
-0.17444,-1.4557,-0.65346,-1.254,1.7358,-0.82107,1.8112,0.84916
-0.074157,-1.4585,-0.25926,-1.3478,1.383,-0.82177,1.4147,1.0848
0.04828,-1.3776,-0.2117,-1.621,1.2485,-0.89307,1.422,0.88026
0.25722,-1.4242,-0.463,-1.3613,1.7514,-0.70921,1.4551,1.229
-0.030253,-1.4693,-0.27804,-1.3436,1.2641,-0.91874,1.6279,1.1364
0.01443,-1.6536,-0.035259,-1.1578,0.88785,-0.68688,1.1223,1.2572
-0.28628,-1.6349,-0.40286,-1.6111,1.7763,-1.2823,1.4461,1.1808
0.22313,-1.4628,-0.515,-1.4001,1.5622,-1.0264,1.5855,0.7375
-0.27338,-1.4956,-0.16234,-1.3954,1.7347,-0.99469,1.104,1.1551
0.16215,-1.6186,0.075108,-1.6747,1.1588,-1.0161,1.2544,1.3055
-0.16538,-1.6506,-0.55575,-1.359,1.3357,-0.93459,1.5231,1.0052
0.056585,-1.5975,-0.35944,-1.4642,1.0612,-0.91825,1.3479,0.97661
-0.26716,-1.7208,-0.30635,-1.3821,1.4913,-0.6166,1.3049,1.3785
0.22398,-1.551,-0.30896,-1.4305,1.4136,-0.98723,1.6504,1.3628
0.26131,-1.5071,-0.44114,-1.5263,1.6364,-0.96746,1.3478,1.3172
-0.30657,-1.4898,-0.17809,-1.154,1.454,-1.0619,1.6245,1.2323
-0.29233,-1.356,-0.43849,-1.3452,1.4691,-0.91888,1.3734,1.0449
-0.057244,-1.5292,0.016042,-1.4442,1.3308,-0.80842,1.1659,1.1887
-0.0016482,-1.4807,-0.49376,-1.5792,1.1832,-1.1696,1.7172,0.81998
-0.064431,-1.6139,-0.60193,-1.3686,1.566,-1.0499,1.6724,0.96986
0.058209,-1.3121,-0.29176,-1.1229,1.2383,-1.0321,1.1747,1.0345
-0.17292,-1.6243,-0.44251,-1.5871,1.3424,-0.99375,1.634,1.3861
-0.10383,-1.5966,-0.38065,-1.4112,1.3407,-0.81757,1.4143,1.4441
0.11175,-1.6668,-0.29065,-1.2891,1.3048,-0.75363,1.5341,1.329
-0.015605,-1.454,-0.34848,-1.3908,1.3561,-0.68117,1.5399,1.1288
0.016719,-1.4365,-0.26726,-1.1268,1.1307,-0.9497,1.3372,1.1569
-0.095238,-1.4183,-0.045898,-1.452,1.0982,-0.89946,1.4462,1.2089
0.1033,-1.4184,-0.042088,-1.2646,1.254,-0.58282,1.411,1.2175
-0.12825,-1.3361,-0.042738,-0.97119,1.1962,-0.99844,1.2867,0.8587
-0.3333,-1.9753,-0.35881,-1.0869,1.2131,-0.91568,1.5447,1.3325
-0.26562,-1.2854,-0.36779,-1.4773,1.0163,-0.97925,0.91935,1.2847
-0.045286,-1.2782,-0.44539,-1.6129,1.3359,-0.97513,1.5951,1.1098
-0.40219,-1.4736,-0.34171,-1.3598,0.93788,-0.85379,1.068,0.84185
-0.10928,-1.2162,-0.075922,-1.3376,1.2868,-0.75198,1.3503,1.2647
-0.22915,-1.3392,-0.43894,-1.4142,1.137,-0.92641,1.2991,1.001
-0.022557,-1.6472,-0.21283,-1.3699,1.3738,-0.9791,1.2187,1.0453
0.0684,-1.4287,-0.25587,-1.6758,1.3739,-1.0526,1.3439,1.1387
-0.14453,-1.3793,-0.14379,-1.3568,1.4297,-0.8633,1.3651,1.4625
0.020265,-1.1494,-0.35002,-1.5553,1.4511,-0.93143,1.1821,1.2383
-0.079084,-1.1621,-0.19637,-1.5091,1.4695,-1.1167,1.5258,1.2725
-0.27088,-1.4185,-0.31334,-1.1282,1.395,-0.90611,1.5614,0.88741
-0.1091,-1.294,-0.15572,-1.5075,1.3517,-0.92937,1.1643,1.2139
-0.14084,-1.4705,-0.27501,-1.3972,1.3498,-0.81264,1.2294,1.0774
-0.26569,-1.6649,-0.23437,-1.0979,1.3993,-0.82324,1.4647,1.2605
-0.08371,-1.5555,-0.18717,-1.4147,1.5794,-0.8558,1.5484,1.4768
-0.48198,-1.5808,-0.072983,-1.2769,1.1554,-0.77987,1.3444,1.1434
-0.21006,-1.5685,-0.070499,-1.2055,1.1589,-0.79824,1.4561,1.592
-0.046504,-1.4659,-0.27708,-1.7706,1.2196,-1.1912,1.3384,1.1821
-0.23977,-1.1748,-0.32163,-1.1791,1.3543,-0.98424,0.886,1.0521
0.028332,-1.4011,-0.1725,-1.1685,1.1298,-0.78839,1.478,1.5071
0.015494,-1.4826,-0.23565,-1.424,1.1406,-1.1385,1.1043,1.3689
-0.27977,-1.1451,-0.30251,-1.4192,1.4503,-0.63795,1.2147,1.4236
-0.4883,-1.6107,-0.26392,-1.288,1.1616,-0.98185,1.2422,0.92497
-0.13771,-1.333,-0.16476,-1.5323,1.1604,-1.1342,1.4431,1.6236
-0.20408,-1.1302,-0.37677,-1.0724,1.3819,-1.4224,1.2399,1.3875
-0.15186,-1.4245,-0.036783,-1.4028,1.2758,-0.94567,1.3497,1.0858
-0.21289,-1.4985,-0.56638,-1.3625,1.2737,-0.88475,0.94514,1.0956
-0.55129,-1.5605,0.043473,-1.4238,1.2315,-0.86098,1.1227,1.3217
-0.38767,-1.5021,-0.10447,-1.2008,0.99547,-1.1134,1.1346,1.1749
-0.49426,-1.4108,-0.23572,-1.0598,1.0577,-0.94224,1.4415,1.311
-0.078538,-1.5419,-0.0536,-1.5282,1.1948,-0.96053,1.3034,1.6442
-0.25715,-1.4529,-0.28156,-1.1111,0.91774,-0.62747,1.5306,1.1841
-0.29454,-1.3131,0.025363,-0.82039,0.88097,-0.93433,1.17,0.99236
-0.27544,-1.2151,-0.35399,-0.98159,1.1023,-1.0712,1.1408,1.4347
-0.2185,-1.293,0.14448,-1.2706,1.0332,-0.5631,1.2898,1.5736
-0.13534,-1.5604,0.021288,-1.5719,1.0541,-1.1642,1.5459,1.4092
-0.47616,-1.1549,-0.13944,-1.3742,1.1322,-0.89847,1.0464,1.5784
-0.24143,-1.4492,0.19307,-1.4227,0.90778,-0.98029,1.2596,1.5202
-0.25021,-1.3787,-0.25011,-1.5036,0.82357,-1.0235,1.7311,1.3627
-0.17348,-1.3646,-0.31241,-1.5504,0.86685,-0.88902,1.4485,1.4
-0.081229,-1.3302,-0.39013,-1.1224,1.1348,-1.2469,1.506,1.3657
-0.49635,-1.5414,-0.14924,-1.0452,0.98091,-0.72363,1.2201,1.1622
-0.21727,-1.7275,-0.44996,-1.3887,1.1112,-0.72234,1.3457,1.5255
-0.10969,-1.4365,-0.204,-1.3017,1.1804,-1.334,1.3876,1.324
-0.27699,-1.5699,-0.25239,-1.4886,1.0959,-0.91137,1.4348,1.0729
-0.67016,-1.4624,-0.44237,-1.2882,0.76576,-0.88922,1.283,1.5188
-0.19424,-1.4659,-0.13135,-1.2564,0.77753,-0.76408,1.0113,1.1802
-0.33247,-1.3836,-0.2724,-1.281,0.95241,-0.97749,0.6738,1.2357
-0.5662,-1.4344,-0.24104,-1.5177,0.78623,-0.97169,1.4624,1.2458
-0.25434,-1.5729,-0.12174,-1.1406,1.0029,-0.80298,1.0633,1.1841
-0.32764,-1.2768,0.044257,-1.3426,0.79851,-0.75131,1.1222,1.2915
-0.19608,-1.7302,0.068503,-1.2076,0.9189,-0.8224,1.0608,1.2455
-0.56548,-1.5711,-0.038416,-1.4756,0.80244,-0.79737,1.0971,1.5215
-0.33514,-1.2567,-0.36737,-0.95578,0.87453,-0.84228,1.301,1.3731
-0.50684,-1.2399,0.13982,-1.1219,1.0994,-0.89449,1.0466,1.7183
-0.30809,-1.5634,-0.2127,-1.0322,0.84766,-0.78296,1.4968,1.4062
-0.42025,-1.5454,-0.33928,-1.1845,0.93908,-0.7838,0.95337,1.2104
0.067571,-1.5173,0.040514,-1.4033,0.83082,-0.80406,0.96224,1.5745
-0.40897,-1.1842,0.33735,-1.2001,1.2926,-0.88469,0.87455,1.5678
-0.30276,-1.3437,-0.14536,-1.0702,1.0819,-1.0044,1.2679,1.4984
-0.52828,-1.449,-0.33418,-1.3862,0.8465,-0.67303,1.0571,1.1158
-0.53359,-1.5231,0.15022,-1.2363,1.169,-0.8861,0.97897,1.495
-0.24186,-1.6257,-0.11988,-1.4042,0.70237,-0.82202,0.89479,1.1691
-0.52734,-1.1097,-0.012346,-1.4788,0.65872,-0.92785,0.86278,1.252
-0.30478,-1.2249,-0.21963,-1.3198,1.092,-0.87804,0.9488,1.5677
-0.39059,-1.5694,0.057611,-1.3386,0.81748,-0.80271,1.1218,1.312
-0.41757,-1.4358,0.056347,-1.4066,1.0483,-0.97483,0.92346,1.6716
-0.28296,-1.2537,-0.083808,-1.1013,0.6375,-1.0364,1.3605,1.2525
-0.51332,-1.3437,0.052505,-1.2013,0.69129,-1.095,1.0745,1.5025
-0.63756,-1.2479,-0.45879,-1.2697,0.80582,-0.92566,1.1592,1.1532
-0.23932,-0.97439,-0.10883,-1.0751,0.8215,-0.63068,0.97049,1.5295
-0.62054,-1.235,-0.3871,-1.6585,0.78107,-0.7916,0.89164,1.2467
-0.44775,-1.5442,-0.16894,-1.129,1.0291,-1.0668,1.0826,1.4245
-0.54291,-1.5885,-0.018788,-0.85631,0.97774,-0.8442,0.85037,0.91617
-0.32514,-1.2527,0.049945,-1.0351,0.68587,-0.92492,1.0836,1.6057
-0.69837,-1.3724,-0.03066,-1.2461,1.0304,-1.0607,1.003,1.623
-0.4044,-1.3338,0.11208,-1.2205,1.1276,-0.85531,1.1379,1.2033
-0.18232,-1.2573,-0.32681,-1.3122,0.71893,-0.93359,0.66983,1.551
-0.67901,-1.4251,-0.083567,-0.87318,1.1205,-0.79043,1.0228,1.6103
-0.33883,-1.5306,0.0057263,-1.0448,0.66243,-0.7818,1.027,1.2478
-0.67697,-1.4316,-0.10519,-1.3719,0.67381,-0.83707,0.57733,1.6631
-0.39537,-1.4121,-0.37442,-1.0804,0.7994,-0.79718,0.56629,1.257
-0.40126,-1.6735,0.21174,-1.1523,0.53943,-0.58634,0.84614,1.6121
-0.38789,-1.4692,0.13779,-1.1583,0.89272,-0.87414,0.52046,1.9358
-0.16351,-1.2777,-0.11842,-1.0193,0.67797,-1.0173,0.94437,1.5663
-0.48262,-1.2643,0.002956,-0.83425,0.76962,-0.81712,0.85518,1.4383
-0.51769,-1.3401,0.21856,-1.2205,0.68116,-1.1538,1.1812,1.1735
-0.6201,-1.4405,-0.058344,-1.1301,0.96576,-0.98188,1.0119,1.3854
-0.8013,-1.1272,0.23081,-1.0876,0.67603,-0.95998,0.97407,1.4533
-0.38296,-1.4726,0.12452,-0.95982,0.72253,-0.66147,0.68555,1.4168
-0.38718,-1.4466,-0.22148,-0.9466,0.39473,-0.94667,0.83715,1.5262
-0.47266,-1.3127,-0.035152,-1.2146,0.80651,-1.0253,0.39859,1.3552
-0.6931,-1.3688,0.050262,-0.96243,1.0196,-0.84142,1.0499,1.3013
-0.74588,-1.291,-0.28152,-0.97587,0.63731,-0.70245,0.92946,1.413
-0.52608,-1.4052,0.23772,-1.2287,0.54379,-0.62445,0.51742,1.5867
-0.6002,-1.4059,-0.28016,-1.0558,0.49321,-0.78481,0.69723,1.6362
-0.30679,-1.3377,0.19584,-1.6385,0.59754,-0.88315,1.0074,1.3722
-0.57696,-1.26,0.090623,-1.0699,0.39289,-0.81191,1.26,1.2565
-0.43289,-1.8561,-0.075944,-1.1562,0.6661,-0.75078,0.31364,1.1298
-0.6517,-1.3087,0.11626,-1.36,0.59845,-0.88045,0.69765,1.255
-0.38973,-1.6392,0.27866,-0.99687,0.43361,-0.92689,1.0772,1.5295
-0.55333,-1.2453,-0.044,-1.3914,0.69681,-0.67358,0.5977,1.2441
-0.27058,-1.1622,-0.069991,-1.0405,0.68638,-0.86807,0.63875,1.479
-0.58312,-1.0613,0.095865,-1.2526,0.53831,-0.82178,0.72916,1.4
-0.64821,-1.609,0.44378,-1.2009,0.65538,-0.82238,0.91525,1.6448
-0.72201,-1.3683,-0.22022,-1.2142,0.68959,-0.80519,0.66858,1.1859
-0.69452,-1.261,0.20223,-0.8694,0.9522,-0.7044,1,1.315
-0.83135,-1.43,0.14307,-1.1664,0.64503,-0.82454,0.74029,1.1309
-0.85164,-1.2258,-0.021766,-1.1522,0.7446,-0.71224,0.4998,1.2367
-0.73788,-1.1091,0.27745,-0.84362,0.49807,-0.85669,0.77365,1.3507
-0.57793,-1.2075,0.08593,-1.2364,0.6573,-1.146,0.63364,1.5379
-0.60535,-1.2482,0.24713,-0.98047,0.76533,-0.95984,0.76903,1.6764
-0.52052,-1.1919,0.27031,-1.2006,0.1217,-0.9659,0.64287,1.4711
-0.37578,-1.426,0.43067,-0.96078,0.86501,-0.75727,0.24611,1.6337
-0.63045,-1.3115,0.29032,-1.1846,0.62597,-0.72368,0.68117,1.3556
-0.87034,-1.0353,0.13122,-0.88239,0.58194,-0.31548,1.028,1.4012
-0.61103,-1.3,0.22364,-1.2927,0.54186,-0.99371,0.58945,1.3311
-0.23118,-1.2637,0.1066,-0.90466,0.71037,-0.62789,0.96062,1.2208
-0.46564,-1.2973,0.056487,-0.99679,0.44055,-0.61451,0.90287,1.215
-0.98349,-1.3883,0.077163,-1.0621,0.58567,-0.76885,0.75588,1.4288
-0.70685,-1.4751,0.31564,-0.80795,0.39157,-0.77135,0.71582,1.6184
-0.71862,-1.2783,0.19156,-1.3195,0.32938,-0.78736,0.42654,1.5057
-0.67181,-1.0241,0.060115,-0.988,0.63083,-0.86456,0.44597,1.6695
-0.54284,-1.2026,0.21297,-1.0226,0.47701,-0.81983,0.72362,1.48
-0.57926,-1.3482,0.31464,-0.79387,0.42937,-0.38836,0.60767,1.536
-0.79208,-0.94572,0.041436,-0.81075,0.45543,-0.53974,0.70336,1.2849
-0.77164,-1.1716,-0.063553,-0.6823,0.10784,-0.63205,0.51343,1.5284
-0.70508,-1.2499,0.23165,-1.1098,0.30132,-0.77741,0.47577,1.5353
-0.66612,-1.5805,0.40716,-1.0514,0.27056,-0.82812,0.53169,1.5144
-0.63842,-1.6747,0.14073,-0.62295,0.53082,-0.59324,0.26779,1.4488
-0.57985,-1.3575,0.77625,-0.85153,0.50126,-0.88052,0.89899,1.4737
-0.70516,-1.1573,0.16848,-0.86144,0.43797,-0.7613,0.52348,1.437
-0.62537,-1.5689,0.4579,-0.93454,0.94787,-0.6508,0.76992,1.5608
-0.71635,-1.429,0.41466,-0.83379,0.58264,-0.90235,0.44892,1.6845
-0.35441,-1.2213,0.14388,-0.68384,0.58417,-0.53727,0.75709,1.281
-0.6274,-1.3047,0.024657,-0.95975,0.41298,-0.52904,0.70324,1.2662
-0.95211,-1.0654,-0.11886,-0.47342,0.61202,-0.70978,0.53524,1.4459
-0.69582,-1.4105,0.53129,-1.1195,0.75171,-0.45651,0.41764,1.661
-0.71607,-1.225,0.14633,-1.2008,0.423,-0.76619,0.77485,1.2884
-0.63829,-1.2925,0.17201,-0.96267,0.45207,-0.92958,0.84392,1.3117
-0.62236,-1.2532,0.018268,-0.68816,0.6401,-0.81004,0.35026,1.3936
-0.56309,-1.1022,0.27967,-0.76643,0.56416,-0.6201,0.95677,1.3865
-1.0144,-1.4328,0.51043,-0.63839,0.36658,-0.4982,0.4059,1.7245
-0.8443,-1.2091,0.018416,-0.89898,0.48041,-0.57293,0.35686,1.5914
-0.71415,-1.3797,-0.011941,-1.1668,0.47058,-0.67284,0.72759,1.4957
-0.4607,-1.5625,0.1398,-0.83738,0.52666,-0.83368,0.45606,1.4497
-1.1824,-1.2951,0.087497,-0.96195,0.73406,-0.22293,0.49101,1.5315
-0.81228,-1.5754,0.097566,-0.90858,0.72142,-0.38631,0.85327,1.2887
-0.89061,-1.1904,0.23436,-0.81222,0.55036,-0.7759,0.62025,1.5092
-0.92908,-1.3043,0.44627,-0.65777,0.5126,-0.64772,0.44292,1.5298
-0.92316,-1.2001,0.25393,-0.7985,0.45147,-0.52288,0.80657,1.1938
-0.52105,-1.0516,0.49646,-0.96453,0.68587,-0.38182,0.60885,1.2831
-0.78134,-1.1947,0.29296,-0.84853,0.58175,-0.816,0.72952,1.5018
-0.87757,-1.5913,0.7865,-0.83695,0.15104,-0.43824,0.79003,1.4584
-0.64833,-1.1864,0.32389,-0.76251,0.085894,-0.61612,0.42062,1.5163
-0.85886,-1.0888,0.2324,-0.82922,0.26378,-0.60039,0.47099,1.3399
-0.93142,-1.2881,0.59255,-0.86919,0.24427,-0.68611,0.34555,1.53
-0.88102,-1.2362,0.47829,-0.72351,0.43433,-0.94067,0.39848,1.3976
-0.88097,-1.2048,0.40109,-0.22423,0.5146,-0.54304,0.4548,1.314
-0.84458,-1.0691,0.19112,-0.88278,0.57396,-0.65137,0.31741,1.4225
-0.76956,-1.2857,0.53051,-0.89495,0.27352,-0.73473,0.40026,1.5092
-0.6542,-1.0388,0.11437,-0.78833,0.15494,-0.59138,0.53958,1.8131
-0.79991,-1.3008,0.33604,-0.74085,0.27083,-0.4979,0.48651,1.5969
-1.0487,-0.86132,0.36831,-0.8686,0.39845,-0.54989,0.51422,1.318
-0.99309,-1.4292,0.19826,-0.47985,0.083517,-0.41008,0.3627,1.344
-1.2631,-1.6368,0.4938,-1.1031,0.36613,-0.60747,0.61904,1.4966
-0.96567,-1.1644,0.50459,-0.63527,0.24314,-0.42783,0.41993,1.17
-0.77945,-1.1522,0.39349,-0.67094,0.40968,-0.19631,0.39438,1.3155
-0.77772,-1.4665,0.44527,-0.66987,0.7126,-0.7275,0.035576,1.7198
-0.99897,-1.1832,0.43684,-0.60545,0.24348,-0.51921,0.44895,1.6752
-0.56777,-1.6015,0.31859,-0.63313,0.41899,-0.3389,0.71883,1.4159
-0.7963,-1.0967,0.46936,-0.85833,0.20841,-0.19703,0.62853,1.4054
-1.0053,-1.1131,0.58991,-0.76753,0.61589,-0.74264,0.060923,1.5944
-0.73049,-1.2081,0.20304,-0.74391,0.088473,-0.70216,0.35294,1.4367
-0.93056,-1.2821,0.80304,-0.89305,0.20853,-0.30541,0.32566,1.4942
-0.76017,-1.4184,0.69709,-0.76241,0.074143,-0.70061,0.67087,1.4915
-0.95754,-1.385,0.57283,-0.83896,0.28572,-0.51866,0.45683,1.2827
-0.93841,-1.196,0.50715,-0.80598,0.34821,-0.59146,0.60977,1.5811
-0.87805,-1.4188,0.36332,-0.76531,0.24027,-0.60678,0.26698,1.6716
-0.74593,-1.3716,0.35043,-0.63345,-0.0083842,-0.51273,0.30316,1.1712
-0.98351,-1.0191,0.5825,-0.84871,0.26852,-0.48115,0.5079,1.6463
-0.58887,-1.2575,0.59511,-0.67712,0.68374,-0.50985,0.49189,1.5193
-0.83788,-0.98435,0.73863,-0.67888,0.050602,-0.57318,0.49819,1.4528
-0.89821,-1.3434,0.18025,-0.60004,0.3766,-0.44924,0.58413,1.7368
-0.88008,-1.3013,0.35635,-1.0448,-0.031872,-0.71071,0.26608,1.5389
-1.1294,-1.2519,0.52484,-0.18371,0.76613,-0.45653,0.368,1.4019
-0.76692,-1.4504,0.41079,-0.58412,0.32103,-0.51751,0.54881,1.303
-1.1047,-1.2873,0.4424,-0.84132,0.56084,-0.33094,0.67415,1.4044
-0.74036,-1.285,0.36602,-0.42697,0.64612,-0.20462,0.48722,1.6977
-0.73806,-1.2982,0.45382,-0.48776,0.062139,-0.61871,0.0611,1.7095
-0.71565,-1.2313,0.30788,-0.33375,0.53488,-0.59462,0.75282,1.4571
-1.0358,-1.3888,0.20184,-0.53653,0.34727,-0.29089,0.040027,1.6647
-0.97402,-1.3827,0.46611,-0.5907,0.15809,-0.12,0.64871,1.4554
-0.91192,-0.91272,0.28628,-0.39698,0.022975,-0.72653,0.47934,1.6631
-0.89018,-1.4076,0.17739,-0.65572,0.30472,-0.47977,0.39129,1.4392
-0.67198,-1.4114,0.22956,-1.0542,0.18785,-0.76192,0.2924,1.4808
-1.0595,-1.3467,0.55988,-0.7419,-0.05209,-0.12334,0.3494,1.5153
-0.72253,-1.5161,0.42437,-0.79565,0.037746,-0.11118,0.486,1.4226
-1.2053,-1.1201,0.69901,-0.36709,0.40528,-0.46554,0.54002,1.6632
-0.82968,-1.4068,0.51713,-0.60959,0.35221,-0.11882,0.4227,1.4241
-1.0417,-1.0209,0.73727,-0.62624,0.31378,-0.31875,0.33224,1.639
-0.61168,-1.3287,0.31077,-0.19653,0.28703,-0.38395,0.31421,1.7696
-0.93222,-1.17,0.69587,-0.9293,0.13249,-0.56512,0.26423,1.525
-0.89687,-0.92834,0.46464,-0.58499,0.43885,-0.61501,0.10882,1.3608
-0.83462,-1.0066,0.63025,-0.41972,0.15371,0.0010024,0.12061,1.4994
-0.95929,-1.3294,0.61031,-0.58456,0.39028,-0.37803,0.55677,1.6735
-0.86955,-1.6574,0.59564,-0.61927,0.26909,-0.34165,0.37664,1.6612
-0.99339,-0.91424,0.4589,-0.54319,0.095979,-0.4629,0.3667,1.5106
-0.93767,-1.0559,0.48042,-0.473,0.070034,-0.65093,0.70584,1.7022
-1.1276,-1.288,0.63222,-0.52671,0.3993,-0.27649,0.47048,1.5753
-0.72557,-1.3362,0.46129,-0.8317,0.3523,-0.55856,0.10603,1.4228
-1.0026,-1.3494,0.62972,-0.74264,0.31505,-0.24902,0.52057,1.4904
-1.2086,-1.1199,0.91926,-0.28213,0.5152,-0.60174,0.5186,1.5351
-1.0979,-1.1291,0.64472,-0.77586,0.12821,-0.31725,0.64701,1.3672
-0.97115,-1.0515,0.65269,-0.73422,0.16799,-0.40246,0.5999,1.3093
-0.86309,-1.3395,0.51928,-0.71543,0.13487,-0.40058,0.32715,1.4032
-1.1342,-1.1272,0.53897,-0.31485,0.40654,-0.13605,0.4698,1.0915
-1.2316,-1.0328,0.17424,-0.29684,0.30703,-0.41222,0.36619,1.3935
-1.109,-1.5815,0.61876,-0.52891,0.36314,-0.36653,0.39683,1.2122
-1.045,-1.3478,0.90431,-0.30427,0.025221,-0.22037,0.78597,1.4781
-0.56497,-1.2328,0.60934,-0.35549,0.40549,-0.31309,0.53473,1.5896
-1.1909,-1.456,0.55105,-0.64506,0.21178,-0.16265,0.37161,1.3596
-1.2978,-1.328,0.65986,-0.42882,0.25056,-0.51939,0.15985,1.2703
-0.68748,-0.97727,0.78821,-0.57139,0.27325,-0.46462,0.19655,1.6508
-1.1669,-1.0727,0.39904,-0.70044,0.41863,-0.32876,0.051232,1.3188
-1.1307,-1.3819,0.73281,-0.49125,0.42584,-0.37166,0.11288,1.5024
-0.96926,-1.3726,0.45566,-0.47388,0.38909,-0.61264,0.014997,1.3848
-0.64974,-1.5159,0.7841,-0.61762,0.43432,-0.52121,0.67205,1.5656
-1.2614,-0.88184,0.55825,-0.37322,0.35352,-0.51663,0.060923,1.2846
-1.0371,-1.3846,0.56782,-0.42814,0.4277,-0.49087,0.42524,1.5315
-1.1349,-1.216,0.89978,-0.09427,0.51989,-0.13571,0.68273,1.4812
-1.1838,-1.384,0.38059,-0.67459,0.31374,-0.22355,0.10889,1.5941
-0.75078,-1.4501,0.74078,-0.56671,0.10011,-0.27742,0.49248,1.1583
-1.3294,-1.2252,0.73918,-0.39389,0.10316,-0.0033922,0.32287,1.3731
-1.1989,-1.4217,0.57976,-0.26452,0.21803,-0.31207,0.0096628,1.3988
-0.89858,-1.2375,0.32281,-0.62315,0.3446,-0.30528,0.20979,1.4832
-0.97258,-1.3281,0.62776,-0.60027,0.070171,-0.37016,0.038448,1.4824
-1.0331,-1.4677,0.55729,-0.20394,0.16684,-0.1706,0.55267,1.1983
-1.1352,-1.3969,0.6465,-0.74283,0.21193,-0.30226,0.32237,1.556
-1.1691,-1.4833,0.52705,-0.050186,0.18399,-0.22762,0.51772,1.2396
-1.0294,-1.3772,0.34693,-0.4905,0.22479,-0.40435,0.48863,1.4285
-0.9532,-1.3633,1.1339,-0.21092,0.46147,-0.056305,0.39867,1.7701
-1.2216,-0.81298,0.56729,-0.060933,0.47238,-0.33377,0.22376,1.2505
-1.3599,-1.455,0.59796,-0.36555,0.1966,0.067776,0.37477,1.6633
-1.1273,-1.6455,0.62039,-0.44542,0.32781,-0.19671,0.27774,1.6007
-0.85721,-1.3217,0.39609,-0.39484,0.15971,-0.041196,0.53512,1.0926
-0.99529,-1.4266,0.68568,-0.4581,0.20772,-0.26434,0.26911,1.4337
-0.96252,-1.0859,0.91737,-0.60353,-0.08724,-0.047818,0.26048,1.4997
-0.85509,-1.2292,0.84664,-0.50317,0.24594,-0.091326,0.39729,1.4481
-1.2141,-1.5281,0.52377,-0.26689,0.39141,-0.20425,0.42482,1.5722
-0.70438,-1.4056,0.82113,-0.57272,0.41898,-0.48296,0.28734,1.4846
-1.2406,-1.1379,0.44519,-0.42767,0.21618,-0.11346,0.38074,1.5253
-1.0363,-1.2886,0.49831,-0.33939,0.11568,-0.43929,0.28552,1.2178
-1.0804,-1.4067,0.77074,-0.37303,0.54624,-0.063467,0.36539,1.6422
-1.2212,-1.427,0.52247,-0.63783,0.70093,-0.61059,0.23558,1.3637
-1.2438,-1.5103,0.8323,-0.37632,0.049269,-0.13949,0.4591,0.99558
-1.0966,-1.1753,0.93409,-0.2576,0.14939,-0.0044662,0.23619,1.3716
-1.2502,-1.1338,0.58578,-0.24632,0.49497,-0.19192,0.35325,1.278
-1.405,-1.2073,0.76621,-0.36907,0.13369,-0.2847,0.61994,1.495
-1.1819,-1.1485,0.91207,-0.22849,0.17521,-0.19076,0.20364,1.6013
-1.0217,-1.6046,0.79092,-0.23486,-0.0010387,-0.2837,0.27951,1.4386
-1.2181,-1.2063,0.63331,-0.10398,0.40857,0.13811,0.62773,1.7137
-1.1382,-1.2963,0.71248,-0.64079,0.023647,-0.20999,0.53422,1.2587
-1.2148,-1.0489,0.54617,-0.23348,0.51514,-0.26142,0.011884,1.3425
-1.3025,-1.0052,0.29849,-0.31488,0.13083,-0.03708,0.35303,1.5469
-0.97809,-1.4862,0.90281,-0.426,0.26523,-0.32344,0.23346,1.6473
-1.2518,-1.3252,0.91596,-0.45384,0.46341,-0.058256,0.66392,1.1751
-1.0917,-1.4093,0.97998,-0.24093,0.34325,-0.36583,0.49701,1.3862
-0.9979,-1.3935,0.8305,-0.3384,0.44949,0.1924,0.19236,1.0743
-1.3807,-1.4909,0.55919,-0.17765,0.71709,-0.1352,0.43292,1.3397
-0.94531,-1.2425,0.83925,-0.035741,0.082906,-0.27833,0.69339,1.1844
-1.0033,-1.1273,0.53326,-0.35558,0.16937,-0.33779,0.5304,0.85844
-1.0941,-1.3915,0.69969,-0.20339,0.35735,0.10915,0.042024,1.6414
-1.1149,-1.342,0.52749,-0.37152,0.38035,-0.29362,0.38805,1.0665
-1.0448,-1.0847,0.28671,-0.37157,0.24389,-0.018659,0.044626,1.4507
-0.71618,-1.1128,0.855,-0.54487,0.1798,0.014254,0.33254,1.2632
-0.90739,-1.1068,0.90317,-0.40878,0.4778,0.13132,0.23351,1.6459
-1.4326,-1.4067,0.81715,0.0062145,0.38689,0.30783,0.31388,1.1885
-0.91928,-1.4253,0.86891,-0.47378,0.39032,-0.33514,0.44903,1.3449
-1.0757,-1.1278,0.69076,-0.45063,0.30686,-0.094977,0.3191,1.4142
-1.2906,-1.0511,0.54632,-0.36916,0.23215,-0.27006,0.50461,1.1074
-1.1779,-1.2317,0.68013,-0.047497,0.1566,0.052542,0.42273,1.5157
-0.98745,-1.0467,0.90569,-0.31994,0.58146,-0.37082,0.37294,1.2558
-1.1396,-1.5869,0.47601,-0.37233,0.1712,-0.11731,0.73686,1.2005
-0.97919,-1.3235,0.37878,-0.18214,0.41632,0.025217,0.26624,1.2565
-1.1387,-1.3536,0.65168,-0.41316,0.20687,-0.13979,0.57968,1.3377
-0.83822,-1.0073,0.84784,-0.50706,0.12601,-0.47629,0.16094,0.98275
-1.1599,-1.5821,0.94321,-0.32252,0.50828,0.076173,0.2373,1.192
-1.2565,-1.3145,0.72678,-0.1318,0.35557,0.13447,0.62543,1.123
-1.1152,-1.3429,0.99149,-0.31331,0.40985,0.13037,0.95272,1.2731
-1.0525,-1.4483,0.50275,-0.12887,0.34591,-0.14186,0.62837,1.2996
-1.3996,-1.2696,0.64282,-0.30147,0.34439,0.13843,0.66557,1.5287
-1.2788,-1.3775,0.64679,-0.1078,0.69868,0.12998,0.63218,1.2843
-1.2849,-1.0489,0.83593,-0.30973,0.28009,0.089704,0.76309,1.1692
-1.2717,-1.4325,0.50583,-0.52583,0.28673,-0.064532,0.39588,1.0657
-1.368,-1.2583,0.6952,-0.45402,0.37506,-0.068064,0.49126,1.4598
-1.0669,-1.3623,0.72035,-0.38527,0.29934,-0.00089642,0.55197,1.501
-1.1329,-1.1491,0.71154,-0.13557,0.23629,0.037091,0.99831,1.2878
-1.4104,-1.9267,0.87774,-0.26938,0.038121,-0.083792,0.73593,1.136
-0.95053,-1.2024,0.76435,-0.66206,0.65301,0.22286,0.4811,1.1003
-1.0669,-1.3485,0.70562,-0.39236,0.55631,-0.10705,0.56129,1.3707
-0.9914,-1.182,0.57939,-0.30991,0.42596,-0.0052691,0.5916,1.1996
-1.0717,-1.3952,0.66994,-0.18272,0.43497,-0.049979,0.14405,1.1334
-1.1895,-1.5697,0.87942,-0.33661,0.72881,-0.059293,0.37406,1.0694
-1.3092,-1.1345,0.82457,-0.17446,0.2975,0.023273,0.59218,1.2738
-0.86173,-1.1681,0.59951,-0.20324,0.55885,-0.0060801,0.50957,1.0367
-1.1159,-1.596,0.44869,-0.096372,0.36,0.10178,0.53044,1.1903
-0.86884,-1.1368,0.91614,-0.1701,0.23679,0.078404,0.69659,1.2112
-0.79109,-1.5126,0.82121,-0.53156,0.57611,0.087591,0.61868,1.3513
-0.9954,-1.4045,0.62714,-0.1574,0.47419,-0.014032,0.90909,1.0067
-1.2495,-1.3944,0.90524,-0.14225,0.26312,0.27465,0.51606,1.3131
-1.0792,-1.0894,0.75858,-0.30245,0.1544,-0.10254,0.65423,1.201
-0.95227,-1.4074,0.61326,-0.536,0.38503,0.043211,0.37644,1.0269
-1.3076,-1.1809,1.2061,0.10554,0.43336,0.24175,0.66681,1.3612
-1.0598,-1.2785,0.61916,-0.24789,0.14646,0.10634,0.83392,1.1526
-1.3813,-1.471,0.93337,-0.36141,0.48715,-0.048291,0.45359,1.3945
-1.1957,-1.731,0.57473,-0.24448,0.79477,0.17545,0.57788,1.4714
-1.0487,-1.4246,0.8226,-0.2099,0.52644,0.088883,0.46125,1.1268
-1.1744,-0.91373,0.74475,-0.15559,0.53608,0.070336,0.53555,1.4114
-0.96932,-1.3472,0.70801,-0.19718,-0.037627,-0.086275,0.66471,1.1567
-1.1051,-1.4043,0.80408,-0.28185,0.54356,0.35149,0.66793,1.1511
-1.3156,-1.3512,0.60515,-0.069411,0.28135,-0.19533,0.47768,0.90822
-1.3356,-1.5518,1.131,-0.28066,0.072015,-0.16195,0.5624,1.4052
-1.0558,-1.5683,0.47281,-0.3394,0.60289,0.45805,0.5256,0.95217
-1.1825,-1.4248,0.89696,-0.39546,0.55907,0.036934,0.56115,1.2099
-0.85853,-1.6439,1.0076,-0.044994,0.88384,0.092399,0.76101,1.0007
-1.3152,-1.7132,0.59837,-0.064206,0.30199,0.28817,0.33583,1.3766
-1.0794,-1.2961,0.84144,-0.46872,0.44394,-0.082405,0.69698,0.87895
-1.1315,-1.2539,0.64592,0.066241,0.42372,0.039216,0.37132,1.6095
-0.76177,-1.316,0.5131,-0.4514,0.59177,-0.29,0.65936,1.1948
-1.0721,-1.4556,0.71297,-0.32019,0.6589,-0.33257,0.72767,0.85198
-1.2056,-1.2376,0.93373,-0.15206,0.73035,0.43823,0.72321,1.2621
-1.1236,-1.0551,0.58708,-0.53619,0.63365,-0.021503,0.47805,1.09
-1.0864,-1.3508,0.9646,0.038467,0.90037,0.060846,0.68231,1.0776
-1.1132,-1.478,0.90252,-0.39751,0.51399,0.097824,0.43352,1.1267
-0.90502,-1.515,0.47897,-0.39078,0.32517,0.24126,0.63168,0.89492
-1.1044,-1.3365,0.64799,-0.62966,0.77161,-0.10957,0.89513,0.9655
-0.79611,-1.2987,0.68053,-0.17963,0.66437,0.04505,0.63793,1.2645
-0.83585,-1.4391,0.93985,-0.38764,0.59793,-0.48699,0.84449,1.1051
-1.1888,-1.2876,1.2174,-0.14942,0.22515,-0.23161,0.89251,1.1874
-1.2781,-1.6354,0.74583,-0.11643,0.39929,-0.069622,0.45488,1.4456
-1.1484,-1.4407,0.47124,-0.12801,0.70055,-0.25696,0.6427,1.1811
-1.0453,-1.6275,0.90297,0.094299,0.78416,0.1873,0.71129,1.154
-0.92305,-1.3392,0.64081,0.31326,0.724,0.013348,0.87244,1.2591
-1.0529,-1.3744,0.81336,-0.4621,0.53208,0.18252,0.72223,1.1439
-0.5125,-1.4426,0.73621,-0.22421,0.6189,0.17361,0.61709,0.96568
-1.0256,-1.4145,0.78652,-0.53756,0.79581,0.20797,0.77254,1.1927
-0.85545,-1.3941,0.76999,-0.45686,0.44177,0.45936,0.8617,1.1723
-1.2142,-1.6367,0.76663,0.004069,0.94059,0.26861,0.84143,1.2289
-0.49579,-1.4736,1.032,-0.51897,0.56438,0.33446,0.97789,0.93064
-0.79962,-1.5312,0.87636,-0.46584,0.3743,0.26668,0.80899,1.0168
-1.1556,-1.4505,0.57264,-0.20418,0.54374,0.12324,0.92595,0.97683
-1.2175,-1.6726,0.81468,0.010348,0.60018,0.18506,0.93845,1.131
-1.1581,-1.3352,0.76855,-0.067711,0.79112,0.094953,0.81197,1.0504
-0.95221,-0.96465,0.61625,-0.38137,0.72076,0.31362,0.72544,1.0913
-1.3089,-1.5202,0.70106,-0.64692,0.57539,0.012424,0.75644,1.2671
-1.1242,-1.3909,0.76759,-0.49221,0.63987,0.03885,0.798,1.2645
-1.1449,-1.6194,0.76592,-0.34139,0.97805,0.38005,1.0214,1.1388
-1.2792,-1.5324,0.63683,-0.040457,1.0934,0.2402,0.91571,0.91315
-1.1707,-1.4603,0.65082,0.22857,0.26492,0.25457,1.1044,1.0449
-1.3312,-1.3541,0.55925,-0.76168,1.0228,0.34007,1.1249,1.201
-1.2027,-1.5596,0.81618,-0.28656,0.83251,0.32134,0.5841,0.82106
-1.0106,-1.3027,0.39089,-0.34606,1.0798,-0.074492,0.89628,1.0913
-0.9733,-1.46,0.60783,-0.43429,0.41868,0.18856,0.57442,1.0885
-1.1616,-1.4228,0.82181,-0.38376,0.70319,0.12848,0.60051,1.1105
-1.0113,-1.5221,0.98281,0.044089,0.99755,0.44301,1.0619,1.0629
-1.0322,-1.4802,0.78081,-0.11202,0.78559,0.22658,0.7966,0.8409
-0.81821,-1.848,0.31986,-0.44337,0.67423,0.17663,0.91917,1.1071
-1.0319,-1.5787,0.54829,-0.51109,0.73569,0.33586,0.85061,0.99574
-0.8599,-1.7214,0.9061,0.021391,0.98331,0.64405,0.92515,0.84137
-0.95016,-1.5983,0.92879,-0.26754,0.86022,0.11146,0.98981,0.7958
-0.82225,-1.4379,0.39927,-0.38863,0.3816,0.19742,1.1861,0.83296
-1.3338,-1.2042,0.58269,0.023907,0.82894,0.1343,1.1795,0.75291
-0.86366,-1.3462,0.85784,-0.28052,0.50589,-0.095553,1.0754,0.89219
-1.007,-1.4013,0.89568,-0.2806,0.67678,0.29866,1.1066,0.94743
-0.811,-1.4348,0.45402,-0.20205,1.0809,0.10904,0.72048,1.3466
-0.92327,-1.5561,0.93684,-0.20143,0.66934,0.53439,1.1259,1.1188
-1.092,-1.3931,0.3993,-0.32822,0.9037,0.22288,0.86918,0.96183
-0.86593,-1.4014,0.45362,-0.2332,1.101,0.034381,1.0263,0.78947
-1.358,-1.7337,0.88086,-0.34326,0.70551,0.22883,0.90485,0.87823
-0.9957,-1.6145,0.59507,-0.44792,1.0016,0.11336,1.1318,0.97364
-1.0204,-1.5243,0.66378,-0.21142,0.83863,0.35565,0.94982,0.55468
-1.0942,-1.368,0.9871,-0.2715,1.1746,0.48886,1.1305,1.0623
-1.0514,-1.5241,0.34941,-0.24587,0.87101,-0.063517,1.4401,1.0709
-1.0736,-1.5741,0.66519,-0.32636,0.53323,0.10286,1.2458,0.87581
-0.86205,-1.4937,0.46549,-0.18559,0.81578,-0.027122,0.85898,1.1757
-1.2693,-1.5027,0.61697,-0.092881,1.046,0.083033,0.94905,0.75907
-1.3614,-1.1647,0.58325,-0.17811,0.72052,0.42216,1.2396,0.73328
-1.0202,-1.3552,0.60611,-0.42208,1.1401,-0.020279,0.83654,0.79671
-0.99119,-1.5621,0.80945,-0.53182,1.1749,0.12356,1.0301,0.99169
-0.93769,-1.7164,1.0197,-0.37303,1.2959,0.020817,1.1175,1.0138
-0.98394,-1.6385,0.70705,-0.33328,0.98526,0.13196,0.8586,0.96471
-1.4157,-1.4139,0.66668,-0.26297,0.9174,0.25344,0.92569,0.91684
-0.98777,-1.4751,0.57542,-0.31559,0.76877,0.5671,0.71755,1.0056
-1.1531,-1.3883,0.84117,-0.036908,1.1609,0.35089,0.7423,0.8899
-1.1972,-1.4808,0.42005,-0.43023,1.0366,0.036141,1.1634,0.83606
-0.98284,-1.6528,0.35408,-0.33918,1.2194,0.14187,1.0008,0.70171
-0.74498,-1.4623,0.58259,-0.52449,1.0997,0.12928,1.1223,1.2395
-0.60924,-1.4745,0.88246,-0.39192,1.1203,0.058849,1.1256,0.81859
-1.0808,-1.8726,0.47235,-0.67858,0.82083,0.185,1.1576,0.80612
-0.81549,-1.2891,0.66253,-0.40131,0.90048,0.15182,1.0953,0.75074
-0.65859,-1.221,0.47374,-0.49078,0.91712,0.2265,1.109,1.1042
-0.63481,-1.5372,0.50909,-0.47692,1.0583,0.16782,1.0345,0.55753
-0.84127,-1.7165,0.59227,-0.12873,1.1893,0.04317,0.98057,1.1544
-1.0372,-1.3877,0.3251,-0.26573,1.1899,-0.1138,0.9541,0.68876
-1.2298,-1.6406,0.82124,-0.079957,1.1425,0.070941,1.0562,0.62915
-0.5851,-1.6178,0.57496,-0.19417,1.0606,0.16622,1.1665,0.88733
-0.92518,-1.6649,0.89724,-0.46627,0.83336,0.62708,1.4201,0.78895
-0.84896,-1.3952,0.60826,-0.43949,0.70087,0.37579,1.4912,0.83737
-1.1573,-1.6878,0.7003,-0.53631,1.1137,0.33913,1.0558,0.83098
-0.8251,-1.7055,0.90977,-0.64694,0.90235,0.49215,1.3403,0.67118
-1.0381,-1.6621,0.58172,-0.16566,1.1164,0.32038,1.3202,0.60485
-1.0131,-1.5853,0.2415,-0.65791,0.89984,0.27685,1.0965,0.99558
-0.91053,-1.6329,0.39841,-0.33228,0.80312,0.20523,1.2603,0.63813
-1.0132,-1.6629,0.30242,-0.55274,1.1706,0.12807,0.91393,0.82744
-1.1981,-1.4945,0.70766,-0.66204,1.2341,0.41558,1.0149,0.38775
-1.2546,-1.5822,0.63387,-0.13833,1.3549,0.045495,0.97183,1.056
-0.71639,-1.523,0.16672,-0.52037,1.0483,0.26132,1.2907,0.34568
-0.82063,-1.4558,0.19152,-0.45617,1.3425,0.27404,1.3166,0.80153
-0.87479,-1.7087,0.68994,-0.59779,1.2495,1.2251e-05,1.1881,0.84834
-0.56116,-1.4752,0.32924,-0.47978,1.2039,-0.032717,1.342,0.98402
-1.0506,-1.4109,0.71776,-0.22812,1.3068,0.52353,1.1517,1.0377
-1.0185,-1.6463,0.81458,-0.65506,1.1433,0.20324,0.74363,0.81076
-1.0883,-1.4175,0.60562,-0.20903,0.89389,0.10343,1.1599,0.32672
-0.7196,-1.549,0.55246,-0.50564,0.91894,0.30448,1.2678,0.79575
-1.2563,-2.1608,0.39006,-0.42873,1.328,0.33876,1.4166,0.30249
-1.1413,-1.5327,0.77671,-0.4929,1.0224,-0.085242,1.4609,0.78409
-0.91568,-1.5315,0.34988,-0.68705,1.2005,0.27323,1.6178,0.87107
