1.0291,-0.24449,-0.74095,-1.322,-0.66841,0.13663,-0.98141,-0.22322
0.39439,-0.20035,0.036659,-1.3533,-0.40714,0.51591,-1.1043,-0.69506
0.56806,-0.48498,-0.70665,-1.3672,-0.28163,0.16454,-1.0843,-0.68615
0.25353,-0.043488,-0.53254,-1.6054,-0.57515,0.17757,-0.87829,-0.68141
0.4375,-0.40405,-0.46068,-1.5083,-0.53451,0.06194,-0.9161,-0.12714
0.3435,-0.14238,-0.5823,-1.3941,-0.59796,0.12831,-1.3129,-0.5243
0.87205,-0.43451,-0.4451,-1.4415,-0.26046,0.34867,-1.3473,-0.40351
0.030688,-0.44511,-0.087642,-1.4705,-0.19646,0.025227,-1.0902,-0.35971
0.62418,-0.38434,-0.72125,-1.2925,-0.62769,0.18746,-1.1508,-0.37909
0.59944,-0.3811,-0.88054,-1.4096,-0.5334,0.3014,-1.1764,-0.50848
0.53542,-0.25204,-0.2202,-1.4978,-0.74087,0.30627,-1.3696,-0.30245
0.66387,-0.34691,-0.20536,-1.7427,-0.50702,0.40545,-1.042,-0.54194
0.67714,-0.53012,-0.3076,-1.312,-0.25165,0.046217,-1.3459,-0.58182
0.39363,-0.36859,-0.41429,-1.4683,-0.46206,0.064039,-1.3113,-0.26403
0.63485,-0.0014611,-0.45093,-1.4356,-0.66901,0.00018385,-1.3014,-0.41427
0.61907,-0.30377,-0.44551,-1.5648,-0.64347,0.33863,-1.3462,-0.61121
0.59157,-0.36387,-0.24034,-1.2888,-0.40956,0.20956,-1.1419,-0.56905
0.39205,-0.47514,-0.34363,-1.7452,-0.23158,0.19732,-1.1853,-0.61335
0.99696,-0.29435,-0.11375,-1.2481,-0.51714,0.28383,-0.81993,-0.38586
0.68885,-0.079742,-0.59654,-1.6729,-0.59438,0.20015,-1.3346,-0.41254
0.60711,-0.39912,-0.41799,-0.92408,-0.6101,0.31297,-1.0801,-0.63035
0.58895,-0.45874,-0.50659,-1.6336,-0.62633,0.080913,-1.199,-0.13095
0.48444,-0.083207,-0.17669,-1.7144,-0.42848,0.46029,-1.4102,-0.061073
0.69594,-0.13093,-0.42243,-1.4146,-0.53076,0.064553,-1.0741,-0.42188
0.48329,-0.49122,-0.46772,-1.6651,-0.23338,0.73581,-1.3948,-0.15739
0.50621,-0.21642,-0.43062,-1.8092,-0.53512,0.1415,-1.2663,-0.1758
0.5537,-0.52864,-0.59877,-1.6075,-0.43064,0.37517,-1.2369,-0.51787
0.26434,-0.079562,-0.33792,-1.2774,-0.47433,0.027006,-1.467,-0.35383
0.7238,-0.27193,-0.4665,-1.3735,-0.51081,0.23272,-1.1431,-0.32621
0.69892,-0.21323,-0.23757,-1.5258,-0.71798,0.42273,-0.90814,-0.55225
0.59937,-0.27297,-0.30542,-1.5831,-0.58424,0.17091,-1.0802,-0.094013
0.76719,-0.19705,-0.57427,-1.5716,-0.56399,0.31959,-1.387,-0.39261
0.59417,-0.069644,-0.19608,-1.9258,-0.31305,-0.010805,-1.3176,-0.39755
0.56981,-0.62831,-0.28777,-1.4066,-0.33079,0.43666,-1.1043,-0.61626
0.65504,-0.14676,-0.50117,-1.8168,-0.4551,0.047319,-1.3328,-0.24969
0.49257,-0.27317,-0.661,-1.6145,-0.85848,0.15162,-1.1935,-0.18077
0.81447,-0.39854,-0.41452,-1.5737,-0.56452,0.52437,-1.7458,-0.5752
0.28597,0.11043,-0.33507,-1.3672,-0.56849,0.36457,-1.2421,-0.23131
0.62615,-0.094814,-0.4209,-1.603,-0.64133,0.12495,-1.3753,-0.28078
0.71211,-0.12591,-0.49242,-1.3258,-0.60117,0.49043,-1.2647,-0.4188
0.59903,-0.29209,-0.33377,-1.5116,-0.46509,0.40456,-1.2859,-0.59217
0.49306,-0.015648,-0.44829,-1.5276,-0.43953,0.57647,-1.3234,-0.49068
0.50447,-0.14551,-0.55563,-1.3002,-0.57841,0.18795,-1.3167,-0.17262
0.52223,0.034369,-0.56941,-1.3628,-0.19923,0.30802,-1.3654,-0.60266
0.86692,-0.12702,-0.37584,-1.6112,-0.62037,0.47764,-1.4169,-0.14481
0.75954,-0.28304,-0.22512,-1.6228,0.030831,0.50726,-0.94422,-0.53703
0.6266,-0.12954,-0.82949,-1.6392,-0.39842,0.19446,-1.0576,-0.31224
0.86471,-0.0045958,-0.27641,-1.7337,-0.52515,0.16803,-1.3835,-0.32336
0.9465,0.0045719,-0.59797,-1.6017,-0.94978,0.28487,-1.243,-0.58996
0.55583,-0.26647,-0.74083,-1.742,-0.4005,0.34461,-1.349,-0.51578
0.74104,-0.51022,-0.1829,-1.4603,-0.43299,0.24893,-1.5137,-0.37263
0.56144,-0.30471,-0.41048,-1.5422,-0.4599,0.55595,-1.15,-0.20201
0.67973,-0.074949,-0.35196,-1.7075,-0.56367,0.46242,-1.6971,-0.55254
0.3768,0.057597,-0.24954,-1.3639,-0.82901,0.34514,-1.2394,-0.2409
0.70375,-0.38631,-0.20421,-1.5745,-0.66158,0.36203,-1.0388,-0.49644
0.59038,-0.241,-0.30991,-1.7565,-0.8706,0.48857,-1.2607,-0.51276
0.50146,-0.20268,-0.25682,-1.4695,-0.4417,0.22145,-1.6362,-0.53223
0.32758,0.037383,-0.51376,-1.9955,-0.58407,0.43905,-1.1164,-0.38682
0.17328,0.032572,-0.53262,-1.5978,-0.29263,0.47428,-1.1669,-0.53893
0.2604,-0.21635,-0.46106,-1.6629,-0.64486,0.46715,-1.423,-0.35134
0.61811,-0.15961,-0.23841,-1.9686,-0.79371,0.36506,-1.139,-0.45931
0.66043,-0.10975,-0.36497,-1.4428,-0.81789,0.20372,-1.1951,-0.51318
0.58902,-0.069908,-0.48692,-1.5979,-0.78834,0.573,-1.2771,-0.19659
0.3627,-0.11525,-0.36038,-1.536,-0.72604,0.39715,-1.2779,-0.5461
0.6227,-0.043994,0.038803,-1.5046,-0.64141,0.71702,-1.1442,-0.59706
0.60289,0.11425,-0.40624,-1.6486,-0.48815,0.31327,-1.5215,-0.3771
0.57085,-0.080753,-0.016394,-1.9241,-0.42231,0.31328,-1.1673,-0.13177
0.77074,-0.080748,-0.42848,-1.5191,-0.507,0.31495,-1.3306,-0.63188
0.52526,0.096814,-0.12578,-1.591,-0.44966,0.42027,-1.5254,-0.22618
0.75927,0.051952,-0.36244,-1.9447,-0.41614,0.32947,-1.2621,-0.18668
0.49087,-0.19159,-0.17147,-1.7536,-0.62766,0.43773,-0.96855,-0.53832
0.4213,0.033741,-0.2237,-1.4125,-0.47837,0.30585,-1.6078,-0.41551
0.62035,-0.035922,-0.38332,-1.6966,-0.56988,0.052582,-1.3524,-0.73857
0.79608,-0.18941,-0.30247,-1.6605,-0.57491,0.41823,-1.2535,-0.59987
0.58133,0.089756,-0.11584,-1.5788,-0.45059,0.35933,-1.2783,-0.24206
0.52866,-0.13062,-0.16232,-1.7515,-0.39666,0.46192,-1.5062,-0.38992
0.28985,-0.045604,-0.20364,-1.4235,-0.63027,0.61731,-1.1275,-0.42028
0.58794,0.39514,-0.22112,-1.6562,-0.66147,0.19833,-1.2442,-0.41008
0.21425,-0.23595,-0.012652,-1.6232,-0.41746,0.51683,-1.5866,-0.34269
0.51493,0.23666,-0.52112,-1.6641,-0.67233,0.17918,-1.1417,-0.34313
0.49894,-0.16466,-0.039335,-1.8677,-0.64422,0.59996,-1.4868,-0.37625
0.60066,-0.019881,-0.54162,-1.786,-1.008,0.53939,-1.1176,-0.43935
0.4059,0.11855,-0.2173,-1.4461,-0.40226,0.48056,-1.099,-0.35665
0.47905,0.065381,-0.14459,-1.6565,-0.7975,0.45492,-1.2205,-0.27733
0.91428,0.17477,0.12955,-1.5278,-0.72907,0.5289,-1.3695,-0.38818
0.4404,0.00053304,-0.18323,-1.3658,-0.51913,0.38134,-1.3847,-0.27001
0.44096,0.21328,-0.011265,-1.7517,-0.62484,0.48022,-0.97823,-0.7696
0.35087,0.3691,-0.17631,-1.5567,-0.60838,0.739,-1.5536,-0.079045
0.38411,0.08494,-0.119,-1.5823,-0.55459,0.70091,-1.3585,-0.56151
0.74569,0.017089,0.079669,-1.5997,-0.5404,0.54034,-1.2097,-0.27549
0.81008,-0.0062201,-0.18921,-1.7585,-0.82153,0.75102,-1.3405,-0.65449
0.57932,0.19026,-0.15215,-1.6599,-0.60106,0.69326,-1.7497,-0.3289
0.69747,0.438,-0.22623,-1.6797,-0.75422,0.19189,-1.6202,-0.23477
0.49528,0.10448,-0.20056,-1.7259,-0.57942,0.36052,-1.5365,-0.21023
0.32623,0.3343,-0.37995,-1.7705,-0.47708,0.56259,-1.2246,-0.51843
0.7367,0.11925,-0.12621,-1.872,-0.22289,0.49546,-1.1323,-0.44665
0.1807,-0.053899,-0.35685,-1.4362,-0.65842,0.46902,-0.94745,-0.42733
0.74889,-0.063609,0.13136,-1.7531,-0.36191,0.4567,-1.3888,-0.30328
0.39614,0.14186,-0.38464,-1.6447,-0.43948,0.63722,-1.4275,-0.71064
0.38617,-0.20296,-0.39391,-1.7077,-0.64716,0.70641,-1.2483,-0.49414
0.43777,0.058101,-0.23708,-1.2093,-0.22975,0.42699,-1.4389,-0.30989
0.44604,0.13058,-0.37211,-1.4846,-0.51806,0.38946,-1.2381,0.12857
0.73451,-0.083902,-0.221,-1.6465,-0.7093,0.44939,-1.5617,-0.24358
0.57694,0.34802,-0.45749,-1.7051,-0.83598,0.5491,-1.1411,-0.36278
0.45649,-0.2384,-0.039925,-1.475,-0.64591,0.73238,-1.501,-0.26277
0.79307,0.23206,-0.23331,-1.521,-0.97872,0.66642,-1.5682,-0.43749
0.21845,-0.3187,-0.33866,-1.4032,-0.79345,0.49729,-1.6791,-0.20857
0.66485,0.57143,-0.12846,-1.5164,-0.81502,0.91875,-1.3018,-0.24952
0.25468,0.37882,-0.2543,-1.9841,-0.46557,0.32715,-1.3233,-0.33889
0.365,0.11585,0.0054674,-1.7564,-0.65707,0.30733,-1.2207,-0.36871
0.65905,0.10834,0.19357,-1.3422,-0.83604,0.57583,-1.1995,-0.33282
0.50587,0.11418,-0.018202,-1.8921,-0.39883,0.28341,-1.4634,-0.51663
0.47861,0.24478,-0.18418,-1.5303,-0.46837,0.70851,-1.484,-0.29335
0.61573,0.149,-0.17605,-1.75,-0.8044,0.44744,-1.6041,-0.41066
0.67725,0.25124,-0.017176,-1.7046,-0.65032,0.79994,-1.1164,-0.34586
0.60896,0.4678,-0.12106,-1.3417,-0.67145,0.32831,-1.3276,-0.37583
0.48455,0.46505,0.081853,-1.2106,-0.51675,0.77964,-1.5296,-0.1257
0.43412,0.23226,-0.39577,-1.8917,-0.59439,0.50343,-1.0879,-0.87741
0.41984,0.0041186,-0.27952,-1.5417,-0.62193,0.98659,-1.4473,-0.38309
0.2231,0.061849,0.044227,-1.2678,-1.0774,0.2518,-1.1102,-0.36656
0.57381,0.26147,-0.39803,-1.6663,-0.69097,1.0392,-1.5198,-0.23994
0.54852,0.36362,-0.23154,-1.7138,-0.48808,0.67115,-1.3764,-0.37092
0.69224,0.33214,-0.15945,-1.5181,-0.63926,0.56671,-1.1527,-0.28171
0.043716,0.29268,-0.060332,-1.7284,-0.8643,0.80583,-1.2287,-0.22137
0.36409,0.16152,-0.1012,-1.5552,-0.70619,0.5183,-1.6579,-0.22222
0.42195,0.10977,-0.0013171,-1.3562,-0.70912,0.63849,-1.4677,-0.41543
0.50921,0.14477,-0.090352,-1.6127,-0.84531,0.3784,-1.4509,-0.21411
0.86883,0.029734,-0.4229,-1.5659,-0.61684,0.72397,-1.4778,-0.38375
0.63285,0.10618,0.36463,-1.7526,-0.73017,0.75359,-1.3066,-0.57037
0.38756,0.23905,-0.070631,-1.5383,-0.77106,0.76441,-1.3321,-0.37042
0.63941,0.3595,0.078512,-1.4936,-0.88536,0.4827,-1.518,-0.29077
0.8792,0.4119,-0.015614,-1.2649,-0.51263,0.94363,-1.4383,-0.49038
0.70163,0.35573,0.082474,-1.4465,-0.80816,0.74491,-1.3647,-0.14253
0.29072,0.44248,-0.062979,-1.7152,-0.49849,0.65516,-1.207,-0.39856
0.46784,0.33031,-0.13124,-1.7857,-0.3548,0.65806,-1.3436,0.10975
0.45734,0.19031,0.34832,-1.4359,-0.8042,0.43638,-1.5402,-0.33039
0.80714,0.15887,-0.37348,-1.5756,-0.64189,0.54629,-1.4606,-0.12161
0.40886,0.6401,-0.048136,-1.9659,-0.7815,0.7165,-1.3714,-0.56556
0.61507,0.32228,-0.0050951,-1.4756,-1.0431,0.71035,-1.4688,-0.32511
0.51569,0.51202,0.087226,-1.5605,-0.46775,0.68176,-1.3829,-0.50906
0.6801,0.51537,0.095745,-1.7031,-0.74334,0.87248,-1.5944,-0.47405
0.83152,0.35572,0.30694,-1.3664,-0.65989,0.66748,-1.2948,-0.45274
0.54841,0.41047,-0.20133,-1.7222,-0.79518,0.32353,-1.368,-0.42319
0.48278,0.38245,-0.17902,-1.2504,-0.68115,0.88283,-1.2182,-0.36112
0.60085,0.37644,0.12344,-1.7649,-0.95748,0.64303,-1.3921,-0.0093237
0.6681,0.17238,-0.0016364,-1.82,-0.69997,0.27207,-1.6492,-0.35199
0.46883,0.11544,0.023456,-1.903,-0.72774,0.8853,-1.4015,-0.46747
0.67236,0.43306,-0.438,-1.7644,-0.75086,0.27949,-1.2501,-0.48834
0.34799,0.31622,0.16502,-1.7477,-0.59206,0.76444,-1.3593,-0.52131
0.5678,0.30762,0.10618,-1.7414,-0.53651,0.80324,-1.3694,-0.44277
0.32616,0.36092,-0.19513,-1.7994,-1.0262,0.56036,-1.782,-0.15737
0.25044,0.37228,-0.26284,-1.7032,-0.90029,0.42627,-1.2185,-0.43562
0.56831,0.28482,-0.2408,-1.7386,-0.70392,0.31872,-1.3752,-0.47524
0.3283,0.44305,-0.090967,-1.5717,-0.94499,0.63867,-1.579,-0.078416
0.54953,0.4115,0.11089,-1.6716,-0.26719,0.49892,-1.5925,-0.2009
0.18728,0.34954,0.065724,-1.5046,-0.65133,0.60667,-1.5634,-0.53019
0.5885,0.33988,0.26163,-1.5315,-0.61909,0.74505,-1.4801,-0.51708
0.21668,0.30855,0.066526,-1.643,-1.1056,0.71707,-1.2018,-0.30275
0.45602,0.47165,0.14407,-1.5592,-0.48948,0.46046,-1.1874,0.018802
0.51158,0.61287,0.13222,-1.3331,-0.67612,0.81217,-1.0781,-0.13558
0.21928,0.079897,0.01299,-1.4356,-1.0055,1.0778,-1.5725,-0.17586
0.39366,0.56687,0.03308,-1.5113,-0.66714,0.82091,-1.237,-0.13415
0.42331,0.16137,0.30665,-1.3156,-0.77371,0.93331,-1.314,-0.40566
0.56282,0.22999,0.20984,-1.3797,-0.74841,0.95631,-1.8452,-0.63243
0.74516,0.42779,0.089588,-1.6546,-0.56529,0.76501,-1.4504,-0.15391
0.30065,0.075315,-0.070846,-1.5666,-1.0071,0.70002,-1.26,-0.10663
0.46252,0.41063,0.073515,-1.7917,-1.2765,0.89364,-1.5632,-0.3552
0.64682,0.53981,0.15633,-1.2024,-0.98078,0.82662,-1.0748,-0.297
0.71069,0.20811,-0.11826,-1.637,-0.73842,0.60513,-1.8485,-0.20629
0.65054,0.38858,0.15268,-1.2635,-0.53028,0.54329,-1.4231,-0.52069
0.41184,0.28513,0.056051,-1.6386,-0.61154,0.65586,-1.5105,-0.26542
0.20626,0.46564,0.1382,-1.6488,-0.88046,0.25335,-1.6039,-0.34301
0.34123,0.45872,-0.15895,-1.508,-0.98211,0.75871,-1.5997,0.041894
0.16765,0.28055,0.33614,-1.7567,-1.0137,0.70244,-1.2564,-0.31145
0.46587,0.36177,0.030015,-1.5061,-1.0107,0.85481,-1.3121,-0.21781
0.62093,0.45128,0.12453,-1.6608,-0.89893,0.48066,-1.4094,-0.27459
0.54928,0.2704,0.037345,-1.9031,-1.0299,0.71931,-1.403,-0.37021
0.82772,0.79294,-0.063967,-1.7017,-0.85512,0.55803,-1.6714,0.14451
0.57731,0.14497,-0.11275,-1.576,-0.80705,0.61538,-1.2749,-0.1406
0.37,0.37329,0.12827,-1.5956,-0.75262,1.0307,-1.3608,-0.53543
0.16261,0.25534,-0.16891,-1.631,-0.94941,0.51964,-1.2978,-0.31749
0.32656,0.5238,0.28798,-1.5621,-0.79546,0.93102,-1.4328,0.0062565
0.6614,0.38065,0.39995,-1.47,-0.86677,0.64694,-1.1823,-0.39139
0.18115,0.50719,0.29982,-1.6903,-0.68729,0.71642,-1.6086,-0.29668
0.53551,0.33373,0.15367,-1.587,-0.97088,0.78662,-1.2868,-0.10579
0.38931,0.44445,0.28726,-1.3382,-0.86773,0.53119,-1.1566,-0.074043
0.63355,0.53094,0.21949,-1.7053,-0.6528,0.67832,-1.5437,-0.081854
0.14847,0.2241,-0.097103,-1.3866,-1.081,1.0215,-1.3396,-0.40046
0.49039,0.58193,-0.11194,-1.6205,-0.88753,0.77374,-1.4583,-0.088309
0.54678,0.44223,-0.1698,-1.099,-1.0038,1.0765,-1.5573,-0.37143
0.4971,0.33387,0.026288,-1.3389,-1.1757,0.83359,-1.2621,-0.23436
0.73758,0.63759,0.1756,-1.2228,-1.0255,0.79076,-1.4685,-0.22073
0.28121,0.63277,0.099703,-1.5788,-0.75849,0.96338,-1.3596,-0.23377
0.48662,0.51664,-0.027916,-1.6798,-0.93902,0.65786,-1.2517,-0.17119
0.51476,0.61366,-0.022265,-1.4181,-0.60249,0.86397,-1.2412,-0.5459
0.51057,0.35099,0.0015904,-1.4663,-0.8498,0.58396,-1.2759,-0.055548
0.47906,0.62411,-0.054231,-1.2449,-1.165,0.79063,-1.6265,-0.064538
0.71678,0.66961,0.088848,-1.2275,-0.90727,0.94849,-1.4447,-0.10072
0.41767,0.69577,0.092914,-1.2416,-0.7945,0.7656,-1.5862,-0.06558
0.64083,0.33734,-0.03371,-1.3498,-0.68178,0.78568,-1.6443,-0.36344
0.73633,0.33196,-0.073199,-1.4076,-0.8563,0.95516,-1.3358,-0.065473
0.55184,0.6943,0.14822,-1.249,-0.39378,0.49201,-1.1098,-0.16693
0.64153,0.28345,0.063328,-1.2546,-0.76592,1.0212,-1.5556,-0.033131
0.6124,0.48147,-0.24266,-1.1987,-0.57908,0.68933,-1.3567,-0.39801
0.58841,0.56324,0.59816,-1.4623,-0.95967,0.62687,-1.3675,0.02048
0.24794,0.47122,0.36146,-1.4016,-0.93458,0.8321,-1.8074,-0.23412
0.19573,0.4509,0.076751,-1.4043,-1.071,0.91546,-1.3585,-0.27376
0.7135,0.62415,-0.099733,-1.5367,-0.81154,0.73373,-1.1207,0.076373
0.33331,0.504,0.30697,-1.4098,-0.80906,0.45392,-1.4906,-0.2745
0.2549,0.65082,0.30743,-1.2455,-0.95245,0.87533,-1.3195,-0.25868
0.54578,0.22643,-0.10262,-1.2721,-1.1826,0.4416,-1.6864,-0.33995
0.37961,0.77919,0.28948,-1.5095,-0.94586,0.47706,-1.5009,-0.41643
0.41137,0.54718,0.22854,-1.64,-0.62782,0.51217,-1.3823,-0.24748
0.42232,0.41067,0.20632,-1.1119,-0.96879,0.6674,-1.3184,-0.22473
0.82336,0.23152,-0.15384,-1.5645,-0.887,0.43051,-1.5588,-0.31055
0.24415,0.82443,0.37917,-1.1623,-1.2376,0.67667,-1.4258,-0.22003
0.61335,0.5178,-0.090134,-1.162,-0.99267,0.66904,-1.2471,0.091149
0.39242,0.72127,-0.016808,-1.2532,-0.94605,1.0021,-1.5241,-0.20146
0.51969,0.74713,0.2092,-1.254,-1.1246,0.80439,-1.1527,-0.28147
0.19892,0.64055,-0.052196,-1.594,-1.1861,0.9911,-1.6432,-0.22497
0.51347,0.69026,0.26408,-1.5204,-0.89943,0.77649,-1.698,3.491e-05
0.61115,0.53326,0.25981,-1.0352,-0.95938,0.88215,-1.2552,-0.23715
0.56053,0.38565,0.14077,-1.3567,-1.0522,1.1123,-1.7712,-0.1835
0.63499,0.42443,0.1997,-1.063,-1.1556,0.50506,-1.5514,0.12256
0.53216,0.57726,0.1423,-1.2261,-1.1188,0.66906,-1.6428,-0.32597
0.33648,0.33188,0.12607,-1.4417,-0.94678,0.95161,-1.3649,-0.233
0.34494,0.54605,-0.3472,-1.4393,-1.1594,0.95153,-1.5443,-0.018549
0.39755,0.59981,0.18421,-1.4081,-1.2568,0.7323,-1.3752,-0.33044
0.17986,0.54621,0.19803,-1.3693,-0.82302,0.9439,-1.3884,-0.41771
0.25568,0.41133,0.12021,-1.4351,-1.2104,0.98092,-1.3485,-0.10652
0.2758,0.73686,0.22143,-1.1927,-0.78886,0.66055,-1.4687,-0.10525
0.57211,0.66077,0.3102,-1.2572,-0.8022,0.95279,-1.3564,-0.25851
0.007443,0.67926,0.27898,-1.3461,-1.0205,0.73274,-1.3915,0.081463
0.42737,0.50563,0.20179,-1.3004,-0.76623,0.89034,-1.5224,-0.21734
0.21086,0.50986,0.42682,-1.429,-0.74423,0.78863,-1.6629,0.15541
0.62429,0.22579,0.37354,-1.092,-1.1796,0.58406,-1.8098,-0.38915
0.40961,0.5566,0.13171,-1.0783,-0.73848,0.65988,-1.2898,-0.47526
0.30134,0.77607,0.084195,-1.1066,-1.0311,0.89582,-1.316,-0.035624
0.72454,0.79522,0.18304,-1.2721,-1.0023,0.89916,-1.5037,-0.12158
0.020101,0.47019,0.28268,-1.2,-0.95946,1.2414,-1.5789,-0.27533
0.32065,0.6781,0.45527,-1.3109,-1.0797,1.1595,-1.5408,-0.31489
0.51957,0.65299,-0.047941,-1.3103,-1.1428,1.0261,-1.682,0.046338
0.23775,0.70757,-0.054062,-0.93027,-0.94458,1.0115,-1.0419,0.0026742
0.67019,0.67236,0.13867,-0.80268,-0.64289,0.82095,-1.3759,-0.33638
0.094844,0.61417,0.15099,-1.2756,-0.73235,1.0726,-1.5266,0.33325
0.44542,0.50906,-0.008416,-1.0651,-1.2409,1.0297,-1.5972,0.1959
0.64895,0.80455,0.46427,-1.2986,-0.90482,0.65343,-1.194,-0.15797
0.458,0.58026,0.36729,-1.2727,-1.0748,0.69009,-1.5943,-0.32173
0.38018,0.33451,0.035101,-1.3064,-1.1171,0.95386,-1.414,-0.091833
0.3287,0.3694,0.095978,-1.2537,-0.7607,0.72844,-1.3709,0.069279
0.20207,0.49502,0.22897,-1.3346,-1.161,0.7049,-1.7655,-0.049866
0.57839,0.45753,-0.067294,-1.4918,-1.1819,0.83094,-0.99751,0.022721
0.47641,0.40759,0.18637,-1.0881,-1.2313,0.26269,-1.1734,-0.024199
0.65778,0.50629,0.40887,-0.95183,-1.0812,0.76447,-1.1911,0.31696
0.38597,0.38102,0.15174,-1.2143,-0.90189,0.80536,-1.2274,0.067987
0.19825,0.66016,0.27358,-1.4102,-1.2771,0.84965,-1.0579,0.025329
0.20425,0.85928,0.084032,-1.3091,-1.0478,0.64987,-1.4861,-0.045172
0.3391,0.49568,0.22457,-0.73363,-0.80172,1.0132,-1.4328,-0.058657
0.49522,0.92547,-0.1829,-0.93665,-1.2393,0.6195,-1.3713,-0.10537
0.41007,0.86827,0.14749,-0.69346,-0.63091,0.704,-1.2599,0.037803
0.41999,0.69013,0.020676,-1.2455,-0.71549,1.0498,-1.2397,-0.048487
0.39582,0.52536,0.27497,-1.1043,-1.0049,0.79488,-1.5312,-0.2696
0.56741,0.51971,-0.01819,-1.2185,-1.3477,0.94374,-1.5796,-0.20066
0.75474,0.82212,0.20314,-1.3124,-1.2151,0.94876,-1.2176,0.059884
0.41457,0.43314,0.56065,-1.0406,-1.004,1.2014,-1.518,-0.36602
0.44244,0.45151,0.12836,-0.9952,-0.55607,0.88611,-1.4831,-0.16722
0.31609,0.39955,0.065054,-1.3853,-0.94207,0.92973,-1.3469,0.071916
0.15042,1.0175,0.0078787,-1.0127,-1.0661,0.95229,-1.5657,-0.27748
0.41007,0.33961,0.2368,-0.99435,-1.0124,0.64924,-1.2814,0.041538
0.64876,0.57058,0.029701,-1.1641,-0.9789,0.8349,-1.3215,-0.257
0.41085,0.52349,0.25225,-0.84065,-1.0523,0.77366,-1.4798,-0.00078621
0.28322,0.43215,-0.026591,-1.3985,-0.9252,0.77195,-1.6295,-0.30716
-0.028747,0.51671,0.18204,-1.1204,-0.8257,1.1811,-1.5323,-0.084126
0.26651,0.7825,0.16583,-1.2114,-1.0025,0.89354,-1.4597,-0.098156
0.35023,0.63175,-0.079296,-1.2079,-1.0649,1.1456,-1.6017,0.22305
0.33062,0.40966,-0.016265,-0.99786,-0.91291,1.1659,-1.2917,-0.30727
0.57813,0.69549,0.46217,-0.91217,-1.0251,0.64084,-1.0211,-0.31696
0.56119,0.45043,0.060347,-1.1041,-0.73902,0.91381,-1.1468,0.28084
0.57765,0.29259,0.30533,-1.1199,-0.9753,0.7868,-1.4333,0.081277
0.038328,0.38407,-0.10091,-0.65677,-1.1455,0.76445,-1.2715,0.079749
0.58036,0.46835,0.29727,-0.86857,-1.5013,0.94342,-1.2197,-0.015992
0.14689,0.79812,0.29448,-1.0932,-1.1482,0.99246,-1.1566,0.10482
0.15929,0.25418,-0.14622,-1.3394,-0.97099,0.93221,-1.3418,-0.35862
0.44008,0.45264,-0.20619,-1.0306,-0.81445,0.84242,-1.3362,0.098106
0.39151,0.74058,0.17388,-1.236,-1.0127,1.0107,-1.4334,-0.17124
0.37004,0.77485,0.39546,-1.0486,-1.055,0.58945,-1.1972,0.075591
0.54175,0.74276,0.09757,-0.89705,-1.0215,1.0817,-1.1182,-0.096092
0.16213,0.41824,0.020423,-1.1312,-0.76782,0.87839,-1.2528,0.020373
0.32098,0.30098,0.35523,-1.3264,-1.3777,1.0681,-1.2896,-0.081051
0.52681,0.78487,0.40896,-0.93155,-0.83021,0.89272,-1.5764,0.18762
0.28507,0.73946,-0.018135,-0.85442,-1.1775,0.86088,-1.4119,0.15847
0.29316,0.29573,0.17046,-1.1588,-0.89788,0.87347,-1.2288,-0.20445
0.54514,0.53969,0.24863,-0.73336,-1.0316,0.9572,-1.2275,0.21373
0.46745,0.47051,0.18577,-1.14,-0.90997,0.6181,-1.2017,-0.0098256
0.37236,0.019486,0.093503,-1.0246,-0.77382,1.1588,-1.512,-0.23131
0.25746,0.71089,0.55285,-1.0588,-0.8632,1.0329,-1.3694,0.047009
0.32851,0.35544,0.29676,-0.95518,-0.84883,0.6881,-1.5411,0.29417
0.51075,0.69171,0.1067,-0.95565,-1.0387,0.81318,-1.4579,0.1108
0.2958,0.82311,0.1373,-1.0549,-1.0673,0.5941,-1.093,-0.053567
0.22492,0.39807,0.42191,-0.78896,-1.1303,0.86048,-1.2087,-0.012684
0.65506,0.86076,0.21337,-0.99722,-0.8137,1.0742,-1.5457,0.23414
0.54408,0.55129,0.21359,-0.75417,-1.0809,1.094,-1.3778,-0.013739
0.34513,0.238,0.11312,-1.0377,-0.98336,1.0369,-1.1362,-0.22366
0.40626,0.26988,0.065007,-1.0136,-1.1178,1.0932,-1.1737,-0.0078888
0.45982,0.52209,0.10626,-1.1504,-0.82335,0.88242,-1.3365,0.1268
0.2505,0.58843,0.22473,-0.7108,-0.71937,0.9051,-1.443,0.23297
0.44075,0.49035,-0.19669,-0.8456,-0.59852,0.89893,-0.9369,0.32195
0.64863,0.58621,-0.079495,-1.0948,-1.2421,0.56031,-1.529,-0.055772
0.55271,0.38659,0.40763,-1.0272,-1.3754,1.1962,-1.1124,0.1865
0.29739,0.33255,0.49759,-1.1075,-1.1888,0.86748,-1.1896,-0.039977
-0.16514,0.37254,-0.090438,-0.89986,-1.1114,0.98314,-1.3526,0.36977
0.24437,0.6539,0.1525,-1.0513,-0.83407,0.65723,-1.326,0.023677
0.46724,0.3718,0.28943,-0.79765,-0.78067,0.88899,-1.6015,0.40554
0.21279,0.32077,0.41342,-1.0829,-1.1393,0.5814,-1.2665,0.28202
0.19538,0.32478,0.38863,-1.1851,-0.97597,0.76887,-1.3014,-0.45166
0.37885,0.42342,-0.18421,-0.75895,-1.3576,0.77303,-1.5527,0.38056
0.12779,0.20884,0.25278,-1.012,-1.3362,1.2173,-1.3827,0.22452
0.3425,0.40641,0.19742,-0.75265,-0.75716,1.1713,-1.6934,0.24817
0.38553,0.59367,0.25495,-0.84274,-1.1327,1.0746,-1.1302,-0.37673
0.45265,0.21818,0.24154,-1.0983,-0.78564,0.86575,-1.1127,0.090264
0.43863,0.28048,-0.12985,-0.62861,-1.2012,0.85812,-1.3142,0.19152
0.6119,0.59002,-0.075984,-0.95751,-0.64093,1.0395,-1.206,0.072937
0.41853,0.5227,0.21912,-0.85868,-1.0244,0.82439,-1.2596,-0.13446
0.40905,0.62073,0.3233,-0.90711,-1.0094,0.87759,-1.1339,-0.11968
0.49736,0.24262,0.28308,-0.92428,-0.80276,0.98529,-1.2317,-0.015044
0.33422,0.39029,0.26596,-0.83088,-0.81417,0.78213,-1.3259,0.34174
0.30436,0.1337,0.20421,-0.85258,-1.027,0.78467,-1.0826,0.31354
0.18989,0.54622,-0.17991,-0.66765,-0.74861,0.76307,-1.0746,0.0071449
0.66091,0.60845,0.17011,-0.85119,-0.91193,0.7277,-1.6125,0.14771
0.15853,0.41467,0.38547,-0.60385,-1.0279,0.7139,-1.112,0.011692
0.48212,0.42899,0.11957,-0.96342,-1.051,0.74583,-1.2413,0.022846
0.42072,0.36407,-0.21713,-0.87129,-0.93418,0.79931,-1.4118,0.33568
0.47277,0.25905,-0.12555,-0.72373,-0.89289,0.60307,-0.9422,0.12617
0.29903,0.56774,0.11434,-0.81487,-0.58477,0.81931,-1.3119,0.050887
0.63644,0.55608,0.026836,-0.86038,-0.94556,0.89939,-1.2912,0.050009
0.070972,0.50199,-0.085977,-0.61519,-0.97077,1.1095,-1.2398,0.0048386
0.39062,0.060335,0.24505,-0.62542,-0.91256,0.81789,-0.88723,0.1175
0.15947,0.61925,-0.025159,-0.80737,-0.71063,0.79395,-0.76117,0.35498
0.21901,0.30922,-0.094154,-1.2676,-1.2054,0.83615,-1.0798,-0.16382
0.10746,0.42325,0.35456,-1.0168,-0.96242,0.99912,-1.4221,-0.060813
0.29831,0.60963,-0.015706,-0.68953,-0.93208,0.58525,-1.3503,0.30832
0.48805,0.94013,0.2407,-1.114,-0.98457,0.76712,-1.683,-0.015394
0.45576,0.38653,0.11055,-0.76357,-0.87866,0.91021,-0.79377,0.013888
0.56624,0.30579,0.17705,-0.88762,-0.89415,0.85355,-1.1607,0.10532
0.51318,0.44858,0.10619,-0.88887,-0.92948,0.68553,-1.1973,0.12163
0.23841,0.48039,0.015006,-0.59769,-1.0064,1.1539,-1.1891,-0.043147
0.61925,0.55184,0.14464,-0.5698,-0.76696,0.87101,-1.1955,0.38625
0.42833,0.63732,-0.31869,-0.74547,-0.95301,0.89375,-0.88962,0.54885
0.26997,0.45436,0.24202,-0.56301,-0.74225,0.92726,-0.93229,0.081822
0.28685,0.45756,0.32654,-0.58984,-0.70766,1.0152,-1.1729,0.19008
0.23756,0.43652,0.26888,-0.90484,-1.0124,0.85967,-1.2871,-0.16883
0.34563,-0.00064833,0.37356,-0.85482,-0.77428,0.97393,-1.0589,0.077768
0.22539,0.099886,0.28937,-0.89538,-0.82672,0.86852,-1.4754,0.052936
0.35603,0.52777,0.083707,-0.76426,-0.81527,0.53588,-1.039,0.35851
0.47876,0.21234,0.35073,-0.85991,-0.92581,0.7589,-1.3261,-0.12281
0.63637,0.42148,0.27431,-0.43123,-0.71583,0.64656,-1.2731,0.37413
0.35405,0.5522,0.20508,-0.65204,-0.93301,0.7269,-1.4905,0.21844
0.38842,0.15153,0.051799,-0.86425,-1.0537,0.79985,-1.2611,0.051027
0.56011,0.56435,-0.059286,-0.95229,-0.67362,0.87072,-1.3395,0.35694
0.35479,0.1294,0.030455,-0.74428,-0.69467,0.93762,-0.85285,0.50534
0.23956,-0.078378,-0.08662,-0.44164,-0.62438,0.59325,-0.94329,0.050613
0.51226,0.093352,0.18309,-0.33694,-0.61215,0.65133,-1.1729,0.49037
0.44509,0.044484,0.041695,-0.75747,-0.84139,0.95942,-1.1065,-0.019965
0.28785,0.13759,0.029697,-0.22734,-0.78811,0.78039,-1.209,0.1169
0.56481,0.13555,0.29173,-0.78872,-1.0541,1.0695,-0.95179,0.23108
0.37453,0.56702,0.11699,-0.86275,-0.79675,0.76733,-1.1985,0.23278
0.50299,0.4383,0.17079,-0.9085,-0.58186,1.0436,-1.1799,0.15621
0.55808,0.14296,0.25012,-0.8988,-0.95091,0.91005,-1.0652,0.11438
0.21989,0.49148,0.016049,-0.61819,-0.93692,0.78985,-0.7997,0.13261
0.15013,0.61291,-0.49727,-0.47849,-0.62239,0.98826,-1.2078,0.4441
0.34381,0.42507,0.080009,-0.45695,-0.97264,1.1271,-0.88564,0.48641
0.18933,0.051862,0.24344,-0.6638,-0.71379,0.97176,-1.3191,0.1346
0.27374,0.35825,-0.23203,-0.92169,-0.82217,0.93509,-0.97053,0.29615
0.24963,0.54175,0.077771,-0.66708,-0.77209,0.88892,-0.85056,0.42064
0.32779,0.2882,0.17001,-0.73087,-0.62255,0.87639,-1.2352,0.52354
0.12953,0.37848,0.28708,-0.87306,-0.76526,0.87008,-1.0665,0.60447
0.14226,0.2997,0.19666,-0.49495,-0.79575,0.99628,-0.73255,0.24237
0.45314,0.15382,0.056258,-0.50973,-0.98934,1.1324,-1.259,-0.1448
0.24549,0.29107,-0.12621,-0.63293,-0.4067,1.0513,-0.8007,0.16314
0.34275,0.13344,0.10756,-0.80995,-0.66564,1.0269,-0.88183,0.29749
0.22513,0.4248,-0.040981,-0.8228,-0.6784,0.69294,-1.297,0.2919
0.092169,0.22794,0.00027387,-0.55213,-0.91834,0.75468,-0.74922,0.2443
0.61133,0.23238,0.087273,-0.45783,-1.0584,0.66645,-1.0316,0.29032
0.55634,0.04264,0.20747,-0.87807,-1.0325,0.97602,-1.3498,0.62015
0.18274,0.23616,0.033815,-0.75783,-0.47258,1.0647,-0.80616,0.27567
0.77924,-0.034831,-0.53668,-0.79595,-0.63141,0.8336,-1.0101,0.28432
0.4525,0.28671,-0.0025926,-0.78492,-0.73955,0.69347,-0.97011,0.33919
0.10943,0.38307,0.13497,-0.58676,-0.40674,0.51727,-1.3655,0.37574
0.083081,0.26294,-0.12612,-0.56402,-0.91881,0.84374,-1.3132,0.48969
0.45504,0.58034,0.38798,-0.61311,-1.0484,0.53962,-0.86306,0.090075
0.62019,-0.024532,-0.17071,-0.8066,-0.97053,0.81612,-1.1546,0.55882
0.11133,0.17471,-0.074832,-0.65444,-0.80169,0.68252,-0.98297,0.22883
0.12716,0.023614,0.051762,-1.0119,-0.86581,0.80577,-0.90894,0.44418
0.65056,0.035009,-0.071534,-0.57002,-0.51862,1.0546,-1.163,0.15048
0.28577,0.011114,0.18593,-0.73847,-0.76719,0.73295,-0.91754,0.49335
0.583,0.050755,0.11435,-0.64955,-0.80139,1.1437,-1.0846,0.22307
0.16828,0.014047,-0.29015,-0.54982,-0.68409,0.60662,-1.002,0.44538
0.0037066,0.31296,0.12608,-0.90042,-0.7683,0.97315,-1.1642,0.11739
0.28806,0.031497,-0.33773,-0.55327,-0.83564,1.0033,-0.78149,0.26499
0.42823,0.29804,0.23863,-0.57076,-0.73806,0.76257,-1.2506,0.33934
0.39061,-0.26474,-0.22631,-0.76944,-0.69732,0.87748,-0.99765,0.36943
0.20143,-0.036864,0.20973,-0.84112,-0.84965,0.93054,-0.72188,0.27744
0.79816,0.3203,-0.16083,-0.61984,-0.69419,0.78162,-0.92251,0.54323
0.39061,0.15737,-0.42085,-0.93097,-1.0158,0.71081,-0.91266,0.40129
0.48256,0.12275,-0.42693,-0.80074,-0.76596,0.72181,-0.78781,0.12829
0.39253,-0.085451,0.29343,-0.84549,-0.84313,0.84977,-1.0331,0.11582
0.32347,0.0067886,-0.0073612,-0.5969,-0.72681,1.1915,-0.77081,0.23767
0.15249,-0.079539,-0.027062,-0.84547,-0.61062,0.86776,-1.1156,0.31815
0.5904,0.47203,0.027361,-0.51678,-0.43057,0.97132,-1.0921,0.19763
0.42751,0.22609,-0.13124,-0.57397,-0.40562,0.65056,-0.86249,0.33555
0.42082,0.20398,-0.016902,-0.65836,-0.61638,0.72964,-1.1111,0.41156
0.21132,0.027966,0.025461,-0.7804,-0.47048,0.51661,-0.9238,0.22402
0.13492,0.20893,0.15267,-0.6732,-0.5893,0.62362,-1.0276,0.41997
0.15926,-0.2148,0.095255,-0.55178,-0.54498,0.95061,-1.0234,0.56312
0.16033,0.14663,0.086512,-0.51436,-0.60062,0.87582,-0.94924,0.5386
0.18433,-0.27055,-0.44726,-0.54951,-0.9102,0.70726,-0.87358,0.33626
0.44993,-0.068191,-0.12083,-0.29058,-0.44629,1.0223,-1.1538,0.57153
0.10747,0.26578,-0.16808,-0.89002,-0.60908,0.96212,-0.45226,0.35986
0.57789,0.1987,-0.021719,-0.62003,-0.56657,0.74832,-0.80839,0.041587
0.33152,0.28879,-0.024516,-0.47653,-0.44768,0.56924,-0.85788,0.50378
0.24202,-0.15023,-0.066579,-0.76611,-0.64307,0.79896,-0.96163,0.46868
0.27595,0.30084,-0.39176,-0.40987,-0.68411,0.68992,-1.0886,0.35331
0.54036,-0.48159,0.066323,-0.87681,-0.61898,0.78232,-0.78589,0.35124
0.49308,-0.11849,-0.13746,-0.73354,-0.46027,0.83787,-0.87328,0.55509
0.70725,-0.02544,-0.19933,-0.73481,-0.82094,0.99482,-1.1159,0.55239
0.20329,-0.038457,-0.1322,-0.40966,-0.57561,1.0635,-0.94783,0.36429
0.3453,-0.070401,0.02046,-0.82518,-1.0909,0.81381,-0.91346,0.21682
0.27652,-0.35104,0.0094607,-0.70693,-0.67736,0.6718,-0.93111,0.16435
0.33688,-0.10429,-0.030276,-0.43926,-0.42758,0.89782,-1.2559,0.49201
0.51381,-0.062611,0.0082895,-0.68015,-0.68361,0.77592,-0.76053,0.49464
0.40414,0.090231,0.08728,-0.7141,-0.70419,0.63799,-0.78121,0.50064
0.28172,-0.449,-0.14758,-0.78998,-0.65403,0.60064,-0.9266,0.545
0.42032,0.069223,0.050483,-0.78974,-0.68453,0.70097,-1.0063,0.54346
0.22958,-0.20012,-0.20249,-0.74627,-0.92032,0.69156,-0.65893,0.40396
0.40881,-0.14401,-0.12507,-0.50259,-0.48815,0.64104,-0.71865,0.40769
0.21463,-0.31954,0.10769,-0.53804,-0.71961,0.79867,-0.62552,0.44285
0.76381,0.20387,-0.30105,-0.81711,-0.69576,0.65719,-0.93242,0.37356
0.31034,-0.057688,-0.16432,-0.52314,-0.55984,0.4541,-1.0053,0.53499
0.13082,0.0014148,-0.13958,-0.51848,-0.41236,0.72196,-0.95672,0.19781
0.14745,0.07593,0.085552,-0.74036,-0.18593,0.77204,-0.7042,0.46872
0.33652,-0.17235,0.28191,-0.31563,-0.58177,0.66193,-0.86381,0.50933
0.19322,-0.65515,-0.39426,-0.94847,-0.46142,0.7287,-0.67174,0.23207
0.22269,-0.047146,-0.11702,-0.44166,-0.58018,0.59771,-0.89591,0.57324
0.30377,-0.36996,-0.29884,-0.70979,-0.33347,1.0046,-0.90657,0.091249
0.28655,-0.39623,0.0253,-0.47399,-0.29221,0.83049,-0.83413,0.47163
0.27487,-0.34505,-0.34105,-0.63519,-0.54288,0.83448,-0.73916,0.56867
0.1875,-0.078136,-0.083569,-0.68923,-0.57291,0.60808,-0.47871,0.46321
0.23006,-0.22234,-0.19303,-0.75099,-0.040041,0.56528,-0.98599,0.4751
0.43334,-0.089043,-0.33723,-0.85273,-0.54772,0.65927,-0.88267,0.54775
0.30176,0.016606,-0.30478,-0.61525,-0.70788,0.63029,-1.0759,0.30051
0.65943,-0.31986,-0.14973,-0.51186,-0.23494,0.55196,-0.97755,0.45968
0.49855,-0.49856,-0.39335,-0.52647,-0.3706,0.90146,-0.74289,0.55174
0.20866,-0.31642,0.011081,-0.75238,-0.32395,0.80344,-0.71679,0.56778
0.15115,-0.048928,-0.32165,-0.62932,-0.42899,0.66858,-0.79558,0.8284
0.26919,-0.25275,-0.13399,-0.83929,-0.156,0.63308,-0.6799,1.078
0.58344,0.065438,-0.14837,-0.76561,-0.44924,0.55911,-0.8757,0.43295
0.21526,-0.12681,-0.13674,-0.24078,-0.68906,0.57698,-0.85204,0.3632
0.26943,-0.31241,-0.17942,-0.6263,-0.20637,0.62957,-1.0085,0.45923
0.39239,-0.048142,-0.32522,-0.4577,-0.34706,0.73152,-0.58235,0.53928
0.44918,-0.29766,-0.03223,-0.58071,-0.44302,0.53421,-0.83782,0.79669
0.24837,-0.22978,0.032848,-0.41762,-0.22678,0.66751,-0.6242,0.52773
0.25613,-0.23551,-0.1125,-0.42897,-0.21275,1.0873,-0.59659,0.41404
0.68115,-0.17396,-0.2618,-0.36116,-0.78538,0.47711,-0.87319,0.49641
0.23149,-0.3042,0.00043413,-0.69606,-0.36873,0.44754,-0.81311,0.61647
0.3681,-0.13521,-0.1434,-0.44486,-0.1219,1.0798,-0.92536,0.44603
0.50776,-0.67205,-0.19869,-0.6201,-0.44818,0.59598,-0.50377,0.40351
0.34528,-0.31624,-0.50764,-0.81448,-0.62333,0.80989,-0.80735,0.40982
0.1874,-0.41571,-0.23424,-0.56048,-0.37029,0.74012,-0.87049,0.58612
0.27103,-0.39727,-0.22572,-0.54292,0.026161,0.49279,-0.88475,0.63557
0.27886,-0.31102,-0.052398,-0.79928,-0.27114,0.54585,-0.67266,0.8115
0.27511,-0.49922,0.10129,-0.56428,-0.46022,0.62433,-0.49241,0.75294
0.36008,-0.53428,-0.14804,-0.83632,-0.47945,0.86123,-0.68775,0.50345
0.38283,-0.42832,-0.1208,-0.7091,-0.39969,0.57714,-0.5482,0.48117
0.43273,-0.24922,-0.10576,-0.7408,-0.21927,0.66332,-0.49579,0.70324
0.26227,-0.36833,-0.048175,-0.61465,-0.28754,0.69379,-0.46621,0.30606
0.4478,-0.35058,-0.35272,-0.3914,-0.29302,0.5912,-0.58691,0.40633
0.11473,-0.50246,0.016441,-0.61067,-0.43308,0.42947,-0.60474,0.82274
0.21932,-0.59366,-0.60341,-0.51913,-0.18823,0.50772,-0.80662,0.55631
0.28154,-0.47583,-0.15004,-0.81223,-0.49946,0.5206,-0.70251,0.38198
0.27248,-0.41076,-0.38784,-0.73324,-0.31623,0.65037,-0.38153,0.2159
0.52549,-0.29054,-0.15546,-0.6834,0.11245,0.93182,-0.58013,0.56244
0.32484,-0.25165,-0.30641,-0.72088,-0.41681,0.73233,-0.68984,0.53846
0.22476,-0.4707,-0.61612,-0.46474,-0.47807,0.21897,-0.74465,0.092524
0.41929,-0.49319,-0.28498,-0.65593,-0.37284,0.99855,-0.67358,0.60455
0.74154,-0.56419,-0.36938,-0.61,-0.59132,0.5685,-0.50821,0.34446
0.70389,-0.36187,-0.27439,-0.82337,-0.12386,0.75369,-0.65961,0.69019
-0.03188,-0.59064,0.18144,-0.41369,-0.27768,0.51776,-0.75388,0.7862
-0.085945,-0.45771,-0.28684,-0.84167,-0.29097,1.027,-0.7018,0.39742
0.50907,-0.21369,-0.33717,-0.83343,-0.20787,0.64502,-0.43601,0.61232
0.23907,-0.34481,-0.066579,-0.63036,-0.28806,0.66241,-0.93943,0.74732
0.12791,-0.17672,-0.39696,-0.27567,-0.44195,0.78896,-0.52279,0.90971
0.29134,-0.4072,-0.37792,-0.81505,-0.37713,0.59101,-0.55994,0.99293
0.17644,-0.84888,-0.71849,-0.49316,-0.56644,0.46113,-0.94762,1.1141
0.19406,-0.51294,-0.39052,-0.60818,-0.23211,0.7704,-0.71309,0.68173
0.03803,0.028913,-0.31176,-0.81023,-0.021236,0.5165,-0.56928,0.57052
0.54689,-0.8973,-0.26602,-0.63759,-0.12296,0.44045,-0.73009,0.5938
0.69876,-0.44413,-0.030555,-0.15939,-0.32563,0.74811,-0.6051,0.54195
0.69249,-0.87203,-0.2783,-0.7057,-0.38243,0.43315,-0.50891,0.67975
0.30627,-1.0623,-0.16769,-0.50938,-0.45654,0.56952,-0.59076,0.40076
0.40119,-0.68128,-0.36241,-0.45115,-0.52525,0.60259,-0.77784,0.77309
0.086825,-0.30756,-0.11258,-0.65437,-0.10968,0.84067,-0.51861,0.48506
0.37119,-0.80521,-0.34682,-0.55398,0.067639,0.64217,-0.90316,0.48495
0.11762,-0.64177,-0.5233,-0.56554,-0.39746,0.48936,-0.61372,0.68208
0.91048,-0.52319,-0.02189,-0.57702,0.074298,0.66236,-0.79845,0.52861
0.39712,-0.56559,-0.66975,-0.63829,-0.20831,0.61566,-0.5838,0.35413
0.36369,-0.80557,-0.52221,-0.7275,-0.2533,0.44205,-0.81207,0.88501
0.3824,-0.34403,-0.13711,-0.5934,0.078641,0.59559,-0.94043,0.62275
0.40092,-0.57693,-0.2521,-0.82201,-0.093569,0.46571,-0.38751,0.43233
0.33264,-0.23584,-0.46111,-0.60454,-0.0065974,0.62072,-0.67197,0.56183
0.40907,-0.30749,-0.40288,-0.56639,0.07097,0.65198,-0.22264,0.80675
0.78435,-0.70917,-0.098091,-0.70881,-0.089867,0.38748,-0.53052,0.64319
0.50589,-0.34052,-0.31717,-0.40492,-0.11688,0.81475,-0.73608,0.22751
0.53995,-0.32845,-0.52083,-0.92147,-0.063296,0.49106,-0.30924,0.91206
0.29048,-0.91511,-0.76059,-0.71895,-0.13132,0.6982,-0.48896,0.84791
0.48408,-0.56545,-0.43917,-0.45556,-0.34438,0.65064,-0.62411,0.88457
0.19984,-0.51953,-0.55337,-0.7347,-0.11047,0.36503,-0.57718,0.5499
0.58178,-0.89866,-0.20972,-0.69403,-0.14943,0.42643,-0.42141,0.66837
0.34705,-0.5922,-0.16015,-0.4973,-0.053398,0.60043,-0.52233,0.44556
0.33579,-0.72998,-0.24046,-0.66507,-0.29823,0.74684,-0.5642,0.7628
0.29031,-0.36387,-0.39095,-0.77564,0.08259,0.68656,-0.76156,0.46934
0.20948,-0.96262,-0.19835,-0.8469,-0.20247,0.90249,-0.49662,0.91671
0.31626,-0.70602,-0.20008,-1.2638,-0.1639,0.35659,-0.53045,0.75929
0.27507,-0.77746,-0.56781,-0.77201,-0.325,0.69569,-0.87798,0.8506
0.42196,-0.68055,-0.16254,-0.84705,0.11429,0.95961,-0.36157,0.85057
0.49067,-0.72702,-0.4647,-0.62879,-0.13986,0.45671,-0.073219,0.7252
0.56283,-0.5652,-0.06349,-0.62639,-0.054798,0.50925,-0.38396,0.74811
0.066167,-0.6794,-0.64244,-0.64035,-0.10459,0.35051,-0.64159,0.80183
0.22342,-0.60411,-0.50643,-0.68823,-0.22022,0.60727,-0.55985,0.82324
0.77678,-0.93921,-0.18317,-0.97664,0.088037,0.47561,-0.43254,0.63893
0.38038,-0.68132,-0.44538,-0.76724,0.042397,0.5444,-0.44794,0.57969
0.37517,-0.61849,-0.29689,-1.0054,-0.16869,0.49819,-0.46258,0.68394
0.54787,-0.88493,-0.48139,-1.158,-0.23455,0.81629,-0.52198,0.65107
0.50749,-0.46079,-0.1796,-0.90731,0.19412,0.45424,-0.61009,1.0424
0.23089,-0.60829,-0.58067,-0.68105,0.10533,0.43277,-0.69352,0.64676
0.3372,-0.55439,-0.75518,-0.67463,-0.30036,0.70958,-0.58564,0.86509
0.28787,-0.91502,-0.46208,-0.74943,0.047143,0.4129,-0.5108,0.95324
0.36324,-0.26603,-0.39513,-0.78267,-0.28612,1.045,-0.8377,0.94844
0.242,-0.61224,-0.64758,-0.80359,0.4005,0.59809,-0.27498,0.95974
0.24863,-0.63018,-0.26046,-0.97165,0.19278,0.45479,-0.80981,0.567
0.57996,-0.59526,-0.44171,-0.79075,0.024313,0.58451,-0.80344,0.61747
0.48266,-0.17979,-0.26554,-1.0216,-0.1012,0.53073,-0.30842,0.90119
0.47265,-0.73564,-0.026587,-0.68419,-0.047516,0.62671,-0.80918,0.88075
0.31997,-0.79307,-0.39211,-0.72688,0.37297,0.61555,-0.47542,0.62371
0.040096,-0.91562,-0.46026,-0.82592,-0.18542,0.63853,-0.4745,0.81358
0.044649,-0.69632,-0.38362,-0.93539,-0.28002,1.0192,-0.67636,0.72735
0.46353,-0.67254,-0.46106,-0.78904,-0.17686,0.24944,-0.71116,0.85903
0.55834,-0.80088,-0.082568,-0.63904,-0.010187,0.76848,-0.50618,0.76463
0.66202,-0.88,-0.18053,-1.1096,0.0054697,1.0464,-0.37169,0.47194
0.39311,-0.58902,-0.41596,-0.89041,0.038481,0.60812,-0.38624,0.57773
0.26451,-0.75514,-0.11717,-1.1421,-0.36567,0.78811,-0.67296,0.46238
0.72218,-0.14174,-0.53793,-0.82777,-0.27219,0.39248,-0.46647,1.0324
0.64458,-0.69839,-0.28598,-1.0763,-0.042171,0.57844,-0.58267,0.50118
0.71098,-0.97908,-0.50931,-0.70731,0.11827,0.80889,-0.52718,0.81555
0.21138,-0.68316,-0.59528,-0.87751,-0.20863,0.70826,-0.40554,0.8341
0.29699,-0.34699,-0.28218,-0.81512,-0.23008,0.67892,-0.25647,0.40918
0.75559,-0.81469,-0.33569,-0.86237,0.1273,0.89615,-0.57885,0.87381
0.4408,-1.0004,-0.55288,-0.64438,-0.055356,0.37832,-0.67308,1.0143
0.81741,-0.75932,-0.47601,-1.118,-0.24055,0.52708,-0.75472,0.57738
0.67933,-0.73794,-0.68934,-0.48506,0.068458,0.89667,-0.32438,1.0371
0.54531,-1.0989,-0.47536,-0.77675,-0.050417,0.69595,-0.1994,0.69668
0.40531,-0.81387,-0.32115,-1.0146,-0.070989,0.93339,-0.45629,0.89927
0.4728,-0.81556,-0.32767,-1.2054,0.11677,0.65814,-0.28597,0.79956
0.58645,-0.78497,-0.37698,-0.9661,0.12909,0.42129,-0.70871,0.71548
0.42533,-0.86053,-0.3641,-0.94381,0.06262,0.11523,-0.3653,0.60583
0.52627,-1.0982,-0.5688,-1.0378,-0.12925,0.34261,-0.32511,0.75197
0.69511,-0.87088,-0.68119,-0.71059,0.20533,0.40605,-0.31323,0.85937
0.44119,-0.86346,-0.35757,-0.9795,-0.1757,0.62899,-0.35565,0.91763
0.5666,-0.79061,-0.33238,-0.56503,0.05434,0.68002,-0.4227,0.84492
0.44754,-0.66435,-0.32414,-0.89503,0.018249,0.8312,-0.38031,0.78763
0.55207,-0.91664,-0.26934,-0.9028,-0.050657,0.57929,-0.31279,0.63559
0.42311,-0.40877,-0.61308,-1.091,-0.038731,0.38892,-0.70396,0.93161
0.47125,-0.706,-0.58781,-0.84068,0.030964,0.82855,-0.34251,0.61556
0.31944,-0.9186,-0.41047,-1.1019,0.068907,0.54928,-0.33959,0.55567
0.4826,-0.88317,-0.52072,-1.0379,-0.076082,0.74348,-0.57164,0.52168
0.66987,-0.60256,-0.32545,-0.87597,-0.084928,0.75378,-0.27565,1.0448
0.71277,-0.86512,-0.44415,-1.0043,0.12855,0.59479,-0.34261,0.72548
0.93543,-0.77091,-0.30655,-0.96321,-0.074723,0.96566,-0.53524,0.67478
0.074393,-0.99529,-0.36495,-1.1439,0.15133,0.35211,-0.33335,0.97333
0.62979,-0.86671,-0.82842,-0.65415,-0.0029664,0.49047,-0.48721,0.62547
0.67963,-0.83625,-0.61168,-1.0962,0.24755,0.8735,-0.62849,1.1492
0.69872,-1.0034,-0.14834,-0.92872,0.16787,0.65669,-0.31598,0.71984
0.22718,-1.0257,-0.47794,-1.1059,-0.030052,0.53989,-0.62623,0.59467
0.7451,-0.40235,-0.51046,-0.70658,0.077025,0.8657,-0.66144,0.76895
0.47672,-0.79709,-0.47258,-0.95839,-0.056051,0.7497,-0.25971,0.6657
0.85131,-1.014,-0.2503,-0.98053,0.031052,0.44345,-0.48584,0.90526
0.2827,-1.0221,-0.4037,-1.4194,0.072338,0.47537,-0.51649,0.99638
0.5985,-0.77111,-0.53307,-0.89641,-0.13415,0.56275,-0.70624,0.45126
0.76729,-0.98364,-0.21705,-0.83217,-0.052384,0.33675,-0.80369,1.0081
0.52593,-0.85689,-0.5101,-0.68985,0.043727,0.54378,-0.44781,0.87922
0.61993,-1.0368,-0.65604,-0.61986,-0.26013,0.80594,-0.61792,0.90957
0.73638,-0.83843,-0.48045,-1.1026,0.0059728,0.45513,-0.45377,0.85343
0.43645,-0.63591,-0.45701,-1.2515,0.10135,0.91945,-0.32999,0.93589
0.70683,-0.87968,-0.81379,-0.97658,0.032006,0.86633,-0.51365,0.79683
0.75925,-0.96096,-0.4542,-0.91873,0.047813,0.43997,-0.87294,0.5841
0.8411,-0.89092,-0.23265,-0.9659,-0.092531,0.8535,-0.4097,0.61791
0.76468,-0.64393,-0.69546,-1.078,0.061536,0.60074,-0.79688,1.0225
0.62264,-1.0722,-0.55782,-0.68775,0.17777,0.8037,-0.43374,0.80138
0.49607,-1.1073,-0.71447,-0.71938,-0.037807,0.28358,-0.62155,0.67933
0.65983,-1.1612,-0.56811,-0.88607,-0.13103,0.71451,-0.23548,0.86799
0.76798,-0.75234,-0.33416,-1.0104,-0.28816,0.41656,-0.65544,0.80563
0.56339,-0.97573,-0.26907,-1.1706,-0.20373,0.51987,-0.42686,0.98807
0.56688,-0.96512,-0.62136,-0.95716,0.24513,0.43685,-0.2744,0.86344
0.7465,-0.82959,-0.17443,-0.76908,-0.16378,0.40401,-0.6836,0.76993
0.53063,-0.84763,-0.30497,-1.0727,0.34181,0.22186,-0.45291,1.1457
0.65583,-0.81418,-0.63573,-1.1666,0.0047047,0.35031,-0.2934,0.75471
0.79114,-1.0216,-0.66103,-1.2393,-0.1395,0.86839,-0.35284,1.0916
0.75313,-0.97906,-0.48577,-1.0657,-0.14794,0.76722,-0.65632,1.1085
0.75177,-0.66648,-0.40096,-0.81234,-0.022963,0.72585,-0.084144,0.73563
0.3078,-1.138,-0.53184,-1.0403,0.013071,0.57809,-0.0042415,0.6215
0.55849,-0.92756,-0.18285,-0.90526,0.10961,0.75018,-0.73727,1.0638
0.66863,-0.89301,-0.46793,-0.9525,0.14646,0.61812,-0.29539,0.98995
0.67824,-0.85844,-0.62867,-0.96593,0.01189,0.33814,-0.90494,0.95168
0.66329,-0.992,-0.40962,-0.91822,0.23054,0.16661,-0.36155,0.85539
0.97923,-1.1118,-0.31427,-0.89875,0.2234,0.59808,-0.55302,1.2347
0.756,-0.80294,-0.57539,-1.2508,0.21172,0.7123,-0.51671,0.96413
0.90328,-1.0199,-0.48022,-1.1987,0.009612,0.86166,-0.052701,0.87184
0.58364,-0.68415,-0.78072,-0.93803,0.0085175,0.73342,-0.38835,0.86889
0.62743,-0.77587,-0.38497,-0.95998,0.038149,0.92491,-0.20363,0.89117
0.53346,-0.99184,-0.09444,-0.95219,-0.0037958,0.59756,-0.227,0.83909
0.79044,-0.70063,-0.27292,-1.1518,-0.0064256,0.42846,-0.6446,1.0747
0.48611,-0.97388,-0.74979,-1.12,-0.21702,0.41636,-0.12516,1.1498
0.59477,-0.99152,-0.077307,-0.81106,0.096806,0.5097,-0.46812,1.2764
0.48751,-1.4088,-0.73379,-1.0139,0.36942,0.30975,-0.40281,0.58302
0.74317,-1.2292,-0.47946,-1.2554,0.1849,0.56671,-0.67666,1.1674
0.73603,-0.97376,-0.36324,-1.2815,0.14364,0.5082,-0.46053,0.80758
0.84638,-1.0515,-0.43224,-1.3104,0.1033,0.61297,-0.47072,0.82411
0.95305,-0.9816,-0.42396,-1.5157,-0.31818,0.51846,-0.3038,0.59423
0.46955,-0.92798,-0.32121,-1.2339,-0.12538,0.61435,-0.29213,0.81184
0.59042,-1.1554,-0.44183,-1.1756,0.13477,0.57269,-0.46505,0.91267
0.72201,-1.3056,-0.71272,-1.19,-0.17787,0.75471,-0.49617,0.97231
0.86631,-0.59546,-0.54898,-1.0009,0.011239,0.85985,-0.31474,0.79546
0.77621,-1.3202,-0.32983,-1.1636,0.23358,0.77032,-0.82875,1.1124
0.87118,-1.1369,-0.25083,-1.0843,0.1134,0.4446,-0.45035,0.88777
0.78227,-0.88091,-0.4391,-1.0823,-0.23525,0.62954,-0.42639,0.89323
1.0917,-0.86263,-0.44421,-1.0017,0.19628,0.38965,-0.61296,1.1377
0.61015,-1.3382,-0.43262,-1.0365,-0.2058,0.67257,-0.68688,0.93517
0.88221,-0.94628,-0.60683,-0.90247,-0.0013934,0.40506,-0.6707,0.93112
0.76275,-0.93484,-0.45051,-1.1718,-0.18734,0.59789,-0.62918,1.0699
0.66352,-0.77107,-0.66662,-1.1976,-0.13164,0.66291,-0.32394,1.0778
0.61411,-1.1775,-0.42831,-1.1279,-0.2437,0.30873,-0.64668,1.0523
0.95732,-0.82857,-0.19027,-1.0114,0.049193,0.65103,-0.1494,1.1145
0.86409,-0.95886,-0.12866,-1.1462,-0.12358,0.95131,-0.045003,0.63521
0.84948,-1.0197,-0.49623,-0.7521,-0.048594,0.67073,-0.70061,1.0503
0.96435,-1.1075,-0.56894,-1.0189,-0.020073,0.61408,-0.46153,1.264
0.77242,-1.0191,-0.49138,-1.3752,-0.36835,0.70332,-0.55258,0.75151
0.47255,-0.79147,-0.38233,-1.5255,-0.13914,0.76194,-0.42244,1.0511
1.1528,-1.0583,-0.36457,-1.2282,0.14507,0.64391,-0.39435,1.0828
1.0378,-1.0543,-0.52898,-1.3373,0.10585,0.50287,-0.19765,0.9858
0.7383,-0.77302,-0.61748,-1.0072,0.055516,0.90838,-0.67365,0.93018
0.68608,-0.93393,-0.3443,-1.0956,-0.33824,0.15156,-0.3485,0.54019
0.78212,-1.0029,-0.28132,-1.4811,-0.027221,0.438,-0.10029,0.94358
0.89907,-0.72439,-0.2508,-1.0652,-0.0082154,0.95088,-0.77125,0.98243
0.68996,-1.0567,-0.27956,-1.4024,-0.27548,0.67194,-0.43329,0.6367
0.89506,-0.85419,-0.53184,-1.3501,-0.062966,0.54931,-0.50015,1.0016
0.57458,-1.0631,-0.24625,-1.0642,-0.058183,0.681,-0.25001,1.166
0.85377,-1.0851,-0.12049,-1.0223,0.36499,0.6485,-0.75707,1.0149
1.1662,-0.87346,-0.49801,-0.97844,-0.035081,0.64995,-0.59645,1.0128
0.58337,-1.0747,-0.25752,-1.0548,0.21467,0.70376,-0.48614,0.96868
0.96431,-1.1463,-0.44115,-1.1199,0.11182,1.0053,-0.72512,1.1469
1.0232,-1.2047,-0.25647,-1.0892,-0.023176,0.50691,-0.74072,1.2633
0.95829,-0.90846,-0.59233,-1.203,-0.25651,0.72235,-0.50085,1.1277
0.7975,-1.0264,-0.3977,-1.1591,0.25228,0.75867,-0.44915,1.1304
1.0282,-1.0189,-0.21459,-1.226,-0.35857,0.58555,-0.39151,0.89454
0.94268,-1.0837,-0.41461,-1.5446,0.16742,0.26651,-0.31293,0.89693
0.85676,-1.0414,-0.47742,-1.5694,-0.24829,0.61654,-0.6585,1.2446
0.74317,-0.79777,-0.065042,-1.3896,-0.31705,0.45385,-0.27374,0.95209
0.92372,-0.93875,-0.37304,-1.0069,-0.17677,0.46555,-0.80727,1.0489
0.74204,-1.2713,-0.65367,-1.2448,0.082354,0.87128,-0.98623,1.0662
0.78232,-0.9384,-0.43923,-1.4351,0.11782,0.42694,-0.50181,0.92878
1.0654,-1.3837,-0.17639,-1.6549,0.05635,0.60592,-0.66689,1.416
0.87901,-0.96666,-0.64984,-1.267,-0.30419,0.60999,-0.50004,0.7583
0.86669,-1.0664,0.018037,-0.98959,-0.30455,0.29127,-0.48131,1.1093
0.81737,-0.848,-0.44348,-1.3309,-0.26105,0.5384,-0.7252,0.76933
0.77206,-1.0347,-0.26771,-1.1008,0.12256,0.68853,-0.7054,0.70808
1.0591,-0.745,-0.44349,-1.388,0.15882,0.57189,-0.39348,0.91788
1.2063,-0.99149,-0.3321,-1.1052,-0.098248,0.57507,-0.82022,1.1935
1.1083,-0.63319,-0.35684,-1.1918,-0.04921,0.65176,-0.94369,1.0798
0.74597,-1.3396,-0.19541,-1.0252,-0.33004,0.52283,-0.55705,0.9578
1.0485,-1.0203,-0.54364,-1.3764,-0.051438,0.98652,-0.39574,0.94386
0.99826,-0.74722,-0.47748,-1.3317,-0.24929,0.60129,-0.6458,1.0821
1.1358,-1.2015,-0.33254,-1.4217,0.10747,0.49654,-0.68666,0.89675
0.72026,-0.95334,-0.74304,-1.2585,0.14521,0.71447,-0.54385,0.98107
0.61026,-0.86642,-0.39851,-1.4055,-0.13619,0.99131,-0.45787,0.7724
1.2948,-0.91801,-0.64982,-1.4514,-0.20544,0.34807,-0.6374,1.1281
1.0999,-1.4514,-0.16654,-1.2867,-0.096606,0.72248,-0.44712,0.81972
1.023,-1.4524,-0.44974,-1.3929,-0.0066348,0.68985,-0.73722,1.0524
0.75269,-1.0154,-0.51162,-0.97195,-0.208,0.3657,-0.6457,0.9767
1.1071,-1.0932,-0.43677,-1.3268,-2.6844e-05,0.40052,-0.71708,1.0699
1.053,-1.4355,-0.25605,-1.3679,-0.32945,0.59017,-0.54043,0.83909
0.76219,-1.0506,-0.42077,-1.3426,-0.13735,0.70991,-0.32617,1.0964
1.0832,-1.0996,-0.47136,-1.2946,-0.14406,0.61283,-0.36103,1.1329
1.1731,-0.9578,-0.24153,-1.2072,-0.30201,0.62859,-0.64171,0.974
1.1534,-1.1139,-0.37985,-1.2917,-0.15965,0.75609,-0.63918,0.96649
0.97393,-1.0693,-0.16366,-1.4317,0.061539,0.58343,-0.5694,1.2104
0.858,-1.083,-0.63232,-1.0909,0.042671,0.65989,-0.4262,0.911
0.87771,-0.8357,-0.13996,-1.2973,-0.13274,0.58488,-0.31426,0.93354
1.0146,-0.81792,-0.19396,-1.3232,-0.20953,0.64129,-0.39432,1.2445
1.0565,-1.0573,0.091628,-1.109,0.17924,0.68776,-0.60426,0.97359
0.9448,-0.98476,-0.15982,-1.541,-0.25089,0.34586,-0.58395,1.5658
1.0108,-0.93779,-0.4699,-1.3549,-0.48969,1.0449,-0.40728,1.2174
1.0865,-0.93345,-0.23368,-1.0401,-0.12719,0.81388,-0.43698,1.1914
0.902,-0.95323,-0.22759,-1.0072,-0.33622,0.77763,-0.39001,1.5676
0.9629,-1.0856,-0.37264,-1.1943,-0.03596,0.5092,-0.57022,1.1999
1.009,-0.97195,0.16563,-1.3504,-0.14372,0.57986,-0.67149,0.77423
0.94027,-0.88596,-0.55368,-1.1329,-0.4014,0.74352,-0.81083,0.68521
1.0007,-0.92769,-0.44013,-1.1315,-0.52291,0.6333,-0.6645,1.2209
1.2162,-0.9655,-0.068431,-1.6439,-0.3539,0.67324,-0.75414,1.0432
1.1631,-0.73095,-0.34804,-1.0738,-0.34521,0.27221,-0.2152,1.1348
1.006,-1.0992,-0.054964,-1.3512,0.13407,0.81166,-0.32847,1.1054
1.4651,-1.1315,-0.46984,-1.1898,-0.3585,0.64229,-0.76687,0.90598
1.0402,-1.0663,-0.19454,-1.2667,-0.56643,0.39756,-0.5471,0.73384
0.97051,-0.91152,-0.55195,-1.3792,-0.29834,0.71582,-0.61778,1.0656
1.2363,-0.68393,-0.32872,-1.425,-0.3583,0.76465,-0.46546,0.89455
1.4126,-0.72127,-0.057171,-1.2534,-0.34857,0.58684,-0.37604,0.93307
1.3215,-0.96156,-0.19623,-1.5069,-0.093125,0.80673,-0.57819,0.97425
0.85206,-1.109,-0.19753,-1.2179,-0.027042,0.71635,-0.66242,1.1545
1.449,-1.0985,-0.31018,-1.1124,-0.64474,0.95062,-0.37252,1.0634
0.7084,-0.82243,0.0823,-1.1232,-0.55907,0.62852,-0.47876,1.2847
1.5928,-1.1716,-0.25051,-1.5618,-0.3956,0.59202,-0.53287,0.91524
1.0485,-1.0681,-0.28543,-1.4488,-0.24159,0.87742,-0.62833,0.90599
1.2707,-1.2512,0.028594,-1.1871,-0.10445,0.3176,-0.52073,1.1154
1.2013,-1.1654,-0.088314,-1.6752,-0.15904,0.94897,-0.27584,1.1789
1.3084,-0.91122,-0.2407,-1.2019,-0.15574,0.49409,-0.83276,0.86362
1.0214,-0.91093,-0.17739,-1.4261,-0.60863,0.50264,-0.34689,0.9212
1.2462,-0.74927,-0.29827,-1.4266,-0.36556,0.91961,-0.82191,1.3792
1.4004,-1.0318,-0.14756,-1.2954,-0.53273,0.57806,-0.28917,1.2786
0.89517,-0.96617,-0.11815,-1.241,-0.42913,0.81011,-0.5799,1.4397
1.1464,-0.83052,-0.43853,-1.4098,-0.31307,0.72798,-0.67569,1.151
1.1039,-0.97631,-0.53306,-1.3719,-0.33589,0.71272,-0.54099,0.84043
1.2763,-0.96867,-0.24481,-1.0226,-0.32953,0.71593,-0.51602,1.1188
1.1442,-0.83619,-0.23041,-1.6845,-0.28771,0.81805,-0.72989,1.1647
1.1693,-0.92783,-0.15064,-1.4678,-0.04175,0.27213,-0.6251,1.0901
1.4726,-1.0765,-0.15845,-1.2168,-0.53153,0.68166,-0.65151,1.3824
1.3797,-1.0205,-0.056381,-1.4112,-0.26198,0.59736,-0.76587,1.3529
0.85553,-0.73323,-0.43193,-1.5479,-0.29815,0.58943,-0.60431,1.0268
1.0746,-0.80753,-0.18279,-1.5184,-0.36098,0.2905,-0.73832,1.0037
1.6295,-1.001,-0.25188,-1.2375,-0.67625,0.68876,-0.68009,0.73935
1.2307,-1.1241,-0.16945,-1.5276,-0.38553,0.5322,-0.30617,1.0622
1.1852,-1.0555,-0.33667,-1.407,-0.34308,0.76807,-0.71983,1.0394
1.6187,-1.0101,-0.3226,-1.3339,-0.46387,0.81035,-0.79948,0.97807
0.94542,-0.93179,-0.19154,-1.6655,0.04958,0.85818,-0.65193,0.87342
1.5043,-0.94908,-0.061099,-1.6224,-0.6103,0.77397,-0.6422,1.1087
1.3323,-0.78423,0.11614,-1.5793,-0.26486,1.1242,-0.52614,0.8131
1.0775,-0.87418,-0.26701,-1.2823,-0.37632,0.53015,-0.86089,1.4054
1.4299,-0.89736,-0.020772,-1.4562,-0.39096,0.82167,-0.98785,1.2639
1.0995,-1.0575,-0.19825,-1.518,-0.49021,0.62058,-0.6362,1.2267
1.4663,-1.0052,-0.029504,-1.3543,-0.55411,0.72536,-0.72832,1.0868
1.1765,-1.1391,-0.42681,-1.1945,-0.21354,0.6762,-0.73705,1.2093
1.4056,-0.69119,-0.16696,-1.2635,-0.46909,0.41822,-0.49495,1.0942
1.3325,-0.91223,0.019128,-1.2229,-0.39588,0.87257,-0.43392,1.3744
1.2482,-0.93321,-0.2609,-1.5269,-0.36374,0.50771,-0.67839,1.1389
1.3894,-0.74297,0.081936,-1.2374,-0.48649,0.97721,-0.62241,1.3169
1.3007,-0.67585,0.012617,-1.3291,-0.4248,0.44817,-0.54868,0.95732
1.1143,-0.90034,-0.16133,-1.2525,-0.4988,1.0961,-0.73918,1.3337
1.4665,-0.69423,-0.025672,-1.2593,-0.22148,0.81158,-0.51032,1.1069
1.2237,-0.96013,0.17241,-1.458,-0.23121,1.0146,-0.55749,1.017
1.0438,-0.89654,-0.19439,-1.5696,-0.37979,0.33801,-0.45008,1.0731
1.2612,-0.86209,-0.12366,-1.2178,-0.4596,0.64319,-0.4144,1.2124
1.218,-0.69547,-0.085022,-1.3893,-0.39224,0.44256,-0.94641,1.1967
1.44,-0.95796,-0.35189,-1.3115,-0.54763,0.89976,-0.30821,1.2277
1.1621,-0.70371,0.055205,-1.3805,-0.60217,0.92657,-0.79495,1.1132
1.5746,-0.37063,0.091465,-1.1219,-0.70482,0.70078,-0.68241,1.2644
1.3894,-1.0009,0.0029013,-1.3027,-0.70563,0.80057,-0.50708,1.184
1.3089,-0.79287,-0.034453,-1.2808,-0.51386,0.28499,-0.61355,1.2506
1.3546,-0.92804,-0.20455,-1.2011,-0.59889,0.36933,-0.53188,1.2076
1.5117,-0.89457,-0.031932,-1.1792,-0.68291,0.91811,-0.61392,1.2588
1.6286,-0.69757,-0.25479,-1.284,-0.54942,0.69467,-0.93486,1.1928
1.3512,-0.65528,-0.12562,-1.1484,-0.29905,1.0641,-0.66765,1.234
1.6425,-0.5299,-0.23919,-1.5367,-0.5256,0.62566,-0.87502,1.4584
1.471,-0.81843,-0.15993,-1.0586,-0.46831,0.85234,-0.50017,0.92544
1.3969,-0.74742,0.074209,-1.5212,-0.61369,0.87296,-0.70808,1.059
1.4476,-1.4425,-0.33957,-1.2753,-0.41738,0.72217,-0.66972,1.273
1.348,-0.47023,-0.043456,-1.6141,-0.8773,0.64903,-0.98941,1.302
1.5406,-0.94256,0.12714,-1.2991,-0.45921,0.70614,-0.39366,1.3694
1.3482,-0.98154,-0.020302,-1.325,-0.28362,0.92876,-0.89647,1.352
1.5856,-0.61009,-0.39023,-1.0884,-0.73545,0.30072,-0.94667,1.3173
1.441,-0.85507,0.10582,-1.3271,-0.74455,0.45924,-0.68186,1.3665
1.512,-0.83292,0.039843,-1.1065,-0.55154,0.41505,-0.73796,1.0984
1.4755,-1.0124,-0.22652,-1.3068,-0.52433,0.72343,-0.62625,1.2473
1.5513,-0.80354,-0.33254,-1.1212,-0.46991,0.76071,-0.65532,1.2751
1.6505,-0.6988,-0.16682,-1.4061,-0.71755,0.62431,-0.66269,1.3615
1.2768,-0.99461,-0.30215,-1.396,-0.5438,0.75592,-0.51215,1.0644
1.8476,-0.68082,-0.089486,-1.65,-0.99441,0.63407,-0.47535,1.467
1.294,-1.2177,-0.20817,-1.377,-0.76942,0.9583,-0.66808,1.3324
1.9225,-0.77603,0.023851,-1.2062,-1.045,0.53701,-0.62867,1.1845
1.3813,-0.64185,0.039025,-1.1806,-0.64639,0.88028,-0.79099,1.3247
1.7278,-0.88041,-0.041746,-1.0897,-0.94302,0.68223,-0.70466,0.84204
1.4989,-0.7078,-0.29335,-1.1245,-0.66421,0.80711,-0.69823,1.0673
1.5603,-1.0583,0.17806,-1.0857,-0.66498,0.61541,-0.71973,1.2478
1.715,-0.70446,0.03553,-1.4316,-0.87312,0.89187,-0.89696,1.2585
1.8353,-0.906,0.16437,-1.5904,-0.78263,0.7937,-0.56998,1.0386
1.2046,-0.99044,0.25637,-1.292,-0.75374,0.60245,-0.95581,1.0792
1.5107,-0.74018,-0.11253,-1.5603,-1.0307,0.44461,-0.76523,1.1203
1.2863,-0.66436,-0.12312,-1.2563,-0.82952,0.80516,-1.0015,1.1944
1.674,-0.72124,0.20571,-1.1366,-0.98433,0.63194,-0.83122,0.83694
1.8566,-0.56197,-0.076221,-1.2082,-0.69766,0.6828,-0.69808,0.9342
1.3576,-0.37054,-0.060537,-1.4756,-1.25,0.44963,-1.0947,1.4526
1.7569,-0.79029,-0.016727,-1.2044,-0.97968,0.99322,-0.38544,0.98657
1.8067,-0.8241,0.011372,-1.2413,-0.54211,0.88951,-0.9646,1.4283
1.4863,-0.57426,-0.20561,-0.86327,-1.0797,0.78193,-0.78783,1.3797
1.7,-0.67902,-0.42378,-1.2306,-0.71745,0.71893,-0.65029,1.2519
1.7863,-0.57992,-0.031871,-1.1224,-0.8089,0.65515,-0.70093,1.5068
1.5486,-0.8755,-0.090523,-1.4565,-0.87178,0.58259,-0.61816,1.4235
1.3598,-0.55089,0.14524,-1.3353,-0.91904,0.66903,-0.92092,1.137
1.5443,-0.60713,-0.011572,-1.3347,-0.80756,0.60072,-0.87842,1.1018
1.4666,-0.75025,-0.11806,-1.4174,-0.93327,0.67858,-0.69061,1.1935
1.6737,-0.66106,-0.015237,-1.5071,-0.88883,0.45198,-0.96753,1.0102
1.8673,-0.77044,0.21419,-1.2658,-0.98276,0.75525,-0.90002,1.2034
1.6591,-0.7365,-0.042096,-1.1458,-0.79973,0.79724,-1.1082,0.96005
1.8902,-0.4249,-0.015615,-1.3814,-0.98281,0.76563,-0.80176,1.3748
1.8187,-1.0272,-0.25081,-1.395,-1.3822,0.50062,-1.0053,1.0444
1.7404,-1.0461,0.13402,-1.1669,-1.0829,0.63542,-0.77693,1.1804
1.5865,-0.68975,-0.011129,-1.4406,-0.89816,0.81043,-0.33228,1.6301
1.7554,-0.82127,0.16609,-1.5009,-0.82553,0.88251,-0.60867,1.0542
1.4528,-0.48609,0.01925,-1.2824,-0.89679,0.73046,-0.45226,1.0779
1.6016,-0.79954,-0.031315,-1.563,-1.0398,0.71343,-0.91241,1.0747
1.5872,-0.59972,-0.16125,-1.3579,-1.3343,0.9079,-0.64814,1.4661
1.5416,-0.37944,0.27944,-1.0175,-0.93471,0.75748,-0.56809,1.0142
1.7307,-0.7673,-0.025724,-1.1138,-1.1546,0.71134,-0.75032,1.1704
1.6352,-0.53144,0.20159,-1.2293,-0.98254,0.70147,-0.78871,1.2557
1.7483,-0.84078,0.024563,-0.79938,-1.0266,0.65261,-0.95515,1.0594
2.007,-0.87844,-0.15978,-1.1703,-1.0252,0.71029,-0.74608,1.1875
1.8226,-0.94732,-0.017537,-1.2574,-1.0284,0.87136,-1.0593,1.1154
1.6397,-0.93225,0.10904,-1.1501,-1.0753,0.86892,-0.7525,1.2237
1.9298,-0.79761,-0.014026,-1.3257,-0.89292,0.77986,-0.83944,1.1333
1.6534,-0.53016,-0.041036,-1.2332,-1.2667,0.78706,-0.89141,1.1949
1.6755,-1.0943,0.36395,-0.95265,-0.81783,0.95327,-0.74884,1.2194
1.3798,-0.78081,0.10346,-0.99616,-0.86713,0.53396,-0.71908,1.2699
1.6001,-0.83296,0.096361,-0.81975,-1.0848,0.55255,-0.9028,1.2665
1.8587,-0.86771,0.036848,-1.2702,-1.1953,1.0102,-0.71651,1.398
1.656,-0.93688,0.1098,-1.6547,-1.5106,0.66669,-0.86765,1.4313
1.9131,-0.65133,0.35773,-1.1917,-0.8928,0.45947,-0.96905,0.99967
1.5625,-0.73156,0.092778,-1.1658,-1.1625,0.67957,-0.92131,1.3675
1.6055,-0.60238,0.074145,-1.4969,-1.2124,0.80103,-0.65498,1.0549
2.1689,-0.87444,0.28448,-0.85712,-1.3405,0.53464,-0.66733,1.226
1.7491,-0.60331,-0.36589,-1.3886,-0.73495,0.85165,-0.98112,1.515
1.8397,-0.84008,-0.23248,-1.1061,-1.1416,1.0611,-0.88695,1.2855
1.9418,-0.61657,0.051406,-1.0628,-1.1806,0.71809,-0.83471,1.4317
1.789,-0.54604,-0.30158,-1.356,-0.76934,0.77771,-0.86513,1.2638
1.7175,-0.67248,0.14349,-1.276,-0.95032,0.69808,-0.65695,1.228
1.7935,-0.91069,0.27489,-1.581,-1.208,0.67232,-0.88587,1.3244
1.9136,-0.72761,-0.059751,-1.2901,-1.1284,0.91374,-0.91001,1.26
1.9971,-0.54693,-0.19649,-1.1663,-0.74695,0.52379,-0.63274,1.0777
2.1904,-0.67057,0.10283,-1.1257,-1.0573,0.47161,-0.59478,1.1185
1.7188,-0.79318,0.35635,-0.94007,-1.0553,0.76926,-0.75335,1.4236
1.6605,-0.75194,0.38779,-0.91479,-0.88195,0.77252,-0.62601,1.4993
1.5083,-0.54431,-0.036019,-1.1019,-0.98851,0.6463,-0.66348,1.2158
2.1184,-0.74466,0.0017747,-1.2978,-1.3031,0.54888,-0.82979,1.1872
1.9981,-0.70691,0.15118,-1.1835,-1.4283,0.75556,-0.69553,1.2913
1.7405,-0.72723,0.0089323,-0.95995,-0.91672,0.86023,-0.69207,1.0963
1.5871,-0.82987,0.30206,-1.2033,-0.74324,0.93929,-1.1391,0.99062
1.4467,-0.80782,0.13176,-1.1836,-0.98622,0.63131,-0.49626,1.0579
2.2183,-0.54737,0.037342,-1.3047,-1.1579,0.64766,-1.0658,1.2995
2.0978,-1.006,0.069161,-1.1565,-1.2335,0.93865,-0.6908,1.1428
2.0039,-0.35841,-0.037644,-1.3612,-1.2592,0.61674,-0.98343,1.1177
1.519,-0.57819,0.10478,-1.2068,-1.0349,0.67684,-1.0081,1.526
1.9585,-0.71838,0.35558,-0.99954,-0.81869,0.61149,-0.55191,0.84881
2.1027,-0.69217,0.13608,-1.052,-1.2143,0.8953,-0.66321,1.3272
1.6543,-0.45572,0.22007,-1.093,-1.1164,0.83008,-0.57994,1.1492
1.852,-0.58056,-0.10042,-1.1728,-1.5046,0.77146,-0.60112,1.3138
2.16,-0.76096,0.46176,-1.1244,-1.2883,0.79745,-1.0779,1.1226
1.7665,-0.46364,0.28595,-1.1642,-1.1045,0.53854,-0.60974,1.1848
1.987,-0.80139,-0.15663,-0.89006,-0.90157,0.75459,-0.87899,1.4997
2.0855,-1.164,0.22957,-1.0909,-1.1994,0.69749,-0.47065,1.173
1.9569,-0.47377,0.2187,-1.1924,-1.088,0.59335,-0.83119,1.1824
2.0451,-0.50141,0.32641,-0.97633,-1.2563,0.87419,-0.53221,1.4061
1.6639,-0.71689,0.039451,-0.96185,-1.3674,0.61472,-0.73532,1.2492
1.8752,-0.65844,0.34264,-1.0159,-1.4639,0.47817,-0.78189,1.5135
2.0412,-0.71897,-0.10676,-1.1935,-1.2186,0.98953,-1.1034,1.2037
2.0826,-0.44022,0.026926,-1.1185,-1.1463,0.5574,-1.0152,1.3199
1.875,-0.82288,0.088773,-1.2213,-1.4118,0.52643,-0.99019,1.5352
2.0137,-0.19339,-0.19055,-1.2922,-1.2345,0.74632,-0.76846,1.0621
1.7475,-0.73088,0.18549,-1.2039,-1.3983,0.24045,-0.24241,1.6329
1.9179,-1.0168,-0.031581,-0.91576,-1.0229,0.14485,-0.86369,1.2062
2.0291,-0.71475,-0.049009,-0.92887,-1.3822,0.80546,-0.94957,1.4588
1.7817,-0.84545,0.31065,-1.1609,-1.2308,0.51444,-0.78884,1.2846
1.8796,-0.44605,-0.015066,-0.92536,-1.4549,0.67037,-0.5843,1.3154
1.6556,-0.88725,-0.0215,-1.0255,-1.5252,0.97365,-0.65793,1.4088
2.0627,-0.67344,-0.22975,-1.1897,-1.5836,0.75073,-0.99932,1.2598
1.8309,-0.91522,0.14776,-1.0377,-1.4485,0.74409,-1.1144,1.4586
1.8177,-0.56094,0.12754,-1.2054,-0.91999,0.55479,-0.732,0.92724
1.9565,-0.71628,0.18596,-1.1137,-1.1604,0.65148,-0.7929,1.2164
2.0739,-0.61762,0.1996,-0.90195,-1.4643,0.976,-0.80567,1.4056
1.9977,-0.6047,0.31175,-1.1572,-1.3345,0.75386,-0.61106,0.95108
2.0146,-0.64062,0.41194,-1.0114,-1.2799,0.67209,-1.0905,1.3415
2.1912,-0.45328,-0.049843,-1.0306,-1.0108,0.54566,-1.1913,1.4212
1.8417,-1.1242,0.53305,-0.98921,-1.2217,0.44919,-1.201,1.1137
1.9874,-0.54376,0.28992,-1.1348,-1.6323,0.44435,-0.67772,0.9434
1.7293,-0.71509,-0.028146,-1.1723,-1.4725,0.72143,-0.78781,0.97875
1.9246,-0.77911,0.20034,-1.0076,-1.5476,0.48627,-0.64628,1.2083
1.9345,-0.84599,0.12031,-1.082,-1.5976,0.77653,-0.71069,1.7214
1.9758,-0.92853,0.032751,-1.0535,-1.6327,0.78914,-0.52073,1.6102
2.1303,-0.8654,0.18729,-1.0725,-1.336,0.43535,-0.41015,1.3644
1.8738,-0.80564,0.10729,-0.76678,-1.0678,0.30456,-0.70456,1.077
2.1959,-0.54566,0.20631,-1.4372,-1.4063,0.86577,-0.58898,1.4089
2.341,-0.78154,0.027371,-1.2677,-1.619,0.54245,-0.84698,1.4926
1.9922,-0.66199,0.12966,-1.3182,-1.4219,0.2697,-0.88363,1.1609
2.053,-0.76643,0.33361,-0.78235,-1.1099,0.80828,-0.66693,1.1724
2.0493,-0.86811,0.11163,-1.0619,-1.6171,0.52055,-0.81084,1.1928
2.0995,-0.6377,0.16929,-0.72533,-1.2775,0.83084,-0.86193,1.1186
1.8271,-0.4772,0.073519,-0.67365,-1.3649,0.46419,-0.79679,1.4712
2.0515,-0.67283,-0.15537,-0.94687,-1.6118,0.89271,-0.90789,1.3288
1.9758,-0.84868,0.11485,-1.1047,-1.3363,0.72966,-0.65819,1.1514
1.8149,-0.55506,0.037846,-1.2256,-0.87565,0.49257,-0.92614,1.3846
2.3389,-0.46875,-0.16276,-0.97574,-1.1647,0.53428,-0.82249,1.0336
2.0922,-0.86847,0.17167,-1.0894,-1.1697,0.63213,-0.91049,0.69254
2.21,-0.48545,0.37104,-1.0398,-1.5982,0.27438,-0.97723,1.4048
2.3378,-0.50635,0.23402,-1.1241,-1.4968,0.70479,-0.73565,1.0188
1.8819,-0.69477,0.12402,-0.89939,-1.2902,0.83737,-0.68532,1.156
1.9894,-0.68789,-0.10938,-0.96703,-1.3442,0.58907,-0.79351,1.4256
2.054,-0.73767,-0.010093,-0.9934,-1.3982,0.5974,-0.63598,1.2773
1.7107,-0.5606,0.071914,-0.75626,-1.6309,0.62159,-1.0243,1.18
2.28,-0.84153,0.26443,-0.97389,-1.5399,0.61281,-1.0362,1.2107
2.0217,-0.4666,-0.19792,-1.0815,-1.3182,0.73956,-0.67859,1.3259
1.9338,-0.6036,-0.15256,-0.94677,-1.5221,0.97145,-0.57071,1.2443
2.2658,-0.58218,0.034232,-1.2717,-1.4169,0.64754,-0.89646,1.4079
2.2185,-0.89836,0.28396,-1.3454,-1.4589,0.32204,-0.61306,1.0818
2.1353,-0.98154,0.2778,-1.0216,-1.4858,0.71088,-0.65713,1.6728
1.878,-0.64465,-0.21714,-0.91147,-1.1906,0.58823,-0.78202,0.90991
2.1691,-0.75473,-0.11341,-0.96117,-1.424,1.0449,-0.71492,0.97292
1.8986,-0.49316,0.25669,-1.0893,-1.8271,0.7286,-0.83605,1.427
1.8989,-0.3783,-0.0053682,-0.91429,-1.9879,1.0269,-0.85953,1.5282
2.1661,-0.39589,-0.083777,-0.84493,-1.2796,0.45815,-0.74469,1.295
1.8474,-0.51764,-0.11896,-0.69561,-1.418,0.63587,-0.73555,1.1852
2.2515,-0.50276,-0.023367,-0.79548,-1.2783,0.40813,-0.48704,1.3708
2.1919,-0.39149,0.10998,-0.92938,-1.551,0.53633,-0.76655,1.0667
2.1336,-0.4195,0.1029,-0.93127,-1.5723,0.75965,-0.5783,1.4761
2.0087,-0.52201,-0.0754,-0.79604,-1.7109,0.60829,-0.68055,1.039
2.0532,-0.51158,0.21708,-1.1042,-1.6087,0.52684,-0.81796,1.0153
2.0359,-0.81106,0.024227,-0.85602,-1.4094,0.69235,-1.2006,0.97268
1.9529,-0.5454,0.15741,-0.81586,-1.7491,0.58224,-0.90969,1.1398
1.7701,-0.41012,-0.2061,-0.75392,-1.4809,0.63064,-0.96445,0.92861
1.6864,-0.68623,-0.19188,-0.87968,-1.6147,0.69174,-0.61299,0.93404
2.1522,-0.49196,0.10962,-0.86767,-1.582,0.68049,-1.0359,1.4897
2.1368,-0.40013,0.064716,-0.87682,-1.3597,0.70208,-0.58015,1.4129
1.9921,-0.76479,0.42369,-0.94652,-1.4472,0.60496,-1.0298,1.2145
2.0925,-0.6777,-0.25584,-0.72844,-1.4523,0.61536,-0.94119,1.1112
1.938,-0.45395,-0.078229,-0.77004,-1.6298,0.4719,-0.79352,1.0167
1.8175,-0.70925,-0.013557,-0.90874,-1.5813,0.66569,-0.76856,1.3461
2.0597,-0.3944,-0.13504,-0.65059,-1.7197,0.76641,-1.0462,1.4164
2.4117,-0.42499,-0.087303,-0.60198,-1.6546,0.57653,-0.9917,1.3293
2.1238,-0.48747,4.3257e-05,-0.74292,-1.5895,-0.03592,-0.72521,1.1335
2.1605,-0.60995,0.0080541,-0.78517,-1.595,0.41934,-0.69895,0.91432
1.9119,-0.59922,0.01435,-1.2541,-1.2775,0.9442,-0.7289,1.4076
2.2487,-0.71948,0.060684,-0.61094,-1.5227,0.73347,-1.0029,1.3598
1.9106,-0.55609,-0.19821,-0.65053,-1.5216,0.81081,-0.73634,1.0614
1.8198,-0.36854,0.1395,-0.80818,-2.152,0.5186,-0.91528,1.0102
2.2045,-0.65651,-0.085812,-0.91897,-1.9181,0.52662,-0.81866,1.2361
2.0027,-0.43152,-0.027199,-0.70248,-1.6754,0.4866,-0.89695,1.1288
1.9047,-0.74486,-0.13873,-0.77268,-1.3983,0.78127,-0.87048,1.2835
2.0277,-0.63004,0.18291,-0.95132,-1.8128,0.44271,-0.5371,1.3992
2.0298,-0.38187,0.034078,-0.88589,-1.2244,0.42953,-0.66135,1.487
1.8797,-0.85953,0.17935,-0.874,-1.76,0.59412,-0.79978,1.3459
2.1925,-0.86723,-0.031574,-0.63534,-2.0231,0.71545,-0.69863,1.1685
2.0701,-0.78654,-0.34875,-0.86899,-1.6791,0.50788,-0.41764,1.4389
1.897,-0.7937,-0.0049624,-0.98855,-1.5039,0.62856,-0.61562,1.343
2.1926,-0.40964,0.26855,-0.86743,-1.4544,0.29662,-0.89932,1.1224
2.0409,-0.66195,-0.2424,-0.59396,-1.4166,0.88445,-0.68858,1.3287
2.0777,-0.91609,0.01171,-0.63773,-1.765,0.64272,-0.67543,1.4039
2.2585,-0.68927,0.054977,-0.64514,-1.6543,0.54388,-0.81833,1.0695
2.2792,-0.47112,-0.0020523,-0.53309,-1.5528,0.57026,-1.001,1.4751
2.1757,-0.49307,0.26021,-0.94641,-1.7842,0.24737,-0.81393,1.1465
2.1605,-0.31111,0.13015,-0.81531,-1.8477,0.4063,-0.64631,1.3296
2.0117,-0.52762,-0.04005,-0.98387,-1.4222,0.63317,-1.0457,1.1378
1.8732,-0.23828,-0.14443,-0.69221,-1.8972,0.3843,-0.71837,1.0731
2.1932,-0.43688,-0.032673,-0.73797,-1.6867,0.70185,-0.5092,1.2736
2.0245,-0.57047,-0.48308,-0.61085,-1.4477,0.65802,-0.79663,0.94461
2.0171,-0.60928,-0.27748,-0.3664,-1.5013,0.73657,-0.76739,1.0527
2.0246,-0.66116,-0.16962,-0.85371,-1.356,0.53172,-1.1246,0.89447
2.0539,-0.23047,-0.092573,-0.74699,-1.6754,0.69751,-0.78357,1.2885
1.9846,-0.61784,-0.21335,-0.97662,-1.4957,0.74772,-0.70622,1.0465
2.051,-0.48041,0.073372,-0.64253,-1.4421,0.45616,-0.94007,1.2376
1.8912,-0.51913,0.096476,-0.57012,-1.6781,0.30017,-0.8899,1.4136
2.061,-0.6764,0.041674,-0.64739,-1.3204,0.5557,-0.70995,1.1719
2.3085,-0.77844,0.11813,-0.65036,-1.9433,0.63903,-0.63159,1.1954
2.2273,-0.99692,-0.23456,-0.74804,-1.7191,0.59705,-0.80554,0.89595
2.228,-0.45563,-0.21116,-0.85539,-1.5419,0.59851,-0.79978,1.0469
2.1089,-0.62042,-0.19889,-0.71785,-1.627,0.70723,-0.66625,1.7071
1.9989,-0.49503,0.10249,-0.78014,-1.4801,0.19704,-1.2013,1.0669
2.0058,-0.93469,0.027526,-0.79382,-1.5438,0.42086,-0.52197,1.2055
2.2723,-0.31307,-0.16996,-0.68362,-1.6337,0.33658,-0.44746,1.1874
1.8622,-0.41542,0.10607,-1.0008,-1.6138,0.22571,-0.92043,1.2643
1.8163,-0.43275,-0.15528,-0.58666,-1.6221,0.42398,-0.56499,1.6326
1.9071,-0.75474,0.054418,-0.80915,-1.4368,0.34526,-0.77061,1.3992
2.131,-0.58101,-0.24748,-0.88988,-1.561,0.11205,-0.91213,1.3284
2.0886,-0.42323,-0.47404,-0.48987,-1.8332,0.72685,-0.55649,1.2622
2.0881,-0.87983,-0.18638,-0.86947,-1.6935,0.40581,-0.93282,1.1128
2.2916,-0.26987,-0.15705,-0.54343,-1.4975,0.68661,-0.86914,1.3664
1.8437,-0.55301,-0.14711,-0.62828,-1.5926,0.22589,-0.93319,1.1811
2.204,-0.53245,-0.58569,-0.76784,-1.6149,0.62568,-0.71642,1.1516
1.9898,-0.76377,0.0077946,-0.74387,-1.6432,0.38899,-0.45051,1.3065
1.94,-0.61514,-0.45124,-0.46053,-1.9381,0.73994,-0.81545,0.84205
2.2792,-0.85174,-0.16931,-0.77558,-1.673,0.72047,-1.0781,1.4729
2.1541,-0.87059,-0.18455,-0.51477,-1.5973,0.24069,-0.96013,1.154
1.9982,-0.71028,-0.40513,-0.71943,-1.6845,0.24974,-1.0405,1.1487
1.77,-0.78793,0.020043,-0.54527,-1.9365,0.46044,-0.98537,1.1069
2.1482,-0.45418,-0.12263,-0.74003,-1.7564,0.26879,-0.78879,0.97691
2.0364,-0.74177,0.017785,-0.24095,-1.7202,0.92788,-0.66465,1.2209
1.8791,-0.73204,-0.1165,-0.59117,-1.3399,0.49105,-1.06,1.4085
1.9901,-0.57829,-0.080823,-0.87278,-1.895,0.13661,-1.0479,1.0806
