-1.2884,-0.11964,-0.055385,0.76411,0.19705,0.040922,-1.1797,0.27914
-1.0124,0.29414,0.32017,0.49103,-0.28066,0.22238,-1.1021,0.14508
-1.1735,0.033968,0.0073975,0.51169,-0.23697,0.11139,-1.2368,0.27193
-1.1093,-0.32214,-0.12254,0.45392,-0.24068,0.18223,-1.2269,-0.056987
-1.2562,0.334,0.18534,0.37297,-0.53606,0.12714,-0.95628,-0.00070584
-0.86977,0.069377,-0.0024907,0.80359,-0.17905,0.11322,-1.2291,0.35824
-1.3609,0.10073,-0.25503,0.63292,-0.24153,-0.19398,-1.2454,-0.16508
-1.4662,0.079816,0.13152,0.6051,-0.10003,0.36077,-1.0186,0.2629
-1.3215,-0.30958,0.20145,0.76975,-0.32548,-0.20184,-1.0579,0.093303
-0.94106,0.34788,0.0093471,0.40935,-0.24808,0.26828,-0.9455,0.14885
-1.2806,-0.01568,0.16698,0.58985,-0.22029,0.22146,-0.75728,-0.067531
-1.0857,-0.10174,0.32412,0.66972,-0.16666,0.17495,-1.1727,0.46289
-1.4414,0.084055,0.3172,0.31314,-0.34113,-0.12051,-0.88894,0.15718
-1.0996,0.23528,0.21052,0.36122,-0.64169,-0.010773,-1.0013,0.20202
-0.99607,0.11871,-0.022089,0.63441,-0.20526,-0.032477,-1.0549,-0.078773
-1.0569,0.082767,0.48856,0.64159,-0.36895,0.11807,-0.85705,0.22258
-1.2967,0.38106,0.12867,0.20729,-0.30383,0.15243,-1.4561,0.059427
-1.2716,-0.060226,-0.2246,0.823,0.015575,0.13648,-1.0867,0.17256
-1.2636,-0.084481,0.1863,0.29084,-0.16121,0.24462,-0.70627,-0.098734
-1.2779,-0.18362,-0.085639,0.36319,-0.028206,0.013482,-0.80608,0.089924
-1.4881,0.23925,-0.001028,-0.02145,-0.38904,0.28329,-1.1563,-0.037391
-1.2374,-0.2009,0.10854,0.56884,-0.23209,0.12738,-1.0268,-0.17928
-0.99997,0.19989,-0.24476,0.3165,0.023152,0.044528,-0.69917,0.12815
-1.35,-0.15183,0.14153,0.66463,0.25048,-0.12424,-0.99889,0.029556
-1.2368,-0.012838,0.089049,0.45585,-0.10992,-0.13545,-1.0567,0.17812
-1.1194,-0.022691,0.21705,0.35302,-0.39064,0.21415,-0.85668,-0.17381
-0.96649,-0.052781,0.52412,0.2685,0.042927,0.19144,-0.65043,-0.11492
-0.82696,-0.21962,0.2931,0.52135,0.018774,0.07517,-0.83358,-0.069567
-1.2408,0.20262,-0.035029,0.45646,0.3386,-0.051291,-1.0833,-0.10406
-0.88855,-0.1179,0.08085,0.51508,-0.23138,-0.15045,-0.73952,0.15416
-1.1255,-0.19595,-0.0099027,0.69014,-0.036658,-0.17733,-0.87382,0.14394
-1.0029,-0.0024268,0.28131,0.46363,-0.31063,0.17109,-0.84823,-0.09862
-1.3622,-0.021722,-0.065941,0.32869,0.18585,0.083373,-0.50195,-0.095042
-1.2072,-0.13492,0.21774,0.54676,0.12729,0.20152,-0.66609,-0.055279
-1.3372,0.16431,-0.031745,0.56613,-0.019971,-0.2053,-1.0859,-0.22824
-1.3213,-0.043691,-0.035972,0.412,-0.2945,0.16351,-0.64506,-0.15725
-1.0401,0.46653,0.50756,0.43435,-0.050336,0.12036,-0.73732,-0.18038
-0.83818,0.10903,-0.092383,0.47141,-0.32563,0.51629,-0.87324,0.0678
-1.0234,0.097275,0.21033,0.50605,-0.37469,0.15658,-1.2353,0.37381
-1.2826,-0.13491,0.043116,0.61337,-0.21033,0.51515,-0.83515,0.27822
-0.83218,0.34532,0.27809,0.48925,-0.42747,-0.046754,-0.84357,-0.25901
-1.0438,0.15284,0.33849,0.26012,0.13904,0.10827,-0.80305,0.38591
-1.384,-0.048357,0.1017,0.63513,-0.14461,-0.058974,-1.1082,-0.22447
-1.0038,-0.15645,0.33106,0.67115,0.11412,0.19826,-1.1894,0.01881
-1.4597,-0.28629,0.19639,0.55171,-0.21786,0.22513,-0.89054,-0.014487
-1.2059,0.25365,0.39502,0.49486,0.044375,0.57625,-1.06,-0.067979
-1.2359,-0.008867,0.20876,0.37788,0.38093,-0.0095727,-1.1419,-0.11301
-0.52022,-0.38179,0.48375,0.70976,0.011069,-0.15218,-0.92634,0.020121
-1.0513,0.070418,0.30861,0.84402,-0.2901,0.2957,-0.86935,-0.11949
-0.94222,0.039738,0.15737,0.21646,-0.023093,0.1046,-0.90169,-0.13893
-1.0298,0.05174,0.23423,0.7955,-0.32001,0.24508,-0.72719,-0.14308
-1.2457,-0.2712,0.51385,0.1489,-0.28236,0.11112,-0.87451,-0.14205
-1.0539,-0.018118,0.33635,0.59158,-0.11384,0.20231,-1.1662,-0.16718
-1.0624,0.27624,-0.058778,0.67747,0.50874,0.0026379,-0.90612,-0.024617
-1.0184,-0.20415,0.1367,0.24067,-0.3263,0.41545,-0.85438,-0.30319
-0.91842,0.12042,0.2846,0.75944,-0.16196,0.34945,-0.9391,-0.044669
-1.1528,-0.12694,0.67977,0.43184,0.23268,0.22,-0.92402,0.11889
-1.3748,-0.46072,0.18257,0.69333,0.10795,-0.0028094,-0.68919,0.043444
-1.2031,0.067518,0.41273,0.30347,-0.059925,0.040313,-0.62143,-0.085797
-1.3656,0.09786,0.28025,0.12474,-0.42451,-0.023449,-0.64826,0.026403
-1.1284,-0.19055,0.13687,0.40083,-0.15309,0.012959,-0.70399,-0.0062105
-0.77973,-0.11962,0.36694,0.42313,-0.047245,0.10089,-0.834,-0.0196
-0.89602,0.21512,0.502,0.50075,0.10394,0.15765,-0.87112,-0.17762
-1.1073,0.15714,0.54893,0.7222,0.11161,0.35531,-0.83641,-0.62442
-1.1855,0.28945,0.18722,0.28078,-0.045665,0.23931,-0.50321,-0.21699
-0.90997,-0.22566,0.64524,0.5064,-0.18943,0.3585,-0.89469,-0.22982
-1.0028,-0.34677,0.51717,0.46087,0.2169,0.093727,-0.56396,-0.23662
-1.0166,-0.049351,0.16928,0.25411,0.51874,0.30254,-0.43993,-0.21148
-1.0915,-0.2401,0.37987,0.51665,0.0091846,-0.0011974,-0.50263,-0.15765
-0.9149,-0.1784,0.68456,0.6115,-0.20678,0.412,-1.1342,-0.31295
-1.4419,-0.098745,0.4558,0.75346,0.044074,0.082976,-0.72344,-0.22875
-1.037,-0.32106,0.27454,0.45907,0.25029,0.50485,-0.99882,0.023423
-1.079,0.063247,0.51298,0.43625,-0.10028,0.46786,-0.82384,-0.15245
-1.2334,-0.21516,0.43959,0.58076,0.25763,0.32482,-0.72024,-0.27965
-1.1039,-0.22401,0.45522,0.75281,-0.0023318,0.25799,-0.83928,-0.20875
-0.86488,0.029698,0.28904,0.27153,0.026221,0.24076,-0.73218,-0.17941
-1.0401,-0.083,0.58679,0.50917,0.010833,0.47941,-0.70224,-0.39004
-1.2431,-0.12033,0.25872,0.16024,0.14856,0.48039,-0.91481,-0.029061
-1.2528,-0.025704,0.47266,0.67659,-0.17869,0.24211,-0.90894,-0.35327
-1.1457,-0.31971,0.59379,0.45618,0.2184,0.049996,-0.71541,-0.7418
-0.67804,0.27004,0.35387,0.66044,-0.03206,0.22791,-0.82627,-0.50256
-0.97452,0.076439,0.2623,0.30619,0.15319,-0.13359,-0.79298,-0.69539
-0.67601,-0.00057039,0.68445,0.36621,0.074285,0.33889,-0.9205,-0.46956
-1.1033,0.29566,0.61233,0.26639,0.17315,0.30723,-0.55762,-0.31572
-0.84986,0.21507,0.41421,0.55453,0.083124,0.38229,-0.82367,-0.21584
-1.0625,-0.25684,0.77566,0.52638,0.45225,0.33289,-0.53915,-0.10152
-1.2461,-0.20455,0.49165,0.48258,-0.093365,-0.11311,-0.77362,-0.22094
-1.0379,-0.24004,0.55749,0.41094,0.33819,0.40919,-0.77657,-0.064252
-0.96396,-0.40756,0.50536,0.60909,0.022934,0.19693,-0.51517,-0.35523
-0.98167,-0.31244,0.46408,0.42347,-0.1546,-0.058007,-0.84948,-0.44075
-0.97421,0.024346,0.41351,0.31904,0.3197,0.39482,-0.77411,-0.41917
-0.96474,0.15324,0.53493,0.5245,-0.086696,0.45029,-0.98701,-0.26167
-0.7986,-0.28672,0.45667,0.43688,0.47601,0.089384,-0.84178,-0.46297
-1.3011,-0.12965,0.75715,0.58674,0.26254,0.23976,-0.96777,-0.1992
-1.2231,-0.011365,0.54558,0.80288,0.49377,0.2606,-0.8889,-0.5272
-1.1316,-0.077327,0.64778,0.18733,0.17784,0.1619,-0.92487,-0.33219
-0.65711,0.072232,0.4572,0.59584,0.10435,0.24597,-0.83051,-0.0003495
-1.0247,-0.22559,0.55178,0.48582,0.014434,0.26486,-0.88904,-0.51138
-1.0229,-0.27123,0.54938,0.86424,0.3179,0.29271,-0.7819,-0.29357
-0.98653,-0.16197,0.8345,0.80131,0.45891,0.26336,-0.72508,-0.021908
-1.059,-0.20247,0.34517,0.9277,0.19434,0.64564,-0.68436,-0.25677
-1.2878,-0.13887,0.47057,0.72812,0.08358,0.24806,-0.72376,-0.3425
-0.9747,-0.39956,0.26654,0.91855,0.086978,0.020464,-0.59315,-0.31486
-1.1523,0.13762,0.26444,0.40835,-0.089103,0.674,-0.9343,-0.34171
-0.71418,-0.22692,0.61731,0.70831,-0.019341,0.34023,-0.53703,-0.28112
-1.1698,-0.28805,0.88161,0.37438,0.035708,0.16022,-0.64521,-0.38924
-1.4357,-0.060545,0.42676,0.29122,0.26356,0.46701,-0.95504,-0.10606
-1.0081,-0.52911,0.86696,0.53274,0.29239,0.52913,-0.62039,-0.4693
-0.71698,-0.2027,0.71216,0.21014,0.23957,0.25899,-0.72879,-0.49205
-1.0918,0.13156,0.65753,0.76724,0.041891,0.33796,-0.74984,-0.2713
-1.0538,0.082991,0.61039,0.68404,0.27424,0.27046,-0.45267,-0.65737
-1.1631,0.25413,0.7928,0.26136,0.14406,0.20394,-0.83579,-0.48153
-1.051,-0.28899,0.88274,0.54307,0.023054,0.30344,-1.1087,-0.46384
-0.92434,-0.013983,0.60194,0.63134,0.31208,0.3408,-0.54192,-0.30443
-0.89733,-0.2193,0.75258,0.54943,0.27421,0.37781,-0.91985,-0.45086
-0.84337,-0.39633,0.94247,0.16487,0.20123,0.085739,-0.61043,-0.62353
-0.81971,-0.18689,0.85968,0.30859,0.22516,0.45176,-0.82111,-0.62992
-1.0701,-0.18169,0.56229,0.33234,0.2327,0.70287,-1.0746,-0.33256
-0.93244,0.10926,0.60696,0.44412,0.012991,0.12771,-0.64135,-0.61944
-0.71227,-0.27346,0.56937,0.85179,0.064973,0.11807,-0.72289,-0.66772
-1.0462,-0.017662,0.8143,0.41214,0.33698,0.78168,-1.0882,-0.42034
-0.78871,-0.50122,0.79657,0.49022,0.15467,0.24789,-0.98522,-0.39551
-0.7864,-0.10006,0.78551,0.93362,0.13428,0.36641,-0.85308,-0.4188
-1.1098,-0.24797,0.70917,0.56996,0.31014,0.61699,-0.91771,-0.32637
-1.0994,-0.18584,1.0347,0.71572,0.20495,0.13207,-0.81464,-0.58618
-0.66391,-0.47715,0.88553,0.65525,0.29544,0.28521,-0.88081,-0.62747
-1.1244,0.013215,0.83355,0.71407,0.44873,0.12365,-0.77578,-0.48809
-1.0935,-0.41655,0.77978,0.45301,0.28271,0.53104,-1.0208,-0.26701
-1.1629,-0.1639,0.4991,0.48997,0.051365,0.26873,-0.43313,-0.53514
-0.97037,-0.28982,0.97859,0.59588,0.18525,0.25928,-0.5179,-0.63278
-0.93173,-0.42361,0.67052,0.35902,0.37179,0.30505,-0.86822,-0.66118
-0.86378,-0.12225,0.92198,0.60568,-0.0095856,0.22522,-1.0641,-0.42336
-0.84254,-0.25958,1.0121,0.46556,0.3045,0.29481,-0.58855,-0.32141
-1.1835,-0.24292,0.67038,0.35984,0.06672,0.26439,-0.66632,-0.61142
-1.027,-0.37392,0.7947,0.46428,0.38284,0.31743,-0.8108,-0.58495
-0.974,-0.33558,0.88279,0.66524,0.50199,0.22398,-0.77756,-0.19304
-1.1961,-0.42224,0.89424,0.41365,-0.022185,0.49508,-0.91496,-0.6235
-0.91495,-0.14956,0.81718,0.43035,0.24008,0.46021,-1.1613,-0.58323
-1.3213,-0.16745,0.85202,0.36728,0.10529,0.46156,-0.91675,-0.53829
-1.3525,-0.24287,0.9762,0.63668,0.18637,0.42926,-0.61718,-0.57024
-0.88838,-0.16845,1.1033,0.45513,0.088514,0.49638,-0.93757,-0.22023
-1.1285,-0.092542,0.63678,0.70318,0.38914,0.56816,-0.76083,-0.30201
-0.89337,-0.032342,0.6662,0.47443,0.7588,0.48311,-0.49037,-0.22764
-0.84199,-0.27397,0.82412,0.3961,0.049855,0.51382,-0.90705,-0.51203
-0.91483,-0.052812,0.79445,0.63136,0.13541,0.97986,-0.65869,-0.31745
-0.63734,-0.52523,0.88218,0.26271,0.075173,0.53921,-0.62808,-0.39994
-0.85564,-0.24251,1.1103,0.31492,-0.03732,0.53501,-0.93038,-0.65057
-1.083,-0.46767,0.9684,0.44339,0.71683,0.50154,-0.68335,-0.35037
-0.97465,-0.39224,0.82869,0.38755,0.37823,0.32734,-0.4022,-0.84989
-0.9701,-0.25424,0.8357,0.58628,0.26541,0.85689,-0.95064,-0.56974
-1.373,-0.051422,1.2092,0.71146,0.59988,0.72955,-1.081,-0.59713
-1.0248,-0.43862,0.99359,0.32485,0.43001,0.24763,-0.50713,-0.72644
-1.1087,-0.27408,0.64635,0.33885,0.49553,0.5409,-0.58684,-0.46164
-0.77792,-0.42937,0.81661,0.62203,0.23584,0.48804,-0.93607,-0.49509
-1.2476,-0.046962,0.76013,0.28422,0.44231,0.65052,-0.64513,-0.28891
-0.88595,-0.08655,1.0631,0.16494,0.092834,0.61433,-0.9281,-0.74463
-0.77035,0.078047,0.71971,0.63755,0.53698,0.62699,-0.64675,-0.55642
-1.0583,-0.6009,0.59497,0.67394,0.34883,0.50111,-0.47807,-0.51605
-1.3304,-0.48066,0.87671,0.77868,0.76034,0.57498,-0.81807,-0.77121
-1.0053,-0.20173,0.80966,0.56435,0.33889,0.50962,-0.50064,-0.67116
-1.0563,-0.063441,1.1291,0.25695,0.52555,0.93464,-0.82205,-0.59244
-0.80549,-0.42034,0.94659,0.7798,0.5094,0.63701,-0.70361,-0.70311
-1.1593,-0.18762,0.71995,0.57262,0.31752,0.82026,-0.92197,-0.36667
-1.1767,-0.13554,0.84145,0.52119,0.32808,0.78029,-0.75756,-0.58492
-1.2546,-0.54808,1.1203,0.58254,0.32399,0.53532,-0.86365,-0.31569
-1.0267,-0.52541,0.95937,0.47381,0.34821,0.4666,-1.0112,-0.4024
-1.1099,-0.33605,0.99076,0.76625,0.31124,0.42381,-1.092,-0.27718
-1.045,0.10708,0.83725,0.57406,0.30919,0.9315,-0.63678,-0.4669
-1.0848,-0.56434,0.68269,0.61295,0.25179,0.42634,-0.97772,-0.54346
-1.0502,-0.21403,1.1235,0.63585,0.49418,0.80829,-0.51899,-0.29851
-1.3362,-0.48201,1.2483,0.5935,0.56344,0.65513,-0.88307,-0.60675
-0.97961,-0.4381,1.2158,0.5338,0.49114,0.6123,-0.46344,-0.49531
-1.2808,-0.17824,1.018,0.60892,0.63733,0.93593,-0.88627,-0.64508
-1.008,0.043873,1.1674,0.60347,0.018237,0.92291,-0.82625,-0.40525
-0.97884,-0.095011,1.165,0.47464,0.36555,0.77997,-0.69207,-0.60415
-1.1267,-0.12718,0.68953,0.50194,0.5014,0.72294,-0.94219,-0.51626
-1.1776,-0.10741,0.74111,0.74774,0.41976,0.63596,-1.0817,-0.59024
-1.0993,-0.0089433,1.3883,0.46016,0.41173,0.72437,-0.74453,-0.78609
-1.2122,-0.32123,1.0221,0.4468,0.48131,0.72606,-1.0715,-0.79586
-1.1748,-0.42534,0.87926,0.71873,0.35408,0.5959,-0.85123,-0.68868
-1.2443,-0.27788,0.68337,0.58659,0.57965,0.74357,-0.67952,-0.73089
-0.91128,-0.52657,0.99842,0.55683,0.28463,0.7588,-0.64322,-0.00074122
-1.0989,-0.395,0.90709,0.39606,0.43333,1.0039,-0.84784,-0.30529
-0.99298,-0.26865,0.54109,0.71629,0.56654,0.49053,-1.1231,-0.29873
-1.2292,-0.23618,1.0241,0.48223,0.18874,0.83517,-0.82384,-0.64046
-1.0394,-0.29619,1.1118,0.24309,0.42297,0.41222,-0.54071,-0.49998
-1.1955,-0.25378,1.1659,0.61677,0.786,0.62248,-0.73753,-0.65177
-1.4938,-0.028467,1.1291,0.60373,0.61841,0.96935,-0.61431,-0.34778
-1.2671,-0.071333,1.1644,0.45666,0.26095,0.93636,-0.93786,-0.18938
-1.163,-0.11907,1.03,0.62767,0.55346,0.79887,-1.008,-0.52416
-1.2605,-0.05142,1.3026,0.59934,0.36014,1.0612,-0.70144,-0.67998
-1.3062,-0.23411,1.0265,0.69122,0.40812,0.60778,-1.078,-0.27945
-1.2064,-0.47839,0.84287,0.50923,0.5855,0.61001,-0.50016,-0.56293
-1.1457,-0.36708,1.0625,0.53895,0.54186,0.88548,-0.9259,-0.74774
-1.2955,-0.14061,0.82475,0.54822,0.4052,0.71263,-0.67071,-0.67242
-1.133,-0.029959,1.0382,0.49455,0.63445,1.1622,-0.95229,-0.70393
-1.2192,-0.143,1.2646,0.24528,0.56661,0.91116,-1.1184,-0.23849
-1.1644,-0.32907,1.0085,0.85653,0.67369,0.91676,-0.8995,-0.83905
-1.1896,-0.24714,0.76547,0.56468,0.57008,1.1454,-0.47561,-0.19535
-1.3437,0.01801,1.0375,0.93623,0.43405,0.95495,-0.62139,-0.47001
-1.067,-0.64339,0.88122,0.15082,0.36365,1.0989,-1.0761,-0.50243
-1.2589,-0.12613,1.1288,0.78652,0.6419,0.98726,-0.96365,-0.50226
-1.2802,-0.44539,1.2841,0.57802,0.77656,0.83298,-0.93883,-0.459
-1.1081,-0.25778,0.94052,0.30832,0.54751,0.92343,-1.1119,-0.86995
-1.1632,-0.27852,1.1978,0.63733,0.42605,0.80797,-0.89765,-0.56353
-1.1047,-0.40903,0.90049,0.50123,0.32426,0.75376,-0.67799,-0.23205
-1.2171,-0.40554,1.151,0.87093,0.73693,1.0308,-0.93093,-0.37241
-1.0364,-0.29203,1.1569,0.69258,0.82629,0.85724,-0.87344,-0.27478
-1.3952,-0.28178,1.1187,0.81771,0.58182,0.9347,-0.68225,-0.7529
-1.2324,0.062989,0.67246,0.3903,0.19973,1.0265,-0.72223,-0.51649
-1.2096,-0.3045,0.83086,0.75672,0.80292,0.81611,-0.73492,-0.48228
-1.2366,-0.59363,1.0746,0.63147,0.27978,0.69594,-0.57837,-0.45848
-1.4326,-0.19097,1.1196,0.64093,0.83637,0.90551,-0.85506,-0.48536
-1.0375,-0.25945,1.1113,0.34261,0.78892,1.2004,-1.3629,-0.45876
-1.1482,-0.28358,0.8449,0.42152,0.25125,0.61307,-0.80686,-0.33684
-1.1774,-0.21509,1.2291,0.59618,0.28684,0.9207,-1.3377,-0.31364
-1.5504,-0.19591,0.97203,0.70528,0.57601,1.0026,-1.0574,-0.82371
-1.2611,-0.30395,1.1782,0.54881,0.726,0.91903,-0.9307,-0.63755
-1.1498,-0.29363,0.9531,0.88622,0.39274,1.1491,-0.80658,-0.43325
-1.2,-0.24625,1.0992,0.37852,0.63452,1.0889,-1.0229,-0.62143
-1.4602,-0.27777,1.0822,0.75148,0.67215,0.86823,-0.87971,-0.42395
-0.94639,-0.16785,1.3629,0.45024,0.6656,1.2501,-0.98186,-0.50195
-1.0835,-0.20626,1.3244,0.45558,0.58774,1.0856,-0.96713,-0.46593
-1.0973,-0.50488,1.1292,0.4236,0.50813,0.99933,-0.81599,-0.53782
-1.5909,-0.20676,1.2594,0.80622,0.59654,0.85288,-0.82608,-0.57674
-1.1638,-0.086077,1.0207,0.4652,0.6253,1.1989,-0.69754,-0.6555
-1.3101,-0.19565,1.4701,0.28469,0.61628,0.96109,-1.0531,-0.43152
-1.3529,-0.42954,1.0704,0.3488,0.54923,1.1812,-0.7655,-0.18824
-0.92544,-0.0032375,1.0681,0.57069,0.59853,1.0945,-0.99188,-0.52393
-1.2,-0.41754,0.91938,0.54686,0.64664,1.2055,-0.8737,-0.24787
-1.3279,-0.36008,1.0102,0.54788,0.47865,0.98355,-0.85914,-0.8342
-1.2766,-0.33438,1.1997,0.55908,0.73481,1.2608,-1.0374,-0.65879
-1.5603,-0.40531,1.3205,0.48344,0.47045,1.2791,-1.1139,-0.32396
-1.4947,-0.24045,0.78406,0.7662,0.45519,0.98044,-1.124,-0.45816
-1.0636,-0.2015,1.3353,0.81805,0.25893,1.1449,-1.0011,-0.3539
-1.2042,-0.19494,1.3352,0.88272,0.66737,1.0755,-0.99155,-0.26813
-1.2454,-0.25612,0.9508,1.0295,0.60497,1.3423,-1.3703,-0.352
-1.2752,-0.39027,1.0483,0.48752,0.67782,0.83179,-1.1562,-0.37735
-1.4263,-0.30517,1.0024,0.76418,0.31592,1.0146,-0.92617,-0.58305
-0.97977,-0.66439,1.1572,0.66112,0.76769,1.1681,-1.0558,-0.35346
-1.1861,-0.21992,1.3433,0.67373,0.20235,1.1978,-0.95443,-0.57177
-1.0893,-0.3584,1.3652,0.67261,0.79857,1.0468,-1.1976,-0.39951
-1.3046,-0.23636,1.0659,0.57926,0.71536,1.0148,-1.1384,-0.34602
-1.6063,-0.60013,1.4513,0.62574,0.69072,1.2749,-1.0485,-0.45498
-1.2863,-0.1155,1.0694,0.50462,0.6939,0.98077,-1.1987,-0.66009
-1.3193,-0.26384,1.3547,0.38768,0.61978,0.83059,-0.88122,-0.46428
-1.2704,-0.11838,1.4238,0.079044,0.26438,1.2939,-1.0245,-0.30266
-1.232,-0.39774,1.2246,0.63181,0.6454,1.0085,-0.85884,-0.49627
-1.3491,-0.43525,1.1553,0.67278,0.44076,1.1986,-1.1245,-0.23286
-1.2809,-0.30824,1.5059,0.68813,0.53149,1.5867,-1.1955,-0.2463
-1.4239,-0.31306,1.1063,0.80852,0.95505,1.1264,-0.89762,-0.71299
-1.1516,-0.07268,1.0758,0.81318,0.69475,1.0967,-0.74672,-0.52708
-1.1826,-0.47557,0.82469,0.37657,0.3146,1.205,-1.2014,-0.3801
-1.3691,-0.24187,1.0935,0.71364,0.67028,1.3465,-1.1575,-0.41091
-1.1792,-0.16648,1.3993,0.8057,0.73848,1.1986,-0.91085,-0.49222
-1.7462,-0.23043,0.91813,0.94719,0.70255,1.3778,-1.2315,-0.62504
-0.90567,-0.1582,1.2069,0.79413,0.75924,1.2546,-1.2398,-0.23937
-1.2779,-0.66334,0.90845,0.83885,0.47093,1.0852,-1.4278,-0.7392
-1.1779,-0.096057,1.378,0.73159,0.79536,0.99567,-0.96595,-0.48986
-1.3621,-0.27295,1.3132,0.56413,0.71396,1.1522,-1.2515,-0.51084
-1.274,-0.24193,1.2904,0.30566,0.61974,0.92327,-1.3124,-0.40196
-1.2444,-0.24846,1.2641,0.45818,0.71137,1.3492,-0.97072,-0.41443
-1.5368,-0.023407,1.2974,0.37644,0.78907,1.2488,-1.0057,-0.38377
-1.4894,-0.4773,1.0746,0.74006,0.47014,1.153,-1.3243,-0.30628
-1.0935,-0.047552,1.0161,0.58489,0.58822,0.94998,-1.1724,-0.20572
-1.1569,-0.20873,1.2186,0.68264,0.42769,0.96388,-1.225,-0.060454
-1.3026,-0.16741,1.1962,0.67152,0.65885,1.2452,-1.3074,-0.046432
-1.3571,-0.47853,1.0096,0.43504,0.67862,1.3199,-0.73653,-0.65184
-1.285,-0.20293,1.4505,1.2069,0.36264,1.4291,-0.70233,-0.57147
-1.352,-0.68109,1.106,0.67264,0.65275,1.1417,-1.2092,-0.17993
-1.5351,-0.4841,1.0544,0.92766,1.0683,1.3891,-1.0493,-0.78079
-1.3425,-0.42041,1.0836,0.74233,0.77875,1.1334,-1.265,-0.40805
-1.3674,-0.30837,1.2466,0.59841,0.39942,1.2159,-1.0831,-0.5411
-1.3949,-0.088173,0.90553,0.81267,0.87669,1.3536,-1.2252,-0.34773
-1.3746,-0.11589,1.0313,0.55839,0.68732,1.5074,-1.0648,-0.35729
-1.69,-0.1302,0.89454,1.2884,0.44826,1.0631,-1.2669,-0.37532
-1.4104,-0.40227,1.3392,0.99086,0.6343,1.1626,-1.3808,-0.28471
-1.5358,-0.1785,1.2707,0.77095,0.58632,1.3799,-1.1176,-0.63589
-1.65,-0.12794,1.1736,0.92602,0.51153,1.1057,-0.94775,-0.54424
-1.2698,-0.44768,1.4491,0.52858,0.52941,1.3318,-1.2782,-0.3521
-1.3208,-0.19377,1.0508,0.95331,0.89721,0.98555,-1.4152,-0.67544
-1.1304,-0.31963,1.1462,0.71536,0.60502,0.90984,-1.4145,-0.35935
-1.3047,-0.17647,1.1183,0.76933,0.43333,1.3694,-1.4932,-0.25102
-1.0899,-0.19149,0.73297,0.36622,0.87872,1.3513,-1.5829,-0.5864
-1.3633,-0.21489,1.0947,0.63944,0.5869,1.3108,-1.368,-0.42811
-1.6347,0.15315,1.2016,0.39569,0.56988,1.0059,-1.2253,-0.40524
-1.2968,-0.034947,0.93955,0.85896,1.1648,1.4877,-1.3511,-0.28776
-1.4934,0.031119,1.2419,0.96666,0.56914,1.4228,-1.2613,-0.61108
-1.7027,-0.087711,1.0956,0.66825,0.66133,1.4591,-1.1752,-0.94424
-1.1477,-0.26017,1.1937,1.0975,0.73911,1.4485,-1.6221,0.022722
-1.6327,-0.29607,1.2012,0.70874,0.64139,1.2972,-1.4993,-0.61158
-1.4593,-0.094296,1.2362,0.83441,0.53782,1.101,-1.4984,-0.16478
-1.2341,-0.56542,1.086,0.82162,0.73428,1.16,-1.6157,-0.54781
-1.4901,-0.61694,1.3168,0.44665,0.52958,1.0846,-1.1576,-0.30561
-1.5324,0.008012,1.0715,0.97956,0.67518,1.4829,-1.2838,-0.36834
-1.0702,-0.061945,1.0101,0.7221,0.69987,1.2978,-1.2526,-0.37054
-1.2399,0.13906,0.95899,0.69649,0.47795,1.3429,-1.5018,-0.29019
-1.4604,0.078128,1.1059,0.74254,0.54318,1.3049,-1.264,-0.10917
-1.5707,-0.057506,0.83825,0.7597,0.35827,1.0858,-1.1664,-0.49875
-1.5465,-0.50898,0.86316,0.7403,0.91486,1.1828,-1.1765,-0.23677
-1.4294,0.0011344,1.1533,0.87487,0.76423,1.569,-1.4331,-0.29765
-1.4302,-0.35966,1.3106,0.81468,0.90769,1.2976,-1.2436,-0.17688
-1.2179,-0.0201,1.5225,0.87953,0.52468,1.342,-1.015,-0.28285
-1.4861,-0.24962,0.87562,1.0244,0.81969,1.0369,-1.2709,-0.53568
-1.2443,-0.18895,0.72266,0.90626,0.60695,1.2576,-1.0434,-0.3291
-1.6269,-0.3127,1.2135,0.52257,0.75258,1.5153,-1.182,-0.22492
-1.6218,-0.037705,0.82321,0.615,0.84518,1.0795,-1.4113,-0.56407
-1.419,-0.33914,1.1372,0.62792,0.66528,1.3591,-1.4892,-0.40523
-1.215,-0.012549,0.84008,0.91767,0.37612,1.2825,-1.3657,-0.11094
-1.725,-0.32459,0.96064,0.78171,0.73689,1.3903,-1.4848,-0.45597
-1.2694,-0.086307,1.1352,1.0147,0.77796,1.212,-1.2937,-0.22299
-1.7694,-0.13783,1.0517,0.76541,0.57763,1.6275,-1.4399,-0.4695
-1.5203,-0.32001,0.87477,0.69874,0.65741,1.4017,-1.4668,-0.36744
-1.8947,-0.29376,0.98398,0.79749,0.84994,1.4825,-1.4601,-0.3424
-1.2829,-0.10435,0.95433,1.2376,0.48401,1.2217,-1.1351,-0.24244
-1.4463,-0.15978,1.1057,0.99565,0.70879,1.0834,-1.1692,-0.59602
-1.424,-0.085687,1.2194,0.95278,0.62113,1.1965,-1.5102,-0.14845
-1.4983,-0.33426,0.99066,0.57366,0.75569,1.3824,-1.0454,0.11845
-1.3361,-0.033746,1.2583,0.83572,0.5106,0.94593,-1.3652,-0.22314
-1.4211,-0.48403,1.2555,0.67721,0.61376,1.4709,-1.2834,-0.41497
-1.2569,0.085108,0.82351,0.71954,0.7052,1.2741,-1.3028,-0.13264
-1.5384,0.011933,1.1361,0.3489,0.72107,1.7032,-1.5533,-0.27136
-1.6409,-0.17068,0.9479,0.91151,0.55236,1.0246,-1.3675,-0.37066
-1.7398,-0.21763,0.68194,1.0206,1.1679,1.0193,-1.2437,-0.14812
-1.5764,0.12028,0.93749,0.75825,0.83644,1.1284,-1.4369,0.02415
-1.5812,-0.21828,0.96882,1.0473,0.3186,1.6303,-1.6697,-0.47698
-1.6871,-0.36426,0.96098,0.70066,0.89911,1.4678,-1.3366,0.17809
-1.3471,-0.098143,0.8555,1.0631,0.88166,1.5205,-1.3645,-0.59145
-1.4312,0.1885,0.92516,0.76939,0.75372,1.375,-1.2427,-0.023405
-1.1825,-0.1296,0.91069,0.93727,0.88494,1.3934,-1.1969,-0.54849
-1.7553,0.065079,0.81767,0.69386,1.0254,1.1679,-1.5011,-0.21001
-1.4092,-0.30749,0.90554,0.68733,0.60777,1.3882,-1.5927,-0.36941
-1.4887,-0.45209,1.0434,0.59581,0.61047,1.6118,-1.2578,-0.021564
-1.4443,0.002419,1.1026,1.0557,0.86569,1.4698,-1.3163,-0.20932
-1.4861,-0.44472,0.73433,0.78635,0.50967,1.3274,-1.3167,-0.28855
-1.659,-0.13375,0.89476,0.6649,0.97341,1.4748,-1.2648,-0.25191
-1.6743,-0.44902,0.83569,0.9468,0.91311,1.37,-1.5278,-0.33783
-1.5572,-0.017044,1.0111,0.69471,0.85583,1.7869,-1.4039,-0.41759
-1.4781,-0.24526,0.99726,0.66823,0.5549,1.7681,-1.274,-0.40586
-1.5929,-0.14578,1.0013,1.0468,0.81373,1.4179,-1.1914,-0.41402
-1.375,-0.18679,1.06,0.92849,0.75064,1.3927,-1.5732,-0.14748
-1.43,0.081455,1.068,0.94265,0.85747,1.3948,-1.6485,-0.19695
-1.6942,-0.22156,0.60818,0.99601,0.56917,1.2013,-1.5885,-0.18018
-1.9394,0.17824,1.2679,0.82283,0.95788,1.5294,-1.7987,-0.27222
-1.3252,0.10071,0.86865,0.6643,0.45479,1.375,-1.4243,0.015866
-1.6052,-0.25733,1.084,0.90939,0.3634,1.7447,-1.5672,-0.21804
-1.7832,0.029662,0.68478,0.84374,0.65289,1.3864,-1.5674,-0.2799
-1.7474,-0.22485,0.86373,0.5623,0.87314,1.4059,-1.6955,-0.31054
-1.3021,-0.13995,1.0046,0.90931,0.49928,1.3806,-1.3561,0.13678
-1.606,-0.19945,0.90037,0.7893,0.74628,1.3331,-1.4063,-0.44
-1.2777,-0.35288,0.49682,0.81195,0.92919,1.2597,-1.5058,-0.15327
-1.4854,-0.20137,0.74049,0.80834,0.55836,1.461,-1.2754,-0.32963
-1.7687,-0.20496,0.80697,0.79173,0.77262,1.3378,-1.4465,-0.1582
-1.6426,-0.41903,0.90217,0.7726,0.8955,1.3763,-1.0926,-0.073306
-1.7744,-0.2778,0.76548,0.65675,0.6632,1.1659,-1.4403,-0.059467
-1.5593,0.097819,0.89925,0.60586,0.78201,1.3553,-1.7375,0.18498
-1.5892,0.083762,0.98306,0.93166,0.89352,1.6007,-1.6501,-0.35185
-1.7509,-0.38367,0.91777,1.0159,0.63042,1.7198,-1.2728,-0.14531
-1.5361,-0.050593,0.84405,0.73913,0.7941,1.3475,-1.3117,-0.27969
-1.7058,0.35617,0.76012,0.84863,0.69782,1.24,-1.247,-0.090048
-2.0007,-0.28334,0.72481,1.1523,0.96742,1.4484,-1.4576,-0.25253
-1.7835,-0.080382,0.69168,1.0064,0.5506,1.3672,-1.3171,0.080698
-1.7041,-0.17554,0.45879,0.66002,0.63907,1.4318,-1.3877,-0.49056
-1.3891,0.067924,0.74608,1.2175,0.7496,1.5826,-1.3189,0.15434
-1.5891,-0.21118,1.0517,1.1578,0.75127,1.5975,-1.327,-0.41974
-1.7528,0.12573,0.64937,0.91661,0.53658,1.6337,-1.5113,-0.20583
-1.7252,-0.42237,0.42392,1.0815,0.52516,1.4905,-1.3558,-0.19678
-1.557,0.13409,1.0261,0.87267,0.38608,1.6374,-1.4284,0.20262
-1.7065,-0.30162,0.72662,0.95185,0.70456,1.6386,-1.3412,-0.2301
-1.6136,0.44016,0.71992,0.89084,0.8732,1.4868,-1.3777,-0.082614
-1.8182,0.12461,0.6243,0.71116,0.58928,1.6055,-1.7782,0.10439
-1.5312,0.13936,1.0324,0.93687,0.34942,1.6465,-1.8068,-0.35141
-1.491,0.15923,1.0197,0.99672,0.41177,1.4281,-1.54,0.43073
-1.9455,-0.039071,0.8803,0.91778,0.66568,1.6106,-1.6055,-0.22161
-1.4539,0.0208,0.88764,0.87396,0.49592,1.2691,-1.456,0.26315
-1.482,-0.013891,0.53494,0.85715,0.68988,1.7299,-1.5239,-0.060226
-1.4563,0.18696,0.58723,0.81905,0.86621,1.6809,-1.4637,-0.14582
-1.6431,0.22169,0.9686,1.2183,0.57648,1.3826,-1.4071,-0.090281
-1.6308,-0.12835,0.88468,0.81826,0.6803,1.1704,-1.7242,-0.30085
-1.8785,-0.25258,0.64965,0.57369,0.8022,1.1799,-1.4928,-0.15557
-1.5887,-0.10486,0.74812,1.0108,0.38813,1.5158,-1.4787,-0.15571
-1.6333,0.11343,1.181,1.0347,0.82828,1.4822,-1.5904,-0.12525
-1.6745,0.25876,0.68988,1.3183,0.6324,1.7297,-1.7657,-0.44278
-1.6552,0.049033,0.55312,0.85939,0.60687,1.4659,-1.8079,0.16063
-1.672,-0.037354,0.66851,1.0093,0.66958,1.2476,-1.7193,-0.30237
-1.7694,0.21974,0.54983,0.83816,0.22277,1.3087,-1.6817,0.0048505
-1.5597,0.19397,0.84604,0.84003,0.59314,0.98644,-1.4878,0.12648
-1.9259,-0.19766,0.68778,0.79793,0.8161,1.2135,-1.5998,0.14049
-1.5228,-0.09057,0.77691,1.2339,0.82734,1.9326,-1.5589,0.17976
-1.5063,-0.23035,0.73222,0.5654,0.60678,1.081,-1.4024,0.28261
-1.4552,0.14202,0.53013,1.0517,0.37117,1.5629,-1.7805,0.0047716
-1.7928,-0.12283,0.4711,0.67855,0.53338,1.6121,-1.4479,-0.27089
-2.2526,0.011543,0.79465,1.1307,0.69994,1.4261,-1.5213,-0.16877
-1.7999,-0.016679,0.45823,1.0169,0.31402,1.1825,-1.8923,-0.17632
-1.6602,-0.32476,0.71834,1.0222,0.37376,1.5884,-1.3078,0.11125
-1.602,-0.015005,0.6781,0.84994,0.67233,1.539,-1.8347,-0.13981
-1.4767,-0.12012,0.74469,0.99273,0.5307,1.59,-1.4266,0.23609
-1.6105,-0.016373,0.66703,0.68407,0.71997,1.326,-1.358,0.47504
-1.921,-0.14729,0.67604,1.027,0.57561,1.24,-1.7614,-0.02731
-1.5678,-0.18706,0.42201,0.91437,0.61795,1.1455,-1.7833,-0.24244
-1.8882,-0.3403,0.8614,0.93512,0.9158,1.6007,-1.7775,-0.20391
-2.1723,-0.22918,0.52137,0.87936,0.78603,1.1719,-1.5149,-0.28464
-1.4916,0.075317,0.59849,0.79389,0.33013,1.6636,-1.6118,-0.18625
-1.6408,-0.092814,0.75796,1.2019,0.72076,1.2215,-1.4645,-0.25599
-1.9895,0.39675,0.80749,1.106,0.4012,1.5573,-1.5815,-0.19357
-1.7002,0.18979,0.56327,1.0576,0.57771,1.3678,-1.6687,0.08308
-1.6758,-0.072102,0.40911,1.061,0.41577,1.5363,-1.6249,-0.043755
-1.6654,0.041241,0.36133,1.2488,0.77552,1.3809,-1.6006,0.12785
-1.7721,0.056387,0.39754,1.1412,0.31287,1.4901,-1.2511,-0.19149
-1.7104,-0.49915,0.71551,1.0057,0.42684,1.6195,-1.8058,-0.27674
-1.7049,-0.37052,0.83404,1.0364,0.21724,1.5073,-1.2247,-0.22913
-1.5017,0.10149,0.30834,1.2339,0.49781,1.5871,-1.2198,-0.20845
-1.768,0.075243,0.60508,1.2309,0.25417,1.5823,-1.4854,-0.0094368
-1.8918,0.11987,0.78126,1.2754,0.55481,1.1302,-1.4419,-0.22765
-1.9055,-0.073642,0.35895,0.91755,0.48175,1.3108,-1.7273,0.13069
-1.5863,0.01664,0.64595,1.0615,0.56345,1.2375,-1.4991,0.13061
-2.1765,0.037442,0.59927,0.91732,0.3701,1.1824,-1.5322,-0.28472
-1.4813,-0.23149,0.70592,0.92084,0.51494,1.7051,-1.6016,-0.079255
-1.6191,-0.1487,0.50596,1.0048,0.41421,1.7116,-1.7765,0.27417
-1.5245,-0.017164,0.41149,1.0018,0.7427,1.2924,-1.2808,-0.049726
-1.6367,-0.18853,0.34654,1.0075,0.68047,1.4555,-1.6391,-0.052862
-1.7578,0.12401,0.16314,0.87876,0.35928,1.4158,-1.7286,0.066639
-2.0139,0.010766,0.45853,1.0811,0.52254,1.247,-1.776,0.023198
-1.8623,0.037954,0.66486,1.1761,0.63631,1.4035,-1.4618,-0.23679
-1.5271,0.11616,0.55173,0.98784,0.64078,1.2575,-1.5695,0.068103
-1.6836,-0.23014,0.37522,1.0776,0.41512,1.6556,-1.6759,-0.30009
-1.5792,-0.067262,0.61993,0.99612,0.76775,1.5032,-1.7248,0.34611
-1.5811,0.074663,0.44522,1.0821,0.25386,1.6401,-1.9441,-0.063398
-1.4264,-0.099327,0.75954,0.91686,0.053462,1.273,-1.5612,-0.14394
-1.7475,-0.12889,0.07389,1.0156,0.40437,0.80526,-1.1332,0.1863
-2.0353,-0.067072,0.59016,0.93585,0.3956,1.5136,-1.5516,0.14344
-1.8625,0.02663,0.49478,0.94775,0.44012,1.3298,-1.6239,-0.12862
-1.5513,0.18161,0.59359,1.3538,0.71417,1.0948,-1.3177,0.01894
-1.6382,-0.068236,0.45909,0.88962,0.44641,1.3186,-1.589,0.028197
-1.638,0.016007,0.52195,1.2156,0.47914,1.3948,-1.8973,-0.3649
-1.889,0.22335,0.70512,0.9751,0.40151,1.1602,-1.5356,-0.20015
-1.7183,0.10306,0.6247,1.1961,0.42956,0.98151,-1.6935,-0.010118
-1.7439,0.098858,0.37404,1.3688,0.42203,1.6275,-1.3334,-0.1288
-2.1946,0.06891,0.055829,0.98821,0.6607,1.3094,-1.7209,-0.13071
-1.6305,0.28203,0.39682,1.0737,0.18946,1.2384,-1.6744,0.13793
-1.7651,-0.023276,0.26376,1.0795,0.7325,1.0927,-1.5351,-0.17486
-1.7287,-0.1638,0.45143,1.0462,0.30339,1.3858,-1.4963,0.15796
-1.9564,0.14323,0.40898,1.3619,0.71494,1.3365,-1.279,-0.24257
-1.7167,0.22474,-0.031063,1.2726,0.55391,1.4671,-1.705,-0.065865
-1.8673,0.082495,0.35959,1.1994,0.20495,1.243,-1.4209,0.10372
-1.8865,0.13561,0.68681,1.0561,0.026573,1.123,-1.5927,0.10591
-1.6136,0.10443,0.52352,1.0098,0.49585,1.3477,-1.406,0.13696
-1.3774,-0.0064264,0.36721,1.4081,0.62649,1.4566,-1.2341,0.080162
-2.0903,0.084905,0.33306,0.86555,0.71544,1.1051,-1.7551,0.085633
-1.7499,-0.023676,0.33149,0.95814,0.36147,1.2198,-1.4565,0.39927
-1.9201,0.081749,0.12974,1.2277,0.55047,1.283,-1.5875,0.23918
-1.7048,-0.13424,0.3468,0.87795,0.37283,1.3042,-1.7283,-0.19472
-2.0386,-0.071752,0.24506,1.2993,0.21628,0.94331,-1.3955,-0.29271
-1.6322,0.26729,0.13091,1.0102,0.31135,1.2285,-1.3336,-0.15871
-1.7121,-0.21237,0.44031,1.1691,0.7572,1.2479,-1.387,-0.25454
-1.6836,-0.067595,0.4073,1.4649,0.7726,1.195,-1.9377,-0.34085
-1.6179,0.39477,0.42158,1.0762,0.27474,1.2289,-1.2718,-0.34806
-1.7014,0.0019919,0.20218,1.258,0.40162,1.2646,-1.5751,0.095044
-1.7261,0.15485,-0.069636,1.1224,0.43026,1.2008,-1.4272,-0.019175
-2.1435,-0.084384,0.15765,1.3772,0.21737,1.253,-1.4893,0.17834
-1.769,-0.41473,0.45221,1.1485,0.52357,1.2258,-1.6216,0.070002
-2.0136,-0.14348,0.038574,1.1377,0.48929,1.3119,-1.4583,-0.052819
-1.5916,0.20265,0.25562,1.0362,0.10232,1.1144,-1.5588,-0.13972
-1.6384,-0.00032625,0.41862,1.045,0.66673,1.4338,-1.6064,-0.085159
-1.569,-0.11459,0.33932,1.3108,0.17919,1.2929,-1.4001,-0.19272
-1.7866,-0.29385,0.23953,1.4462,0.54288,1.3478,-1.3767,-0.065262
-1.6858,0.048261,0.096517,1.1028,0.48114,1.164,-1.5704,-0.0070834
-1.8947,0.2094,-0.15758,1.2881,0.24841,1.2664,-1.3777,-0.11213
-1.8389,-0.020556,0.34535,1.0221,0.33205,1.3482,-1.5564,0.072376
-1.868,0.25166,0.82494,1.1656,0.34535,1.1377,-1.2992,-0.10821
-1.4336,-0.031087,0.35111,1.507,0.45502,1.3049,-1.5004,0.030319
-1.4455,0.048911,0.26154,1.4809,0.71826,1.4599,-1.318,0.082195
-1.5576,0.19775,0.50685,1.2814,0.36836,1.1463,-1.5347,0.039773
-1.8631,-0.35623,0.072798,0.91939,0.50121,1.099,-1.4994,-0.085375
-1.8408,-0.025404,0.34742,0.89901,0.51071,1.1787,-1.6057,-0.085748
-2.0375,0.089024,0.2749,1.2488,0.62794,1.1669,-1.5363,-0.13114
-1.7627,-0.28346,0.01891,0.89576,0.61104,1.3043,-1.4351,-0.18408
-1.8591,0.28474,0.015894,0.99083,0.37085,1.3169,-1.7941,0.019202
-1.5251,0.20533,0.2963,1.3394,0.16261,1.2161,-1.427,0.17594
-1.9483,-0.23649,0.22541,1.4106,0.49912,1.0574,-1.3697,-0.25937
-1.5665,0.018324,0.26302,1.0861,0.60397,0.95101,-1.5811,0.17706
-1.4386,-0.048996,0.15951,1.0656,0.21178,1.1766,-1.455,-0.019863
-1.3451,0.09841,0.42939,1.0545,0.17661,1.1494,-1.3543,-0.078252
-1.6368,-0.044973,-0.16037,1.2024,0.22349,1.358,-1.1079,-0.08397
-1.8222,-0.0021903,0.11233,1.3283,0.25784,1.1223,-1.6028,0.02176
-1.8026,0.0016249,0.641,1.3981,0.11542,1.0969,-1.1619,-0.31647
-1.7868,0.11955,0.26049,1.1984,0.59373,1.5584,-1.5977,-0.46131
-1.4201,-0.10117,0.071889,0.79364,0.27204,0.97183,-1.4302,-0.08303
-1.608,0.10877,0.22173,1.2294,0.3625,1.5923,-1.4435,-0.20962
-1.6747,0.22204,0.28942,1.532,-0.048267,1.1171,-1.6352,-0.35549
-1.8926,0.030732,0.31449,0.94434,0.44569,0.89494,-1.6621,-0.1192
-1.6963,0.19155,0.3734,1.3355,0.2893,1.1233,-1.4059,-0.34532
-1.7658,0.17883,-0.078324,1.1528,0.59631,0.81081,-1.2516,-0.18466
-1.6746,0.17118,0.33371,1.4116,0.46375,1.0437,-1.4984,0.083572
-2.1748,-0.03058,0.31958,1.19,0.20532,1.1964,-1.2689,0.16558
-1.7932,0.063949,0.030231,1.1596,0.2251,1.1676,-1.2822,-0.22833
-1.5734,-0.1573,-0.082374,0.90198,0.24025,1.0751,-1.3041,-0.46855
-1.8687,-0.012724,-0.052727,1.4688,0.4996,1.2911,-1.4326,0.24657
-1.7237,0.061977,0.15968,1.2286,0.36998,1.2009,-1.2815,-0.021336
-2.0006,0.19224,-0.24822,0.99152,0.23615,1.1802,-1.3546,0.021467
-1.7682,-0.132,0.17165,1.1728,0.20249,1.0197,-1.1052,0.16579
-1.9275,-0.065277,0.14381,1.3352,0.6576,0.85511,-1.3875,-0.10962
-1.3274,0.071459,0.10095,1.219,0.29449,0.98473,-1.3666,0.037527
-1.6961,0.071429,0.17908,0.93508,0.49468,1.0267,-1.5911,0.048396
-2.0063,0.21008,-0.24392,1.1626,0.17812,1.0689,-1.426,0.36048
-1.9203,-0.12788,-0.026259,1.2894,0.30303,1.1253,-1.4699,0.25054
-1.8666,0.070578,0.20893,1.3534,0.27877,1.1166,-1.108,-0.010945
-1.8522,0.10983,0.15177,1.0267,0.14128,1.0672,-1.2755,-0.10799
-1.88,0.43677,0.5254,1.3916,0.52726,0.83575,-1.3929,0.15909
-1.4882,-0.24241,0.13777,1.5075,0.070764,1.2042,-1.3381,-0.018432
-1.6488,-0.002133,-0.010155,1.7408,0.53171,0.75514,-1.3333,0.055683
-1.6405,0.14984,-0.07653,0.94383,0.52027,1.1338,-1.2471,0.047137
-1.6383,-0.12319,0.40872,1.4048,-0.082795,1.379,-1.302,-0.097003
-1.4909,0.042349,0.34656,1.27,-0.093659,1.1578,-1.5475,0.085797
-1.7365,0.16613,0.16717,1.4762,0.11164,0.99149,-1.0967,0.11366
-1.8925,0.073362,0.39513,0.9483,0.17599,0.92837,-1.5831,0.082693
-1.7975,-0.13161,-0.054101,1.0744,0.2409,1.0309,-1.1651,0.22259
-1.617,0.035234,0.23368,0.84556,-0.10631,1.3471,-1.4255,-0.16822
-1.5815,-0.0043747,-0.13249,1.3686,0.014115,1.113,-1.1129,0.25012
-1.6068,0.11271,-0.11012,1.3057,0.07259,1.0537,-0.8781,-0.075369
-1.7539,0.3087,-0.13083,1.4828,0.0576,1.0573,-1.3261,-0.35101
-1.7586,-0.011616,0.030491,1.3394,0.37557,1.2183,-1.1159,0.034147
-1.5714,-0.080103,0.018208,1.1415,0.028169,0.91688,-1.3603,0.12087
-1.9574,-0.14754,-0.030909,1.1086,0.39644,0.95281,-1.1997,0.14098
-1.7226,0.3026,-0.1417,1.0284,0.043016,0.92578,-1.3571,-0.29268
-2.0421,0.12236,-0.21681,1.3135,0.28978,0.87485,-1.4813,-0.329
-1.8848,0.085173,0.094239,1.4239,0.085123,1.0341,-1.3815,-0.24328
-1.5379,0.28719,0.11151,1.1636,0.26544,0.78099,-1.4603,-0.15143
-1.4759,-0.074891,0.0013483,1.1989,-0.13544,0.89363,-0.92318,-0.094936
-1.6691,0.56121,0.28136,1.3359,0.0012836,0.85124,-1.4783,-0.010017
-1.6758,0.031877,-0.058571,1.2971,0.093442,0.72748,-1.1918,0.089647
-1.8958,0.089218,-0.03754,1.3964,0.054783,1.0281,-1.1359,0.017025
-1.8415,0.082503,-0.04801,1.3802,0.29147,1.2061,-1.1604,-0.17391
-1.5256,-0.032127,-0.090431,1.064,-0.13763,0.85753,-1.0074,0.1418
-1.8141,-0.086724,0.15595,1.3255,-0.16057,0.95999,-1.1074,0.1357
-1.6943,0.20784,-0.14977,1.3527,0.083092,1.3733,-1.1938,-0.27347
-1.4393,0.053451,-0.01203,1.1288,0.021454,1.1356,-1.3276,-0.18077
-1.82,0.040136,-0.044784,1.0553,0.11453,1.0515,-1.0353,-0.22147
-1.6327,0.12321,-0.30425,1.395,0.016021,0.73704,-1.201,0.072517
-1.7624,-0.11407,-0.28722,1.4922,0.051901,0.91843,-1.2051,-0.041187
-1.6411,0.24295,-0.028593,1.2407,-0.064426,0.7943,-0.90842,-0.040589
-1.8703,-0.16695,-0.010644,1.6792,-0.027171,1.0071,-1.3077,0.030407
-1.6292,0.23876,-0.16238,1.3708,0.0011819,0.84411,-1.3287,0.047735
-2.0108,0.20166,-0.057772,1.1672,0.024609,0.94969,-1.2021,-0.11098
-1.4728,-0.066546,-0.089237,1.4264,0.22025,0.86097,-1.2466,-0.2874
-1.4888,0.19787,0.14049,1.1085,0.41841,0.70347,-1.113,-0.13894
-1.3335,-0.30239,-0.32343,1.2124,0.18235,1.0618,-1.118,-0.31236
-1.7732,-0.049635,-0.13796,0.90859,0.20363,0.95771,-0.88199,-0.34445
-1.3453,0.08945,-0.17658,1.3269,0.086807,0.61378,-0.99226,-0.015293
-1.6572,0.2919,-0.056609,1.0373,-0.042531,0.83151,-0.92073,-0.060035
-1.4696,-0.060423,0.056712,1.672,-0.13445,0.70926,-0.97259,-0.26581
-1.722,-0.18165,0.066131,0.9092,-0.22452,0.77047,-1.3758,-0.34818
-1.4176,0.12015,0.13493,1.4286,-0.17253,0.65338,-1.0983,-0.1457
-1.5412,0.21767,-0.055585,1.3765,0.13529,0.92109,-1.089,-0.18428
-1.18,0.22363,-0.15628,1.2283,-0.082671,1.0135,-0.64515,-0.22243
-1.4226,-0.14077,0.31959,1.2658,0.08575,0.54333,-0.81682,-0.3571
-1.5725,-0.036791,-0.11036,1.6028,0.016458,0.91857,-1.2597,-0.3719
-1.5169,0.058426,0.06771,1.5306,0.20465,1.119,-1.0967,-0.45616
-1.7081,0.13026,-0.32648,1.1006,-0.096642,0.98879,-1.2232,-0.46336
-1.7485,0.14221,-0.3564,1.3386,0.28013,0.95657,-1.1808,-0.19255
-1.5948,0.23337,0.074377,1.7024,-0.029936,1.1761,-1.0139,-0.14109
-1.5875,0.12316,0.0038768,1.4996,0.15476,0.98179,-0.98358,0.083323
-1.588,0.080551,-0.14298,1.3908,-0.014237,0.61616,-1.0829,-0.24438
-1.6433,-0.2153,-0.013616,1.7394,0.098541,0.85048,-1.2198,-0.2262
-1.3714,-0.23916,-0.042697,1.0607,-0.11291,1.093,-1.0164,-0.017614
-1.3289,0.12757,-0.10285,1.0776,0.19211,0.87673,-1.1708,-0.25068
-1.6796,0.21041,0.15661,1.5499,0.011369,0.70398,-0.80461,-0.37438
-1.8505,-0.10603,-0.21026,1.3733,0.27138,0.73295,-0.82626,-0.31552
-1.5463,0.37975,0.070228,1.4854,0.21294,0.99786,-1.0537,-0.41471
-1.6565,0.27464,-0.090562,1.004,-0.21503,0.87193,-1.1434,-0.51464
-1.5442,-0.11246,-0.087167,1.5929,0.13852,0.88177,-0.87135,-0.43655
-1.4817,0.023763,-0.24834,1.0298,-0.16687,0.78717,-1.0328,-0.18501
-1.3978,0.12002,-0.25388,1.0179,0.11764,0.73844,-0.91,-0.38154
-1.7594,0.087207,-0.42396,1.1865,-0.42072,1.1882,-0.84902,-0.19327
-1.7198,-0.17208,-0.079987,0.98583,0.035508,0.82133,-0.51189,-0.63477
-1.5692,0.12854,-0.21144,1.4358,0.015485,0.75767,-0.66513,-0.078227
-1.5955,-0.084821,-0.046563,1.4324,-0.08433,0.87085,-1.1057,-0.0926
-1.6195,0.016921,0.12454,1.1092,0.081603,0.67651,-0.78207,-0.37555
-1.4525,0.10764,-0.025923,1.4482,-0.1984,0.97918,-0.99905,-0.52698
-1.491,0.11051,-0.10917,1.3232,0.0704,0.81768,-1.1799,0.069436
-1.2757,-0.072181,-0.08567,1.5976,-0.055564,0.99307,-1.0076,-0.14126
-1.3349,-0.33285,-0.1339,1.3512,-0.10353,0.79174,-0.85618,-0.55189
-1.9209,-0.24503,-0.19999,0.99989,-0.031302,0.79479,-0.89938,-0.14986
-1.3844,0.27804,0.057302,1.4193,-0.11509,0.80935,-0.90414,-0.40985
-1.4023,-0.15283,-0.60944,1.1978,-0.44013,0.86882,-1.1136,-0.29924
-1.3902,-0.11023,-0.1644,1.2212,0.22581,0.79166,-0.66771,-0.43598
-1.3679,0.026925,0.094762,1.0316,0.18219,1.1497,-0.67148,-0.54359
-1.3739,0.081899,-0.20158,1.3553,-0.10145,0.88015,-1.1042,-0.58957
-1.7357,-0.33626,0.34243,1.2522,-0.3022,0.93534,-0.81788,-0.42067
-1.3988,0.054251,0.14019,1.3812,0.025661,0.89626,-0.91778,-0.32207
-1.1614,-0.11789,0.15829,1.1902,-0.076852,0.67519,-0.83159,-0.52477
-1.6491,-0.12215,0.35993,1.075,0.12031,0.82954,-1.1869,-0.22096
-1.269,0.18034,-0.24147,1.4107,-0.033442,0.82044,-0.59791,-0.41674
-1.6715,-0.054526,-0.063543,0.92365,-0.11177,0.62244,-0.95235,-0.31652
-1.5438,-0.16819,-0.12281,1.6203,0.20611,0.65901,-0.75455,-0.32303
-1.5654,0.3689,-0.059948,1.3005,-0.0072513,0.56925,-1.1604,-0.38697
-1.4342,-0.14479,-0.023839,1.3124,-0.14469,0.65396,-0.63939,-0.43725
-1.5154,0.24431,0.02374,1.2605,-0.15889,0.62953,-0.86849,-0.18512
-1.4437,0.28553,-0.22798,1.4559,0.2823,0.79291,-0.7938,-0.3717
-1.4593,0.0552,-0.0099813,1.5261,-0.14192,0.62552,-0.96003,-0.48764
-1.5228,-0.13259,-0.20013,1.2235,-0.064352,0.65926,-0.66788,-0.50349
-1.2494,0.068173,-0.082475,1.3067,0.026256,0.72299,-0.81355,-0.33996
-1.3619,-0.10053,-0.07749,1.3613,-0.038775,1.0033,-0.84,-0.65315
-1.498,-0.30447,0.0013255,1.1473,-0.066237,0.76513,-0.74545,-0.061144
-1.4568,0.15481,-0.10768,1.2043,-0.14819,0.85591,-0.52533,-0.46246
-1.5467,0.23045,-0.055958,1.3895,-0.18236,0.91373,-0.47844,-0.56532
-1.2974,-0.05421,-0.12519,1.6052,-0.23076,0.83821,-0.82916,-0.44959
-1.5186,0.26539,0.13132,1.1568,0.011791,0.92343,-0.91918,-0.27915
-1.8325,-0.13019,-0.39383,1.4533,-0.20868,0.65901,-0.55711,-0.53126
-1.1285,0.012711,-0.020407,1.2682,-0.080283,0.48216,-0.8157,-0.12968
-1.3055,0.012069,0.011861,1.6079,-0.29447,0.80744,-0.92188,-0.25524
-1.5694,0.21829,0.13683,1.3244,-0.28246,0.62009,-0.71089,-0.53733
-1.5804,0.38905,0.10781,1.3514,-0.13148,0.56641,-0.69189,-0.31521
-1.2507,-0.053306,-0.076283,1.267,-0.31337,0.70169,-0.70503,-0.17379
-1.3674,0.27836,0.1536,1.6735,-0.052449,0.91118,-0.89276,-0.50544
-1.3306,0.20117,-0.18074,1.4141,-0.22923,0.84516,-0.52523,-0.36326
-1.0027,-0.23812,0.17427,1.3809,0.013036,0.68983,-0.89941,-0.33407
-1.3239,-0.18733,-0.19528,1.5946,0.049012,0.64995,-0.83604,-0.40602
-1.5434,-0.2842,-0.14557,1.3008,0.020894,0.68723,-0.60722,-0.47402
-1.4089,0.14476,-0.15222,1.6747,-0.19426,0.70503,-0.72463,-0.58808
-1.5503,-0.12402,-0.096204,0.95054,-0.11952,0.84734,-0.90691,-0.46839
-1.2242,0.0058339,-0.14979,1.761,0.074145,0.60779,-0.74071,-0.15199
-1.3398,0.26172,0.075435,1.4195,-0.55693,1.3385,-0.68957,-0.21814
-1.5804,-0.014416,-0.080878,1.2872,-0.28154,0.83868,-0.37176,-0.38224
-1.0434,-0.21577,-0.23596,1.3561,-0.020985,0.62234,-0.61201,-0.19537
-1.3425,-0.50682,-0.25302,1.5161,-0.27784,0.84713,-0.94612,-0.51911
-1.2998,0.10235,-0.058802,1.6953,-0.40292,0.71634,-0.56416,-0.5194
-1.4853,-0.23576,-0.07906,1.1337,0.099642,0.67501,-0.57503,-0.39585
-1.4374,-0.016885,-0.01092,1.2234,-0.2911,0.98489,-0.62334,-0.66212
-1.1898,0.21584,0.31809,1.5415,-0.20607,0.57684,-0.54373,-0.20868
-1.3211,-0.20322,-0.41146,1.7526,0.14124,0.34352,-0.55479,-0.45028
-1.1392,0.063458,-0.22071,1.4303,0.020028,0.78121,-0.602,-0.59004
-1.1495,0.33197,0.22457,1.5553,-0.35685,0.67051,-0.59105,-0.63912
-1.3069,-0.072119,-0.27558,1.4305,0.0008837,0.91071,-0.55449,-0.66375
-1.6513,0.044894,0.0047181,1.2319,-0.37694,0.81034,-0.52139,-0.47162
-1.3308,0.39919,0.1084,1.1607,0.021705,0.89017,-0.3915,-0.40618
-1.3026,-0.033482,-0.10966,1.4029,-0.0020367,0.97648,-0.31732,-0.57319
-1.1047,-0.12677,0.12213,1.6872,0.025215,0.92685,-0.74628,-0.33242
-1.2719,0.068912,-0.21724,1.3722,-0.1042,0.71821,-0.84976,-0.4604
-1.4634,0.010607,-0.023489,1.1799,-0.10208,0.95302,-0.65067,-0.80453
-1.3102,0.1416,-0.34409,1.4728,-0.15981,0.72879,-0.51189,-0.46168
-1.2807,-0.10352,0.024233,1.1803,-0.28111,0.28167,-0.39584,-0.47978
-1.2828,-0.16899,-0.12103,1.0542,0.37045,0.63697,-0.77802,-0.80657
-1.4469,-0.25769,0.06734,1.5643,-0.23653,1.0547,-0.57452,-0.4535
-1.2266,0.0068137,-0.21218,1.5089,-0.27754,0.56865,-0.88484,-0.43877
-1.278,0.28881,0.1479,1.2472,-0.038684,0.365,-0.46734,-0.65879
-1.1483,0.017167,0.28717,1.3541,-0.16558,0.56867,-0.40876,-0.15535
-1.1015,-0.072495,-0.26062,1.4799,-0.42692,0.94672,-0.59909,-0.64208
-1.2938,0.13378,-0.11146,1.5558,-0.15243,0.74786,-0.51615,-0.66605
-1.4198,-0.38678,-0.15714,1.1983,-0.16919,0.63242,-0.66125,-0.56031
-1.1044,0.051495,-0.1112,1.4229,-0.46394,0.62893,-0.63422,-0.56944
-1.4261,-0.10768,-0.092911,1.5612,-0.17641,0.81177,-0.63573,-0.38724
-1.1973,-0.31642,-0.093294,1.4529,0.070578,0.89223,-0.35544,-0.43364
-1.2114,-0.41594,-0.37043,1.3554,0.05255,0.47681,-0.1349,-0.83629
-1.2179,-0.16002,-0.2844,1.0288,-0.11566,0.32785,-0.6393,-0.7698
-1.1854,-0.098496,0.13304,1.4741,-0.1011,0.51343,-0.64501,-0.58563
-1.3258,0.12843,0.092462,1.363,-0.33636,0.69368,-0.015725,-0.66242
-0.82997,0.089813,0.1581,1.4081,-0.1393,0.72994,-0.37214,-0.64863
-1.0857,0.27458,0.021236,1.5039,-0.26202,0.86893,-0.30025,-0.56734
-1.0013,-0.010654,0.30733,1.445,-0.16546,0.52087,-0.5675,-0.33615
-1.0839,-0.060909,-0.17723,1.6592,-0.002838,0.70465,-0.55128,-0.70711
-1.4386,0.054518,0.24639,1.3368,-0.013108,0.57187,-0.48825,-0.40344
-1.2519,0.36506,0.011607,1.4168,-0.17746,0.51136,-0.62381,-0.39834
-1.1385,-0.21119,0.15936,1.5583,-0.29527,0.77682,-0.40886,-0.20174
-0.93249,-0.048556,-0.14522,1.2467,0.096021,0.70933,-0.51062,-0.40169
-0.98484,-0.21722,-0.23677,1.495,0.069819,0.78326,-0.45012,-0.88189
-1.4035,0.22356,0.074806,1.615,-0.074494,0.61569,-0.27779,-0.59732
-0.47846,-0.26489,0.22322,1.6375,-0.23638,0.50803,-0.28621,-0.67447
-0.9589,0.12974,-0.22064,1.3395,-0.12465,0.52777,-0.36985,-0.63831
-1.0192,-0.25655,0.055219,1.6217,-0.18003,0.51163,-0.82524,-0.57208
-1.1763,-0.0018105,-0.018855,1.3055,-0.16145,0.70305,-0.42354,-0.53056
-1.002,-0.0060942,-0.14593,1.4982,-0.3857,0.7303,-0.15451,-0.78077
-1.0294,0.0069153,-0.0086795,1.0942,-0.36313,0.27539,-0.63403,-0.63308
-1.242,-0.098955,0.29537,1.6252,-0.25481,0.47951,-0.40709,-0.6326
-0.71392,-0.12352,0.19301,1.3761,-0.23476,0.73907,-0.021241,-0.67586
-1.0967,-0.044518,-0.014734,1.1334,-0.10513,0.62789,-0.62744,-0.42782
-1.0899,-0.021443,-0.12724,1.57,-0.024106,0.6249,-0.41199,-0.66596
-0.908,-0.14598,0.31776,1.4513,0.13174,0.72098,-0.31672,-0.36945
-1.0759,0.039573,0.11939,1.5458,-0.42958,0.40238,-0.64423,-0.92957
-1.14,-0.074057,-0.2001,1.5416,-0.18077,0.53064,-0.36022,-0.5782
-1.015,-0.012087,0.011608,1.3554,-0.15954,0.61504,-0.31562,-0.5281
-0.99508,-0.19556,0.060368,1.6044,0.048359,0.49786,-0.22017,-0.86285
-1.0105,-0.36093,-0.077824,1.5275,0.037616,0.65036,-0.31691,-0.86082
-1.1487,-0.06338,-0.01633,1.1138,0.3668,0.51414,-0.34341,-0.68043
-0.92139,-0.3097,-0.091195,1.089,0.041504,0.68535,-0.31531,-0.92009
-0.82467,-0.11412,0.074295,0.95656,0.14514,0.9375,-0.16566,-0.64554
-1.2988,-0.11586,0.21826,1.6221,0.15975,0.55611,-0.16947,-0.29773
-0.98662,0.27103,-0.044026,1.5339,0.14534,0.40177,-0.18295,-0.88184
-1.1151,-0.10303,0.09541,1.4365,-0.11824,0.65247,-0.45238,-0.57977
-0.86641,0.041825,-0.082981,1.461,-0.13411,0.88284,-0.13232,-0.83283
-1.3102,-0.12992,-0.055641,1.1067,-0.34476,0.466,-0.36427,-0.71908
-0.79271,-0.096775,-0.011346,1.4906,-0.24767,0.41701,-0.36491,-0.9292
-1.0123,-0.22773,0.23303,1.1334,-0.13728,0.46298,-0.20124,-0.85815
-1.2638,0.064986,-0.090204,1.4558,-0.55469,0.87395,-0.47001,-0.52591
-0.91959,-0.069976,0.049533,1.2359,0.075509,0.43662,-0.16428,-0.7689
-0.81985,0.0033598,0.27099,1.553,-0.28899,0.60474,-0.23405,-0.67014
-1.2854,-0.24535,0.30504,1.3367,-0.3553,0.72784,-0.14038,-0.82943
-0.87062,-0.048592,-0.050601,1.51,-0.063624,0.53933,-0.57532,-0.74919
-1.1477,-0.32686,-0.16049,1.6243,0.073349,0.77245,-0.1481,-0.65138
-0.98905,-0.074124,-0.042324,1.5042,-0.090195,0.60156,-0.56719,-0.69775
-0.93904,0.092148,0.013624,1.6449,0.0061896,0.76036,-0.17501,-0.58207
-1.1916,-0.51248,0.1753,1.2388,-0.09621,0.73422,-0.073297,-0.93896
-0.88497,0.3076,0.031018,1.3102,-0.45592,0.95433,-0.023932,-0.70231
-1.3139,-0.099746,-0.0094928,1.2137,-0.20301,0.48603,-0.42729,-0.74869
-0.74519,-0.14959,0.2328,1.3809,-0.16647,0.61828,-0.43036,-0.81315
-0.9849,0.13265,-0.039054,1.3622,-0.2836,0.66475,-0.05997,-0.79983
-0.98986,-0.35036,-0.10028,1.2625,0.13272,0.64509,-0.29109,-0.73145
-1.1695,0.20461,0.13727,1.0807,-0.017539,0.56048,-0.043224,-1.0505
-0.87722,-0.048616,0.0069164,1.1746,-0.21949,0.69555,-0.32614,-0.58838
-1.3732,-0.15042,0.29661,1.5266,-0.091239,0.61322,-0.25848,-0.7846
-1.2316,-0.25281,0.15077,1.1723,-0.37924,0.80676,-0.028162,-0.71275
-1.2786,0.25064,0.26707,1.2999,-0.16258,0.6446,-0.11327,-0.79698
-1.0177,-0.25409,-0.18844,1.4919,-0.4647,0.77632,-0.44556,-0.52299
-0.68497,-0.11373,0.014874,1.5862,-0.28941,0.71124,-0.25321,-0.89556
-1.1409,0.0087307,0.20289,1.6868,-0.24815,0.5816,-0.2489,-0.45697
-1.0813,0.25705,0.15481,1.7429,-0.15149,0.62393,-0.63072,-0.88593
-0.81311,-0.26715,0.20835,1.686,-0.16381,0.92438,-0.29991,-0.921
-0.51254,0.28873,0.11218,1.692,0.13995,0.63541,-0.45248,-0.997
-0.65504,-0.20828,0.16988,1.4566,-0.14288,0.75905,-0.4587,-0.34037
-0.9014,-0.054932,0.43309,1.5525,-0.28671,0.62429,-0.51947,-0.76884
-1.0896,-0.16695,-0.0080247,1.3464,-0.20777,0.6298,-0.24549,-0.57511
-1.0092,-0.059519,-0.091631,1.421,-0.1624,0.64525,-0.53082,-0.69116
-0.94515,-0.24811,-0.14586,1.3036,0.16011,0.46565,-0.087651,-0.74603
-0.66986,0.20456,0.21273,1.3616,-0.067247,0.4268,-0.1181,-0.63642
-0.94645,0.13964,0.059954,1.2347,-0.12811,0.42237,-0.27522,-0.81258
-0.82295,-0.084047,0.33326,1.516,-0.35683,0.54508,-0.17615,-0.42801
-0.69123,-0.10774,0.19246,1.3968,-0.062458,0.55573,-0.14917,-0.76668
-1.3442,-0.2044,0.25801,1.0607,-0.13533,0.60043,-0.28278,-0.86174
-1.0372,0.034837,0.3827,1.3348,-0.70209,0.55505,0.046291,-0.70194
-0.87295,0.11658,0.53501,1.3026,-0.38906,0.65494,-0.1773,-0.6932
-0.66137,-0.30353,-0.012517,1.515,-0.33558,0.63151,-0.081227,-0.9126
-0.64749,-0.369,0.10377,1.4011,-0.28332,0.5357,-0.49177,-0.59625
-0.85626,-0.14934,-0.11083,1.1863,-0.096605,0.77959,-0.3295,-1.1515
-0.8062,-0.018182,0.20467,1.4013,-0.32935,0.38169,-0.57852,-0.52595
-0.68831,-0.1779,0.16808,1.2029,-0.162,0.45517,-0.37447,-0.90239
-0.9387,0.15851,0.22882,1.5072,-0.33185,0.6982,-0.090702,-0.81475
-0.89086,0.008913,-0.077055,1.3289,-0.097552,0.70151,-0.22127,-0.69772
-1.0021,-0.12218,0.29775,1.2061,0.11595,0.72731,-0.34717,-0.85312
-0.93452,-0.066066,0.31382,1.5859,-0.16099,0.68636,-0.56272,-0.70541
-0.8842,0.11375,0.015075,1.2556,-0.070597,0.65321,-0.16031,-0.92718
-0.72468,-0.064521,0.23752,1.207,-0.1848,0.71043,-0.36156,-1.0007
-0.86934,-0.28081,0.40885,1.1326,0.18108,0.87764,-0.45985,-0.68002
-0.9319,0.18447,0.20013,1.2798,-0.36611,0.56909,-0.443,-0.7541
-0.86964,-0.29396,0.18514,1.0758,-0.058112,0.58825,-0.10291,-0.58254
-0.98855,-0.041094,0.10758,1.1568,-0.096458,0.47713,-0.11966,-0.72907
-0.97647,-0.068287,-0.10853,1.6353,0.20784,0.625,-0.63045,-1.0452
-0.79363,-0.080195,0.13638,1.1293,-0.18222,0.74422,-0.26531,-0.66369
-1.1107,0.10243,0.23054,1.6018,-0.24866,0.6285,-0.27563,-0.64613
-0.5993,-0.38834,0.12284,1.4172,0.091401,0.52863,-0.44889,-1.0104
-0.77334,-0.14236,0.1341,1.2023,0.17569,0.18187,-0.34596,-0.76429
-0.3729,0.017727,0.19252,1.4247,0.092328,1.0256,0.00076215,-0.68708
-0.91587,-0.14344,-0.0085425,1.8272,-0.038247,0.81226,-0.22101,-0.89296
-0.83905,-0.24282,0.24975,1.6481,-0.48061,0.74226,-0.19004,-1.0623
-0.90992,0.043688,0.18373,1.3596,-0.025856,0.18034,-0.10026,-0.78408
-0.86408,-0.39235,0.23326,1.3846,-0.045006,0.5006,-0.25471,-0.65562
-0.86982,-0.096744,0.089909,1.2715,-0.083775,0.70814,-0.37679,-1.0743
-0.72013,0.28745,0.18859,1.5519,0.032427,0.74914,-0.1955,-1.062
-0.47088,-0.22858,0.1304,1.2143,-0.064871,0.67344,-0.18718,-0.66999
-0.93398,-0.050809,0.59763,1.5788,-0.088425,0.38388,-0.011529,-1.0891
-0.62452,0.11643,0.24506,1.3688,-0.16044,0.47836,-0.055804,-0.76729
-0.80654,-0.10741,0.07962,1.2096,0.23137,0.8029,-0.25144,-0.84332
-0.5443,-0.29188,0.36194,0.95255,0.085587,0.6573,-0.14073,-0.90831
-1.0719,-0.11177,0.45868,1.5165,-0.15142,0.5238,-0.27368,-1.0383
-0.69592,0.09803,0.32076,1.5442,-0.18131,0.53053,-0.51548,-0.89883
-0.72116,0.073763,0.1234,1.3217,0.31641,0.37567,-0.34499,-1.1368
-0.91517,0.29965,0.62644,1.3204,-0.078085,0.61165,-0.29672,-1.125
-0.61929,-0.5486,0.26515,1.0672,-0.22236,0.69379,-0.71225,-0.80566
-0.73562,-0.10837,0.13269,1.3657,0.25187,0.43454,-0.21247,-0.84791
-0.61193,0.025013,0.40665,1.4307,0.19096,0.6802,-0.21349,-0.85244
-0.40821,0.020673,0.34124,1.2778,-0.083427,0.59761,-0.43494,-1.1006
-0.65733,-0.082029,0.41031,1.0745,0.19101,0.66988,-0.21784,-0.59023
-1.0501,0.01191,0.30017,1.2713,-0.099414,0.70767,-0.17342,-1.1533
-0.71776,-0.2123,0.34063,1.1357,0.12574,0.55749,-0.55106,-0.72109
-0.53675,-0.42469,0.1096,1.2725,0.050227,0.87826,-0.1056,-0.6294
-0.46419,-0.030328,0.27267,1.051,-0.0095417,0.94984,-0.28581,-1.0318
-0.76882,0.2977,0.21003,1.2811,0.12273,0.50811,-0.024997,-1.0803
-0.50142,-0.21066,0.13894,1.8022,-0.3609,0.75636,-0.20256,-1.2326
-0.73808,0.038435,0.48425,1.51,-0.022972,0.4677,-0.1229,-0.82584
-0.64971,0.11197,0.19765,1.0273,0.13404,0.79056,-0.16855,-0.87098
-0.26774,-0.15891,0.3058,1.2106,-0.099334,0.69804,-0.15478,-1.0633
-0.79867,-0.20038,0.39779,1.4307,0.045681,0.68897,-0.28793,-1.1699
-0.60685,0.121,0.20759,1.4734,0.49037,0.52936,-0.015764,-0.75658
-0.75453,0.25415,0.3439,1.4709,-0.02267,0.30086,-0.12429,-1.0408
-0.57154,-0.33759,0.58744,1.1521,0.19111,0.68529,-0.12101,-0.8604
-0.70131,0.21002,0.61788,1.4627,-0.19811,0.72202,0.054498,-1.2054
-0.99879,-0.11295,0.28214,1.1199,0.40451,0.74448,-0.30216,-0.96202
-0.76048,-0.35801,0.24108,1.425,0.11668,0.9023,-0.26538,-1.0542
-0.84284,-0.10761,0.35623,1.1871,0.044095,0.82879,-0.66094,-0.66038
-0.79763,0.20298,0.72544,1.4908,-0.13529,0.2076,-0.37602,-1.0378
-1.0544,-0.079632,0.69654,1.2327,0.21102,0.23775,-0.44702,-0.89048
-0.74189,0.10462,0.43146,1.7097,-0.0041413,0.8704,-0.23996,-0.8098
-0.82229,-0.068881,0.2569,1.215,-0.070305,0.26593,-0.35699,-1.5932
-0.83794,-0.090438,0.50309,1.1541,0.18632,0.52403,-0.24466,-1.0091
-0.73523,0.20161,0.729,1.1333,0.10769,0.74285,-0.016151,-0.74817
-0.70749,-0.24876,0.50208,1.3488,0.18256,0.55842,-0.20005,-1.0734
-0.59029,-0.030459,0.62227,1.4423,0.06826,0.91224,-0.55569,-1.2692
-0.31952,-0.32574,0.60213,1.414,-0.11338,0.2206,-0.11072,-0.75774
-0.32814,-0.21988,0.38986,1.619,0.10145,0.83935,-0.11591,-0.92106
-0.61093,0.44928,0.25107,1.5122,-0.0068435,0.60138,-0.10786,-0.80445
-0.97664,-0.16491,0.32185,1.1686,-0.10568,0.72482,-0.13869,-0.72517
-0.6166,0.10619,0.54332,1.0706,0.068596,0.41328,-0.4967,-0.94579
-0.87524,-0.35042,0.50849,1.2614,-0.22567,0.62683,-0.61473,-0.75383
-0.71008,-0.11478,0.59843,0.97132,0.18719,0.61947,-0.29575,-1.1376
-0.56713,0.17293,0.90455,1.1714,0.21027,0.89942,-0.073691,-0.8762
-0.4183,-0.20871,0.56792,1.493,-0.18224,0.70994,-0.3635,-0.72026
-0.88849,-0.10679,0.52288,1.2484,-0.2121,0.59805,-0.10498,-1.0819
-0.39819,-0.042392,0.64647,1.1969,0.46098,1.0397,-0.33916,-0.88183
-0.62994,0.092355,0.4542,1.1116,-0.11163,0.69976,-0.48484,-0.95004
-0.49865,-0.19609,0.38001,1.4935,-0.15477,0.23341,-0.46633,-0.96131
-0.55055,0.25793,0.60891,1.402,0.2885,0.81668,-0.44474,-0.9428
-0.77485,0.019525,0.13984,1.1668,0.50859,0.26811,-0.34179,-0.9378
-0.54121,0.12218,0.33578,1.5917,0.0031222,0.75262,-0.093116,-0.87409
-0.69855,-0.40391,0.55121,1.2973,0.045084,0.84801,-0.39112,-0.61263
-0.77884,-0.048933,0.22014,1.5841,0.43294,0.63288,-0.52301,-0.48512
-0.87959,-0.36249,0.46897,1.3741,0.014167,0.79734,-0.25496,-1.2213
-0.87753,-0.13083,0.40344,1.5157,0.40197,0.75382,-0.29682,-0.979
-0.57294,-0.11677,0.81555,1.0166,0.057812,0.79863,-0.14856,-1.1489
-0.66788,-0.45601,0.30034,1.0759,0.11157,0.66622,-0.47046,-0.5974
-0.79561,-0.01774,0.44635,1.2199,-0.24479,0.85586,-0.8356,-0.92167
-0.34448,-0.012622,0.20191,1.637,-0.067032,0.9712,-0.33102,-0.80504
-0.6607,0.27935,0.6924,0.96026,-0.21934,0.60353,-0.46525,-0.85177
-0.81233,-0.083609,0.37908,1.4087,0.013534,0.91476,-0.49374,-0.69926
-0.66287,0.078587,0.11544,1.0295,0.26475,1.0224,-0.65224,-0.98587
-0.57707,-0.2338,0.24836,1.2104,0.1725,0.85287,-0.40513,-0.97545
-0.66873,0.076165,0.43322,1.2101,0.10209,0.64722,-0.33946,-0.95545
-0.45357,0.085918,0.36227,1.2929,0.086522,0.98834,-0.291,-1.0746
-0.88658,-0.19205,0.69882,1.641,-0.0976,0.4878,-0.2583,-1.1936
-0.50247,-0.11668,0.45131,1.4277,0.11649,0.79673,-0.40224,-0.92776
-0.52121,-0.1061,0.23658,1.3845,0.25825,0.76514,-0.2183,-0.97811
-0.77529,-0.056697,0.40003,1.3446,0.21886,0.83687,-0.44448,-0.4947
-1.0499,-0.2681,0.45345,1.0938,0.209,0.71571,-0.61649,-0.72355
-0.70185,-0.075314,0.33751,1.0392,0.19193,0.4628,-0.31635,-0.76296
-0.4844,-0.0020816,0.34633,1.3225,0.24147,0.98568,-0.39842,-0.9648
-0.8345,-0.19545,0.603,1.1994,0.4187,0.79501,-0.19988,-0.9006
-0.41367,-0.28638,0.38517,1.3156,0.463,0.77232,-0.65405,-0.77507
-1.0133,-0.13913,0.66982,1.4931,0.20651,0.74107,-0.65463,-1.0891
-0.55256,0.24028,0.81135,1.6547,0.37045,0.78552,-0.13958,-0.91215
-0.35362,0.093037,0.78777,1.3224,0.2176,0.82106,-0.46191,-0.73583
-0.63781,0.012346,0.45498,1.4226,0.41398,0.88218,-0.671,-0.75341
-0.64084,-0.25374,0.65453,1.1526,0.26192,0.77762,-0.45988,-1.0025
-0.59518,0.097455,0.54241,1.1441,0.18591,0.83215,-0.51761,-0.90781
-0.6042,0.0086015,0.43716,1.0522,0.39125,0.67362,-0.45879,-0.99406
-0.57998,-0.31364,0.54379,1.2971,0.59953,0.44269,-0.62568,-0.88707
-0.69264,0.2186,0.63378,1.3015,0.58774,0.64881,-0.9554,-0.72488
-0.44145,-0.04279,0.56472,1.1121,0.35241,0.92408,-0.52801,-0.8415
-0.54973,-0.18995,0.71941,1.1231,0.57543,1.0169,-0.10822,-0.6991
-0.80935,0.080448,0.43058,1.7035,0.39955,0.63921,-0.52886,-0.84579
-0.79873,-0.10709,0.77151,1.2995,0.13222,1.098,-0.69669,-0.86035
-0.7281,0.10068,0.77968,1.3988,0.18645,0.74389,-0.58887,-0.95994
-0.96719,0.1659,0.52604,1.2833,0.16817,0.81451,-0.57336,-0.7566
-0.31223,0.11566,0.75272,1.2451,0.22681,0.76579,-0.76608,-0.75241
-1.0405,0.062684,0.36073,1.2203,0.47667,1.0671,-0.35241,-0.79755
-0.71496,-0.087689,0.69875,1.3913,0.72139,0.68782,-0.59983,-0.93995
-0.56441,-0.14948,0.55905,1.4366,0.23349,0.58344,-0.4171,-0.94589
-0.54866,-0.32836,0.62809,1.2789,0.19103,0.67927,-0.43168,-0.8153
-0.40193,-0.45335,0.54042,1.2041,0.45252,0.48375,-0.4405,-1.0207
-0.62875,0.14892,0.34895,1.2629,0.52026,0.86931,-0.58196,-0.72758
-0.71487,0.03731,0.81624,1.2639,0.48304,1.2203,-0.61777,-0.93844
-0.87166,-0.082045,0.16665,0.92174,0.28606,0.72057,-0.37119,-0.50179
-0.76157,-0.11986,0.35191,1.1359,0.43187,0.7996,-0.65319,-0.84768
-0.53733,0.17775,0.76656,1.4529,0.24819,0.68302,-0.79338,-0.76567
-0.30037,-0.026297,0.7209,1.401,0.21737,0.56367,-0.66233,-0.63117
-0.78518,-0.14666,0.24086,1.2424,0.50911,1.0101,-0.63309,-0.71921
-0.73133,-0.066543,0.63223,1.4018,0.44216,0.91171,-0.5757,-1.005
-0.45874,-0.14968,0.65671,1.0202,0.24432,1.0527,-0.48023,-0.54236
-0.56251,0.37704,0.31151,1.2701,0.51235,1.1671,-0.84846,-0.75382
-0.56237,0.215,0.56882,1.0793,0.1361,0.55807,-0.79812,-0.70991
-0.335,-0.08121,0.76327,1.2856,0.17338,0.84983,-0.87299,-0.84448
-0.75579,0.15269,0.21902,0.72914,0.29015,0.99112,-0.93549,-0.73944
-0.94472,-0.084459,0.44442,1.1005,0.37104,0.80442,-0.66298,-0.70004
-0.77835,0.071906,0.4358,1.0941,0.34488,1.0893,-0.70814,-0.60682
-0.67224,0.037952,0.69816,0.82842,0.38147,0.62836,-0.70125,-1.1104
-0.5883,0.38653,0.59951,1.2753,0.24808,0.59926,-0.7499,-0.86561
-0.54621,-0.09338,0.48593,1.3366,0.41892,0.93765,-0.38552,-0.65188
-0.32807,0.46819,0.6412,1.354,0.32448,0.67412,-0.80377,-0.79709
-0.43189,0.18186,0.67904,1.1512,0.54348,0.85194,-0.91228,-0.73931
-0.45207,0.071869,0.54577,1.2802,0.59245,0.70263,-1.1672,-0.67129
-0.49463,0.12573,0.57032,1.3215,0.35387,0.78053,-0.70451,-0.81325
-0.74209,-0.18987,0.45178,0.99239,0.35452,0.64913,-0.95398,-1.0323
-0.73501,0.26355,0.50148,1.1417,0.82086,0.68216,-0.97056,-0.76391
-0.62617,0.0084558,0.57526,1.4124,0.8418,0.88487,-0.71459,-0.94495
-0.40303,0.059682,0.48993,1.2592,0.44091,0.81432,-0.59284,-0.32954
-0.72806,-0.078034,0.22102,1.2174,0.53824,0.72193,-0.66688,-1.0544
-0.31828,0.15657,0.37918,1.1814,0.2475,0.91975,-0.87996,-0.92852
-0.80937,0.28752,0.61842,1.3124,0.69822,1.0839,-0.50165,-0.86084
-0.93448,0.12987,0.70719,1.3127,0.40502,0.94388,-0.85751,-0.80643
-0.68833,0.23872,0.42755,0.92978,0.35592,0.26378,-1.1326,-0.60915
-0.85532,-0.30136,0.5096,1.2944,0.54806,1.0779,-0.9827,-0.71545
-0.75113,0.067806,0.53676,1.3442,0.72802,0.97316,-1.154,-0.63752
-0.71,0.052515,0.65677,1.0627,0.4774,0.69194,-0.7624,-0.92755
-0.4977,0.28433,0.87396,1.1585,0.31435,1.2195,-0.72652,-0.49529
-0.26296,0.1502,0.80682,0.99775,0.41796,0.95524,-0.84517,-0.85846
-0.71938,0.18936,0.929,1.0979,0.58886,1.0955,-0.83469,-0.83538
-0.63274,0.10819,0.6557,1.0549,0.55344,0.83363,-0.94795,-0.35036
-0.55527,0.26621,0.55591,0.95068,0.4322,0.94968,-0.76711,-0.67899
-0.85592,0.21626,0.74905,1.2103,0.53889,1.0175,-0.91818,-0.47645
-0.45468,-0.11538,0.32733,1.0106,0.34108,0.72756,-0.64443,-0.84888
-0.57842,0.41622,0.96632,1.3549,0.55057,0.89234,-0.74043,-0.63844
-0.16542,-0.29345,0.67879,1.1948,0.55802,0.80261,-0.71621,-0.75865
-0.94361,-0.38525,0.10989,1.0326,0.11329,0.91145,-1.0123,-0.70916
-0.52559,0.088306,0.56667,1.2055,0.38037,0.89555,-0.96409,-0.77677
-0.82214,0.24718,0.55747,1.3163,0.17455,0.6935,-1.0821,-0.75809
-0.39348,0.093325,0.5737,1.3313,0.73037,0.94609,-0.77876,-0.74436
-0.78402,0.090274,0.72026,0.69744,0.39248,0.954,-1.2321,-0.61805
-0.60281,0.42941,0.58372,0.91741,0.57997,0.8528,-0.85851,-0.57749
-0.66015,0.26746,0.69728,0.92603,0.63901,1.0825,-1.13,-0.67312
-0.46094,0.21016,0.37057,1.2715,0.5398,0.51113,-1.1022,-0.59846
-0.93125,0.048587,0.56758,1.0768,0.55267,0.65979,-0.73164,-0.65652
-1.0666,0.36499,0.98957,0.97431,0.40173,0.64028,-0.78239,-0.6857
-0.86311,-0.14858,0.85588,1.0653,0.34604,1.1526,-0.92966,-0.48082
-0.33913,0.10994,0.72654,1.2438,1.0295,0.95866,-1.1457,-1.146
-0.57228,0.14816,0.58131,1.3015,0.40223,0.9421,-0.85127,-0.67256
-0.89243,-0.3779,0.56686,0.88874,0.5781,0.91252,-0.92816,-0.61491
-0.65646,-0.15892,0.83595,0.92785,0.45134,0.82604,-1.2157,-0.74557
-0.76632,0.11633,0.72085,1.3919,0.81867,0.82628,-0.91141,-0.87035
-0.6733,-0.1316,0.79219,0.81638,0.40513,0.94491,-1.4965,-0.95676
-0.75484,0.048706,0.52972,1.258,0.71672,0.98495,-1.3632,-0.48291
-0.6979,-0.068737,0.54209,0.95018,0.36473,1.2542,-0.841,-0.98667
-0.94075,0.28218,0.73544,0.70186,0.41234,0.68575,-0.85577,-0.40674
-0.6011,0.010304,0.37913,1.273,0.22818,0.76232,-1.0135,-0.7914
-0.51835,-0.10581,0.48439,0.86851,0.78848,0.89607,-1.0705,-0.93491
-0.54836,0.33617,0.83458,1.1716,0.77467,0.78696,-1.301,-0.7259
-0.59812,0.41119,0.76214,1.3141,0.69109,0.88383,-0.91931,-0.54511
-0.37329,0.13365,0.85549,1.3112,0.46685,0.58189,-0.88995,-0.75122
-0.95169,0.17712,0.5765,0.94874,0.4222,0.82645,-1.0679,-0.79073
-0.65928,0.34926,0.3017,1.0899,0.77429,0.56779,-0.96522,-0.41407
-0.78388,-0.036283,0.78687,1.4459,0.45993,0.55512,-1.0521,-0.87372
-1.2899,0.40281,0.7465,1.0639,0.58784,0.70843,-0.97921,-0.7382
-1.1237,0.11543,0.60759,1.1392,0.71311,0.82127,-0.99789,-0.64488
-0.57181,0.08756,0.42542,1.1287,0.64673,0.98483,-1.0509,-0.86606
-0.84185,0.14318,0.49269,1.2082,0.5614,0.65906,-1.0293,-0.6706
-0.92361,0.17049,0.78615,1.2948,0.77693,0.79963,-1.0728,-0.53594
-0.96573,0.13204,0.77414,1.007,0.69371,1.3398,-1.6917,-0.73863
-0.82529,0.032894,0.73827,0.79106,0.83305,0.34022,-1.028,-0.68678
-0.65231,0.16256,0.69848,1.4418,0.121,0.97067,-1.2901,-0.5378
-0.62826,-0.24502,0.76103,1.2584,0.69291,0.94758,-1.4901,-0.81515
-0.76947,0.2527,0.60205,1.2927,0.65367,0.99102,-1.4015,-0.44556
-0.84641,0.21431,0.65291,0.98026,0.88298,1.1523,-1.5601,-0.73672
-1.0902,0.021573,0.62645,1.237,0.87493,0.68568,-1.1168,-0.57862
-0.51716,0.13929,0.82977,1.1759,0.63751,0.86424,-1.1078,-0.56846
-0.76742,0.13038,0.73315,1.2268,0.72967,0.90555,-1.4253,-0.69146
-0.76443,0.19919,0.60127,1.0711,0.69577,1.019,-1.1933,-0.67053
-0.86712,0.28513,0.63637,0.93724,0.64706,1.1092,-1.2957,-0.38687
-0.6711,0.12023,0.50669,0.81611,0.68808,1.1624,-1.3572,-0.63825
-0.71402,0.026534,0.73903,1.0143,0.84681,0.52832,-1.3534,-0.79728
-0.69219,0.068276,0.53267,0.90367,0.4701,0.83427,-1.2722,-0.7004
-1.0433,0.32213,0.50419,1.0239,0.88703,1.1482,-1.4149,-0.88277
-0.9483,-0.24592,0.57031,1.2449,0.69631,1.2122,-1.3249,-0.70394
-0.2127,0.053079,0.36046,0.75453,0.61622,1.0048,-1.253,-0.56437
-1.0692,0.43734,0.46285,1.2688,0.50844,0.70508,-1.326,-0.52996
-0.72094,0.39231,0.76419,1.2145,0.51966,1.0548,-1.0801,-0.54688
-0.3811,-0.24187,0.92554,1.004,0.722,1.1855,-1.14,-0.66633
-0.86841,0.0073089,0.67539,1.1551,0.65512,1.135,-1.2647,-0.095784
-0.89561,0.17756,0.76294,1.4814,0.79826,0.99038,-1.223,-0.65679
-0.96124,0.043832,0.76117,1.1697,0.85561,0.85323,-1.5571,-0.32608
-0.77433,0.29539,1.0064,0.94723,0.70688,1.3132,-1.5773,-0.98221
-0.59038,0.15472,0.60381,1.2188,0.72895,1.0748,-1.3991,-0.25453
-0.78521,0.10429,0.64551,0.94252,0.48316,0.89974,-1.5123,-0.44129
-0.36317,0.36154,0.81831,1.005,0.84748,1.0051,-1.4297,-0.55011
-1.0498,0.088939,0.49821,1.0994,0.80574,1.0418,-1.2716,-0.3195
-0.64377,0.22258,0.83976,1.2081,1.1742,0.91766,-1.2912,-0.57364
-0.7228,0.21751,0.79074,0.79663,0.9153,1.0504,-1.5386,-0.29123
-1.1302,-0.38328,0.69765,0.91761,0.89478,0.78676,-1.4026,-0.72351
-0.53635,0.52624,0.52396,1.091,1.0046,1.1122,-1.451,-0.62824
-0.81306,-0.038948,0.65012,0.77576,0.82332,0.8299,-1.5671,-0.23461
-1.1077,0.24496,0.89326,0.84078,0.79692,0.98449,-0.88376,-0.38634
-0.853,0.1488,0.39273,0.91725,0.77426,0.92348,-1.679,-0.63888
-1.0379,-0.15515,0.83298,1.0237,0.766,0.71466,-1.077,-0.28888
-0.92371,0.14659,0.77383,0.84651,0.76738,0.80854,-1.4591,-0.40281
-0.64436,0.18509,0.69514,1.1714,0.89169,0.50521,-1.6027,-0.55381
-1.2172,-0.22115,0.71815,0.95072,0.96001,1.419,-1.4575,-0.7563
-0.83784,0.08092,0.58198,0.99779,1.0968,0.67756,-1.4827,-0.44489
-0.84811,0.20785,0.62569,1.236,1.2033,0.80351,-1.7255,-0.57629
-0.72731,0.0083777,0.85595,0.86758,0.74669,0.80879,-1.4026,-0.44589
-0.90894,-0.23777,0.32961,0.98402,0.74249,1.156,-1.3013,-0.5432
-0.78128,0.12953,0.51613,1.1361,0.64186,0.70435,-1.4644,-0.30403
-1.1619,0.31673,0.55656,0.92287,0.91502,0.83938,-1.5344,-0.43942
-1.1794,0.39144,0.6337,0.89464,0.84864,0.78452,-1.716,-0.56239
-0.90516,0.2891,0.87351,0.97872,0.79258,0.93792,-1.4568,-0.2727
-0.90713,0.37145,0.52861,0.91165,1.0064,1.271,-1.5469,-0.61844
-0.97269,0.11547,0.5086,1.212,1.099,0.97897,-1.3633,-0.74972
-1.1027,0.19972,0.67606,1.1531,1.0828,0.77551,-1.2466,-0.27698
-1.1353,0.20274,0.5919,0.95495,0.66869,0.77659,-1.2999,-0.5632
-1.0215,0.00026891,0.77247,1.2186,0.8424,0.78492,-1.2292,-0.5168
-0.915,0.24865,0.44697,0.99144,0.67448,0.99487,-1.4917,-0.57557
-0.6795,0.59464,0.54581,0.95081,0.80346,0.7105,-1.3245,-0.3264
-1.1288,0.29836,0.70821,0.7587,0.90001,0.86733,-1.3834,-0.43164
-1.1179,0.2891,0.31979,1.2857,1.0044,1.0754,-1.5121,-0.5308
-0.75586,-0.0577,0.56791,0.8675,0.71388,1.1189,-1.4355,-0.41629
-1.1619,0.15019,0.28033,0.74812,0.95159,1.1715,-1.7365,-0.27635
-1.0469,0.44368,0.33669,1.1857,0.8856,0.8506,-1.7305,-0.60384
-0.98589,0.25431,0.18149,1.0568,1.1277,0.81357,-1.4318,-0.3202
-1.0807,0.2158,0.74869,0.9236,1.2187,0.99867,-1.4421,-0.38146
-0.93148,0.19062,0.61942,0.5905,1.4677,0.86472,-1.7433,-0.68568
-0.90135,-0.17204,0.55485,0.59605,0.60646,0.72707,-1.5268,-0.53467
-1.0535,0.43037,0.83007,0.87037,0.83594,1.0716,-1.8201,-0.51403
-0.97895,0.29737,0.88534,0.77813,1.3178,0.82532,-1.7281,-0.38367
-1.0029,0.0211,0.55404,1.0665,1.0161,0.8809,-1.3701,-0.44175
-0.8732,0.37211,0.51297,0.8455,0.91461,1.3611,-1.4929,-0.4532
-1.1468,0.26807,0.76001,0.89448,0.75033,1.2477,-1.4425,-0.63063
