-0.86254,1.0639,0.77112,0.89391,0.26194,-1.2008,-0.62151,0.03467
-1.2052,0.4892,0.2946,1.0901,0.1943,-0.76791,-0.42023,0.35522
-1.2966,0.91459,0.38448,0.89691,0.25701,-0.32199,-0.74682,0.13611
-1.2133,1.0398,0.60633,1.319,0.22092,-0.57315,-0.63867,0.10441
-1.0645,1.0409,0.5739,0.95699,-0.0015822,-0.77576,-0.52431,0.38287
-1.1077,0.85705,0.63339,0.61854,0.076338,-0.55472,-0.88681,-0.31947
-1.0803,0.71052,0.58595,0.71422,0.15811,-0.45513,-0.72926,0.23209
-1.2637,0.92706,0.87972,0.94947,0.066161,-0.76634,-0.95604,-0.020879
-0.96489,0.8557,0.63781,0.99985,0.13111,-0.65279,-0.33214,0.34006
-1.0247,0.92092,0.67161,0.95452,0.22076,-0.97408,-0.62589,-0.22066
-1.3103,0.55712,0.62862,1.0532,0.10727,-0.91603,-0.65985,-0.20274
-1.2571,0.92192,0.90125,1.3653,0.066223,-0.9137,-0.32368,0.31624
-1.332,0.78727,0.92897,0.86309,0.16339,-0.47779,-0.34662,0.2224
-1.0827,1.0446,0.73216,0.91068,0.21714,-0.92548,-0.58872,-0.044726
-0.82923,0.82773,0.56358,0.76901,0.3792,-0.9043,-0.6611,-0.0034583
-1.2742,0.99865,0.75536,0.85405,0.26946,-0.63227,-0.41907,0.12994
-0.89892,0.86245,0.79745,1.0198,0.50899,-1.0931,-0.85165,0.17855
-1.1766,1.0845,1.0255,0.97243,0.20954,-0.79887,-0.32506,0.13851
-1.4769,0.90503,0.74634,1.0885,0.22286,-0.47065,-0.77684,0.10342
-1.0062,0.68312,0.77606,0.98108,0.51682,-1.0329,-0.38068,0.16923
-0.96967,0.97847,0.95093,1.1384,0.025326,-0.84767,-0.22741,0.39283
-1.3101,0.85494,0.58952,1.3136,0.53855,-0.74268,-0.6249,0.077825
-1.0168,0.67651,0.61629,0.91747,0.16921,-0.99462,-0.83933,-0.044644
-0.79384,0.84989,0.87091,0.7434,0.46748,-0.95529,-0.53835,0.46204
-0.98307,0.7503,0.83208,0.9268,0.34041,-0.829,-0.4805,0.25732
-1.3505,0.78929,0.71821,0.94008,0.37907,-0.51191,-0.7545,-0.16636
-1.1263,1.289,0.58514,1.3585,0.3345,-1.0778,-0.39538,-0.16544
-0.93595,0.65096,0.70579,1.2741,0.4178,-0.82333,-0.11702,-0.04641
-1.0972,0.53613,0.72569,1.2553,0.16593,-0.70612,-0.67691,0.33258
-1.1282,0.88299,0.84764,0.45593,0.61895,-0.99385,-0.3911,-0.13107
-1.3251,0.99501,0.58583,1.3442,0.30059,-0.42652,-0.29421,-0.0058411
-0.93515,0.83809,0.74247,0.80626,0.29869,-0.45473,-0.50012,0.069673
-1.0678,0.87095,1.0227,1.0687,0.2764,-1.0112,0.10109,-0.039834
-1.2432,1.0808,0.95999,1.1901,0.38269,-0.54736,-0.028715,0.11213
-1.2824,1.1477,0.81631,1.064,0.40071,-0.90027,-0.46241,-0.2757
-1.0522,1.016,0.67261,1.2556,-0.072294,-0.98854,-0.62843,0.023987
-1.2466,0.98819,0.70544,1.1474,0.4018,-0.69318,-0.42726,0.062382
-1.0783,0.83312,1.1355,0.6927,0.20854,-0.45627,-0.55032,-0.0013642
-1.066,0.75529,0.59081,0.87594,0.41149,-0.92602,-0.53482,0.16567
-0.80055,0.41874,0.63683,1.2808,0.21964,-0.92028,-0.53146,-0.056398
-1.0919,0.83098,0.82601,0.83103,0.21332,-1.0239,-0.57854,-0.3421
-1.0176,0.92672,0.89315,0.86807,0.14972,-0.90621,-0.19649,0.10941
-0.87346,0.92524,0.79698,0.99885,0.75361,-0.38832,-0.48178,-0.18522
-1.1582,1.1462,0.34121,1.078,0.44592,-0.87826,-0.23894,-0.087317
-0.8842,1.178,0.84803,0.92892,0.49359,-0.46919,-0.38541,-0.14018
-1.4372,1.0092,1.0744,0.63446,0.53106,-0.73961,-0.28269,0.24042
-0.98555,0.85364,0.70533,0.59396,0.20955,-0.69507,-0.46641,0.064848
-1.0368,0.89128,0.77049,1.2211,0.36182,-0.6646,-0.14422,-0.19037
-0.95068,0.67602,1.0514,1.0103,0.2444,-0.74995,-0.20162,0.1933
-0.84662,0.93268,1.0283,0.75623,0.31555,-0.58873,-0.2838,0.011875
-1.2728,0.9052,1.0416,0.8098,0.26902,-0.81333,-0.35709,0.27339
-1.1327,0.96438,0.88989,1.1191,0.33748,-0.71176,-0.35322,0.035335
-1.0514,1.0321,0.60946,0.77644,0.26749,-0.68726,-0.31562,-0.12038
-1.0297,0.38347,0.88859,0.59567,0.26186,-1.0392,-0.20801,0.004255
-1.1927,0.80868,0.57644,1.0689,0.36749,-0.62644,-0.41102,0.17532
-0.88697,0.99353,0.86396,0.8876,0.2419,-0.77005,-0.53106,-0.28723
-0.99621,0.84461,0.73535,0.85542,0.40915,-0.72523,-0.6361,0.086555
-1.0244,0.8717,1.0849,0.84803,0.5095,-0.62563,-0.15841,-0.39245
-1.0814,0.71315,0.81618,1.1401,0.053235,-0.8357,-0.064531,0.093944
-0.65871,1.006,1.2118,0.51504,0.51042,-0.81903,-0.082602,-0.070964
-0.55471,0.94671,0.89724,1.2062,0.45055,-0.85755,-0.34316,-0.046421
-1.0435,0.80905,0.70585,0.88885,0.4194,-0.81359,-0.46813,0.095357
-0.95571,0.73287,0.63054,1.1734,0.023515,-0.7624,-0.10943,-0.18996
-0.9461,0.7125,0.7497,0.68987,0.33745,-0.67546,-0.2039,-0.14895
-0.84842,0.90014,0.70276,0.85256,0.54278,-0.65516,-0.31989,-0.021768
-0.91978,0.96626,1.0266,0.99691,0.32726,-0.71227,0.029513,-0.5093
-0.78991,0.7756,0.71897,0.52235,0.32733,-1.0431,-0.15105,-0.077496
-0.80913,0.83727,0.66057,1.242,0.37751,-0.54328,-0.27705,-0.061889
-1.0395,1.1018,0.63373,0.66906,0.22201,-0.51045,-0.35203,0.10382
-1.2753,1.0782,0.64909,1.2645,0.44851,-0.4462,-0.14917,-0.015845
-1.0079,0.86134,1.1508,1.1261,0.32823,-0.65032,-0.31245,-0.17083
-0.86635,0.77217,0.99276,1.2792,0.57793,-0.70784,-0.099891,0.10127
-1.0706,0.9064,0.72642,0.57146,0.31426,-0.68231,-0.23917,-0.081542
-0.95899,0.75385,0.99394,0.88062,0.2442,-0.54854,-0.2947,-0.028836
-0.69126,0.73792,1.0408,0.70428,0.12652,-0.64561,-0.16216,-0.022436
-0.69425,1.0115,0.94368,0.75481,0.45348,-0.61573,-0.42968,0.03554
-0.95906,0.62227,0.93372,0.86899,0.23014,-0.98626,-0.16951,-0.23097
-0.96165,0.59307,0.7986,0.9624,0.27222,-0.84554,0.1748,0.10421
-0.9241,0.75858,0.97767,0.93134,0.78177,-0.4903,-0.24224,-0.43347
-1.0585,0.84506,1.0299,1.0132,0.51023,-0.79649,0.26853,0.0051749
-0.78048,1.129,0.86349,0.84628,0.41514,-0.9357,-0.23495,0.13183
-0.84773,1.0207,0.92167,0.92182,0.37258,-0.82564,-0.17678,0.01714
-0.93419,0.88924,0.36153,0.66623,0.50335,-0.93885,-0.33629,-0.18965
-1.1445,0.92191,0.95113,0.97766,0.35434,-0.69225,-0.36723,-0.21494
-1.1022,0.87888,1.2161,0.90723,0.36679,-0.68607,0.17616,0.18668
-1.042,0.64069,1.1914,0.99871,0.42265,-0.7087,-0.1762,0.17351
-0.89272,0.79252,0.78446,0.94772,0.40525,-0.83752,-0.30304,0.11525
-1.1209,0.58482,0.90646,0.81854,0.41102,-0.70317,-0.11194,-0.16148
-1.0323,0.77482,0.8366,1.1837,0.44955,-0.47682,-0.075228,0.0040481
-1.0784,1.1127,0.57797,1.3707,0.40786,-0.53311,0.11295,-0.44395
-0.77301,0.49865,0.77915,1.0356,0.37682,-0.77324,-0.031217,-0.11272
-0.59606,0.84606,0.83356,1.0407,0.34104,-0.62679,-0.0012298,-0.025062
-1.0471,0.91557,0.9076,0.73504,0.36772,-0.50355,-0.43497,0.01251
-0.98154,1.0849,0.92682,1.0156,0.44441,-0.67802,-0.061533,-0.033743
-1.0259,1.1271,1.0089,1.0268,0.29117,-0.3302,-0.075184,-0.079491
-0.72387,0.65827,0.92175,1.2187,0.64776,-0.77204,0.0042275,0.022764
-1.008,1.0653,0.71018,0.92771,0.31888,-0.80093,-0.056039,-0.23577
-1.0664,0.85369,1.0578,0.92483,0.2846,-0.68464,-0.079323,0.040594
-1.1486,0.92645,0.98683,0.79575,0.47901,-0.98411,-0.14044,0.20447
-1.1937,0.74152,1.0594,0.71032,0.33836,-1.0039,-0.26761,-0.13021
-0.86007,0.89886,0.83072,1.1324,0.56984,-0.74714,-0.27588,-0.28214
-1.1521,1.1466,0.99739,0.80135,0.62504,-0.72565,0.045368,-0.30129
-1.0206,1.1612,0.92594,0.94996,0.52072,-0.70599,0.13033,-0.014663
-0.96319,0.96793,1.033,1.1118,0.3197,-0.62547,-0.18948,0.11128
-1.0446,0.82247,1.119,0.67307,0.64771,-0.77712,-0.22253,0.36938
-0.88686,0.99732,1.0387,0.68966,0.7116,-0.44838,0.38556,0.16839
-0.75574,0.52908,0.66627,0.84087,0.25904,-0.79071,0.12864,-0.21944
-1.1222,0.77578,0.73432,0.85906,0.54305,-0.82442,-0.2212,0.051327
-0.78447,0.77665,0.91837,0.95373,0.45596,-0.82816,0.24771,-0.026665
-0.77252,1.005,1.0572,0.91354,0.11308,-0.68586,-0.087862,-0.2669
-1.0469,0.75839,1.0612,0.88828,0.64743,-0.68438,-0.20072,-0.16622
-1.1657,0.72037,0.98061,1.1751,0.60712,-0.84435,-0.27033,0.015143
-0.72626,0.89691,1.0523,0.9018,0.27172,-1.0007,0.33985,-0.29608
-0.98364,0.80754,0.85308,0.9471,0.17693,-0.57382,0.063427,-0.21621
-0.74939,1.1261,1.0946,0.69207,0.42926,-0.7335,0.017264,-0.22873
-0.8813,0.90325,1.0477,0.75245,0.56192,-0.86177,-0.076845,-0.16222
-1.0766,0.999,1.0305,1.0576,0.59804,-0.83758,-0.050631,0.068266
-0.52736,0.83409,0.6502,0.91997,0.15221,-0.38718,-0.094743,-0.087067
-0.93935,0.7857,1.1089,0.73607,0.26881,-0.81661,0.30028,-0.1305
-0.78194,0.68575,0.85267,0.78757,0.54801,-0.17347,0.058359,-0.048846
-1.0102,0.59131,0.93177,1.0475,0.44124,-0.85626,0.23784,-0.32739
-0.91417,0.92721,1.1408,0.72673,0.54512,-1.2591,-0.07863,-0.23636
-0.94089,0.71554,1.0458,0.96911,0.42352,-0.72754,-0.060085,-0.10004
-0.77548,0.88359,0.91708,0.81351,0.44979,-0.9565,-0.065737,0.12558
-0.96154,0.86105,1.0428,0.5353,0.28771,-0.9575,0.11378,-0.037866
-1.1565,0.96799,1.0224,0.82366,0.88676,-0.5315,0.27673,0.09784
-0.834,0.80933,1.1899,0.77761,0.5524,-0.56054,-0.022632,0.046263
-1.0292,0.71689,0.95594,0.77838,0.66122,-0.79236,0.14695,-0.39907
-0.95566,1.187,0.80996,1.1168,0.40482,-1.0291,0.13297,-0.4561
-0.83768,0.90427,1.1214,0.89014,0.48381,-0.81884,-0.053098,-0.12984
-1.0011,1.0491,0.92549,0.96079,0.47321,-0.87003,-0.10396,-0.089013
-0.7405,0.68563,0.88618,0.92221,0.58238,-0.87138,-0.17856,-0.066631
-1.1918,0.84783,0.9487,0.79594,0.45882,-0.80386,0.13436,-0.15135
-0.73442,0.75096,0.81004,1.1134,0.48807,-0.94307,-0.076033,0.073825
-1.0125,0.77214,0.93187,0.9294,0.79681,-0.51471,0.044787,-0.4877
-0.85039,0.82613,0.85172,0.82253,0.47174,-0.92076,0.14704,-0.21821
-0.74973,0.6873,0.46136,0.58164,-0.021811,-0.53722,0.017212,-0.25149
-0.84701,0.72855,1.0753,0.59815,0.41388,-1.115,0.28617,-0.19978
-0.68976,1.1432,1.0118,0.82982,0.37395,-0.58554,0.067068,-0.24924
-0.72601,1.1067,1.1192,0.76225,0.32449,-0.94104,-0.18444,0.01046
-0.94101,1.2269,1.0298,1.0333,0.49093,-0.92266,0.027495,-0.20732
-0.8298,0.9451,0.73621,0.87209,0.47297,-1.1129,0.27067,-0.34522
-0.85513,1.1374,0.73239,0.64249,0.066589,-0.63702,-0.069808,-0.43252
-0.88147,0.91188,0.64303,0.63809,0.29921,-0.66928,0.13324,-0.053611
-0.63898,0.80219,1.1478,0.90953,0.64049,-1.1052,-0.05882,-0.14594
-0.91578,1.0378,0.98086,0.8812,0.79523,-0.99488,0.29431,-0.30412
-0.60038,0.83434,1.0317,0.90242,0.28638,-1.0492,0.21068,-0.0013188
-0.46009,0.91385,1.29,1.0759,0.72172,-0.50908,0.21197,-0.39934
-0.91048,0.66059,0.85579,0.75206,0.42986,-0.74002,0.12661,-0.16568
-0.75553,0.87059,0.92557,0.73501,0.60413,-0.85147,-0.069958,-0.23999
-0.95975,0.67094,1.0632,0.89909,0.59429,-0.64177,-0.1137,-0.44905
-0.65538,0.6782,0.79303,0.46539,0.23843,-0.73628,0.51106,-0.21198
-0.83924,0.57259,1.1781,0.76684,0.37636,-0.75834,0.24235,-0.178
-0.7764,0.80912,1.3719,1.2515,0.44145,-0.54622,0.0045343,-0.013589
-0.64496,0.98102,1.0957,0.81958,0.55593,-0.46485,0.20019,-0.37853
-0.91272,0.84829,0.96101,0.61551,0.69279,-0.76737,0.2364,-0.35024
-0.83411,0.80311,0.95221,0.65559,0.57034,-1.114,0.10158,-0.23158
-0.91305,1.0154,0.93607,0.68561,0.56504,-0.6656,0.272,-0.42102
-0.89502,0.93476,0.86667,0.95091,0.26899,-1.1949,0.15158,-0.073265
-0.94557,0.78177,1.0514,0.98649,0.58774,-0.75666,-0.11876,-0.22889
-0.75746,0.9484,0.69855,0.86955,0.64046,-1.0229,0.32253,-0.29242
-1.0123,0.9282,0.88129,0.57845,0.65386,-0.85932,-0.070116,-0.25236
-1.0959,1.0332,0.76353,0.5875,0.49475,-0.58683,0.052838,-0.35619
-0.81543,0.79834,1.154,0.79089,0.70699,-0.93027,0.09642,-0.60417
-0.91636,1.1157,1.1215,0.64653,0.48439,-0.61997,0.1444,-0.20957
-0.88854,0.92418,0.78126,0.64317,0.78751,-1.1655,-0.0060392,-0.29871
-0.80487,0.91379,0.78381,0.99018,0.34967,-0.78382,-0.010911,-0.16137
-0.9627,0.81005,0.9061,0.68403,0.33914,-0.82901,0.29453,-0.3637
-1.0219,0.78965,1.1878,0.61957,0.57737,-1.04,-0.1598,-0.35689
-0.43706,0.75709,0.83888,0.99057,0.54034,-0.71549,0.28241,-0.3004
-1.0208,1.3118,0.74863,0.62958,0.51227,-0.99539,0.13044,-0.61353
-1.6116,0.55442,0.83535,0.60067,0.4751,-0.90417,-0.080417,0.05356
-0.9345,0.95403,1.097,1.1343,0.65566,-0.83677,0.16148,0.2305
-1.0327,0.83441,1.1974,0.68523,0.87627,-1.1245,0.13193,-0.39537
-0.60305,0.90224,0.91214,0.71379,0.51344,-0.65361,-0.14844,-0.05321
-0.97871,0.90833,0.94518,0.47896,0.52208,-0.95364,0.091271,0.0077833
-0.94096,1.0221,1.17,1.145,0.65566,-0.50208,0.040152,-0.38331
-0.93255,0.67716,1.1181,0.55459,0.51076,-0.49751,0.24823,-0.23234
-0.72388,0.73671,0.88431,0.81549,0.4648,-0.82502,0.46785,-0.65813
-1.0347,0.6243,1.1451,1.0351,0.43867,-0.72708,0.35112,-0.01802
-0.70965,0.79219,0.94974,0.74541,0.37916,-0.76193,0.17217,-0.49673
-0.95518,0.71695,0.92737,0.51357,0.70837,-1.047,0.19394,-0.2495
-0.80355,0.90577,0.86675,0.83173,0.27517,-0.96152,-0.22176,-0.39682
-0.6461,0.42602,1.1902,0.55402,0.48317,-0.89793,-0.019869,-0.13457
-0.91336,0.66082,1.0696,0.5048,0.63256,-0.83003,-0.07052,0.0058053
-0.6697,0.84557,1.0749,0.79701,0.76049,-0.63452,0.039119,-0.29917
-0.76587,0.86765,1.1749,0.98912,0.51363,-0.90312,-0.20082,-0.68816
-1.0693,0.98428,0.86429,0.7029,0.77452,-0.87457,-0.11997,-0.367
-0.84615,0.75062,1.1093,0.95655,0.53068,-0.62229,0.16276,-0.1298
-0.7383,0.86755,0.87261,0.90996,0.58132,-0.4877,0.13106,-0.43418
-0.71729,0.80394,1.0971,0.85177,0.29623,-0.31598,0.28563,-0.41058
-0.73364,0.90312,1.1168,0.74965,0.49055,-1.0491,0.30561,-0.34841
-0.4278,0.86369,1.0367,0.55226,0.46425,-0.89685,0.35632,-0.48684
-0.90004,0.44587,1.2067,0.38603,0.35714,-0.57673,-0.25192,-0.23086
-0.58866,0.50819,0.91255,0.70072,0.30421,-0.61508,0.35971,-0.050079
-0.95499,0.66186,1.0077,0.51482,0.24214,-0.73471,-0.23104,-0.36612
-0.70283,1.0113,1.2366,0.80784,0.75953,-0.67221,0.10636,-0.49415
-0.47927,0.92316,0.88364,0.68366,0.45017,-0.60037,0.32341,0.042848
-0.77368,0.88293,0.80457,0.76312,0.61373,-0.7158,0.16067,-0.3612
-0.88519,1.2092,1.1442,0.44048,0.21861,-0.94756,0.34699,-0.13849
-0.79392,0.96713,1.0039,0.92962,0.53873,-0.59338,0.096986,-0.34679
-0.81188,0.57657,0.99299,0.67098,0.75479,-1.0502,0.30895,-0.1035
-0.86769,0.93092,1.3277,0.53254,0.27914,-0.8518,0.038979,0.1423
-0.63367,0.7659,1.0253,0.65478,0.53331,-0.98726,0.32842,-0.25868
-0.75138,0.69262,1.2166,0.58127,0.38954,-0.99306,0.02957,-0.6134
-0.77349,0.88098,1.2399,0.83412,0.39775,-0.7936,0.28804,-0.38743
-1.0106,0.84375,1.1049,0.58245,0.51851,-0.90932,-0.14557,-0.12385
-1.0786,0.52786,1.1629,0.65289,0.73515,-0.97372,0.49809,-0.24172
-0.96093,0.91019,1.4463,0.77148,0.47089,-0.95008,0.14094,-0.66464
-0.89808,0.86726,0.91349,0.70042,0.63069,-1.1829,0.045745,-0.33806
-0.82303,0.75405,1.3213,0.7716,0.4076,-0.88788,0.15478,-0.25145
-0.74239,0.91118,1.2511,0.74548,0.70139,-1.0071,0.093767,-0.33964
-1.1443,0.58905,1.2023,0.76306,0.35991,-1.1632,-0.072718,-0.31585
-0.95615,0.72929,1.1511,0.36675,0.32524,-0.58887,0.062308,-0.50939
-0.7785,1.0413,1.0565,0.16365,0.50567,-0.64689,0.053157,-0.38483
-0.78055,0.81,0.86104,0.56523,0.80496,-0.71195,0.1896,-0.12078
-0.8763,0.76604,1.1543,0.66086,0.40628,-1.0698,0.0034686,-0.48918
-1.0018,1.2558,0.9975,0.40371,0.58341,-1.1236,0.016407,-0.1972
-0.98698,0.80956,0.69248,0.64289,0.48424,-0.80251,0.26568,-0.49012
-0.89784,0.88211,1.0874,0.78426,0.37495,-1.0398,0.17231,-0.1677
-0.83025,0.44139,1.2024,0.75666,0.46186,-0.71022,-0.18805,-0.21547
-1.2472,0.7346,1.0081,0.48094,0.556,-0.5727,0.20012,-0.32741
-0.74857,0.88429,1.0032,0.82133,0.28618,-1.2264,0.13522,-0.12642
-1.1032,0.81753,1.385,0.87383,0.26885,-1.0298,0.16935,-0.36579
-1.0361,1.1151,0.82503,0.56743,0.24522,-0.69921,0.18151,-0.44575
-0.99348,1.0177,1.109,0.55104,0.649,-0.72148,0.41527,-0.42911
-0.58743,0.75396,1.0191,0.81725,0.58893,-0.8933,0.37405,-0.2642
-0.95252,0.63506,1.02,0.83585,0.47432,-1.0411,0.18967,-0.52182
-0.6854,0.74706,1.2645,1.1494,0.76387,-1.4112,0.056693,-0.63036
-0.8955,0.72623,0.90544,0.57142,0.62266,-0.8036,0.23882,-0.62161
-0.90891,1.0379,1.113,0.65164,0.40624,-0.93966,0.065387,-0.54582
-1.0066,0.8363,1.0182,1.1461,0.55276,-1.1646,0.00074923,-0.42527
-0.90445,0.6231,0.974,0.68724,0.50418,-0.71353,-0.087884,-0.37798
-0.9209,0.40471,1.2278,0.64232,0.45359,-1.0067,-0.19483,-0.38251
-0.66547,1.0745,1.3933,0.68636,0.56883,-1.0933,0.0049901,-0.16618
-0.90081,0.78723,1.2415,0.6344,0.73431,-0.7732,-0.20244,-0.29526
-0.87706,0.85849,1.5026,0.61013,0.59256,-1.166,-0.26187,-0.35495
-0.85049,1.0524,1.0634,0.42854,0.29488,-0.928,-0.10966,-0.51188
-0.90909,0.76092,1.1292,0.66655,0.29304,-1.0895,-0.11471,-0.10981
-1.0334,0.87569,1.0528,0.52014,0.54965,-1.0411,-0.11663,-0.78641
-0.67699,0.75969,1.2574,0.73925,0.42453,-0.72452,-0.13439,-0.022112
-1.0732,0.71563,1.255,0.6818,0.33146,-0.96647,-0.18743,-0.48389
-0.81468,0.83827,1.1514,0.42708,0.79935,-1.0117,0.034893,-0.62021
-0.85063,0.6963,1.1799,0.76247,0.56791,-1.2051,-0.14207,-0.66897
-0.87913,0.51174,0.80031,0.7103,0.59359,-0.70078,0.0069629,-0.57612
-1.0175,0.80672,1.1544,0.66497,0.38032,-0.79357,-0.061583,-0.35105
-0.49425,0.64788,0.91348,0.57101,0.83239,-0.85302,-0.017163,-0.49886
-0.89145,1.0983,1.1232,0.60889,0.46447,-0.92154,-0.27711,-0.39234
-0.51057,0.7385,0.78784,0.94361,0.57418,-0.73603,-0.32084,-0.38672
-0.7581,0.58394,1.1268,0.33607,0.36259,-1.0684,-0.19228,-0.43207
-0.79962,0.8878,1.0222,0.72269,0.39078,-0.59925,0.10916,-0.17073
-0.79634,0.81057,1.0588,0.76532,0.37103,-0.97062,-0.15672,-0.11223
-0.85541,0.9231,1.0447,0.79061,0.55014,-1.0559,-0.10419,-0.56096
-0.75529,0.88883,1.0441,0.80151,0.77481,-0.79762,-0.15854,-0.30349
-0.85361,0.51838,0.9038,0.41694,0.49604,-0.99851,0.03,-0.63475
-0.83535,0.77342,1.3828,0.55681,0.59202,-0.64446,0.16409,-0.39546
-0.62989,0.74786,1.3648,0.71669,0.43476,-0.68231,-0.18003,-0.30435
-0.90332,0.67032,1.5268,0.42878,0.5619,-1.1326,-0.36548,-0.14181
-0.56458,0.90487,1.1517,0.57826,0.51408,-0.74021,0.0082728,-0.62282
-0.7529,0.69895,1.0293,0.80589,0.60414,-0.88777,-0.40008,-0.42003
-0.99726,0.73035,1.18,0.68741,0.54281,-0.77338,-0.084762,-0.26964
-0.78739,0.55482,0.99091,0.51953,0.71516,-1.0624,0.070277,-0.49602
-0.84177,0.92748,1.2713,0.73124,0.57397,-0.7443,0.18567,-0.69559
-1.1038,0.55938,1.1829,0.69954,0.5214,-0.93338,0.015507,-0.5068
-1.1933,0.64889,0.90188,0.49973,0.48729,-0.83276,-0.25384,-0.732
-0.82958,0.63161,1.499,0.37567,0.59667,-0.85882,0.074014,-0.17379
-0.80045,0.87251,0.97809,0.64315,0.73644,-1.085,-0.24202,-0.41452
-0.54609,0.9841,1.0012,0.67435,0.68369,-0.84485,0.094008,-0.4241
-0.52055,0.68981,1.1068,0.5798,0.46871,-0.80633,-0.27526,-0.46679
-0.70119,0.60038,1.2453,0.71085,0.69706,-1.2633,-0.21207,-0.49552
-0.89462,0.45903,1.2458,0.56556,0.60043,-1.0673,-0.2959,-0.4955
-0.89684,0.91374,1.0096,0.65652,0.70749,-0.84051,-0.10511,-0.48476
-0.852,0.59049,1.2891,0.31341,0.57167,-0.95805,-0.38398,-0.30559
-0.99946,0.57614,1.0704,0.91053,0.28854,-1.0289,-0.069983,-0.56659
-0.87082,0.77037,0.92571,0.72062,0.42486,-0.78612,-0.19385,-0.41655
-1.0172,0.90507,0.90135,0.5606,0.37472,-0.84154,-0.060503,-0.24318
-0.7386,0.67531,0.89154,0.7338,0.36555,-1.032,-0.043941,-0.79216
-0.96043,0.7572,1.0234,1.0606,0.55927,-0.75776,-0.27392,-0.56888
-0.61916,0.31076,1.0324,0.80863,0.53513,-0.75281,-0.099271,-0.59475
-0.60858,0.84735,1.1793,0.50606,0.24889,-0.83926,-0.08339,-0.32501
-0.81828,0.31218,1.0505,0.63447,0.57134,-1.0362,-0.059052,-0.089263
-1.004,1.0019,1.1628,0.459,0.69432,-1.0191,-0.11654,-0.2147
-1.0725,0.84148,1.2082,0.47258,0.35063,-1.2745,-0.1866,-0.57094
-0.79763,0.48715,1.0624,0.6228,0.58327,-0.99033,-0.60435,-0.45991
-0.60479,0.60259,1.3514,0.69274,0.45774,-0.81687,-0.30632,-0.15556
-0.88627,1.0034,1.0878,0.2412,0.26194,-1.1446,-0.45429,-0.07963
-0.60473,0.75816,1.0252,0.68235,0.25937,-1.1211,-0.29948,-0.88952
-0.90671,0.78891,1.1774,0.40973,0.73923,-1.1343,-0.26193,-0.37724
-0.80927,0.67363,1.2092,0.51886,0.57971,-0.76664,-0.4442,-0.33892
-0.69511,0.79861,0.74501,0.71883,0.40126,-0.82503,-0.21199,-0.23216
-0.58829,0.68751,1.2021,0.84919,0.42254,-0.82553,-0.44149,-0.25243
-0.82554,0.78294,0.73545,0.54732,0.49373,-1.1032,0.018865,-0.43277
-1.2259,0.61441,1.3582,0.53991,0.38053,-0.9675,-0.62101,-0.23335
-0.91396,0.68587,1.2422,0.43768,0.61682,-1.161,-0.035604,-0.52658
-0.9403,0.63152,1.1777,0.89052,0.84061,-0.70368,-0.65309,-0.56627
-0.93262,0.83255,1.0031,0.75623,0.33078,-0.99136,-0.40131,-0.52579
-0.64947,0.33406,1.0933,0.28757,0.25404,-1.1319,0.091867,-0.24522
-0.86355,0.89468,1.2779,0.537,0.41615,-1.1134,-0.63033,-0.69567
-0.77914,0.58763,1.2996,0.68111,0.55972,-0.98442,-0.72713,-0.35706
-0.64174,0.93089,1.5101,0.53892,0.54968,-1.1051,-0.24414,-1.044
-0.85875,0.84388,1.2317,0.46568,0.54492,-1.3356,-0.20098,-0.24207
-0.81303,0.45255,0.983,0.48341,0.53829,-1.0572,-0.44746,-0.14821
-0.84835,0.6998,1.0191,0.61495,0.25207,-0.96988,-0.44213,-0.55153
-0.53282,0.5075,1.1554,0.57457,0.49438,-1.1399,-0.2113,-0.23211
-0.88355,0.80483,1.0991,0.44711,0.63041,-1.1556,-0.34738,-0.21774
-0.60032,0.63083,0.91788,0.6276,0.64611,-0.62261,-0.53755,-0.5009
-0.86926,0.49733,1.0498,0.40185,0.55663,-0.90473,-0.48864,-0.59695
-1.0439,0.67717,1.2538,0.73864,0.56059,-0.71872,-0.41984,-0.7825
-0.9739,0.48793,1.0695,1.0204,0.39302,-1.1452,-0.21792,-0.52581
-0.57853,0.80074,1.2084,0.5627,0.47028,-0.91283,-0.5412,-0.30023
-0.91303,0.47406,1.1642,0.6746,0.13763,-1.0961,-0.59614,-0.49695
-0.94574,0.60729,0.95482,0.32924,0.72583,-1.0706,-0.74027,-0.598
-0.76664,0.76893,1.0813,0.70932,0.49402,-1.1565,-0.59076,-0.47628
-0.72838,0.55674,1.3417,0.49673,0.7411,-0.91249,-0.19928,-0.35724
-0.60412,0.78966,1.1514,0.44938,0.69852,-0.65858,-0.55654,-0.45278
-0.54274,0.77983,1.2004,0.43289,0.56504,-0.70369,-0.53633,-0.35163
-1.0212,0.53296,1.1974,0.95704,0.23112,-1.0004,-0.53593,-0.47421
-0.75329,0.80155,1.3561,0.63341,0.3774,-1.0246,-0.49383,-0.72068
-0.83479,0.565,1.2346,0.86826,0.67643,-1.0445,-0.51838,-0.26527
-0.74835,0.68622,1.137,0.8191,0.57356,-0.97573,-0.59077,-0.40811
-0.82058,0.83746,1.0493,0.86904,0.56177,-0.90812,-0.44273,-0.55712
-0.86676,0.48048,1.1563,0.1591,0.56384,-1.2101,-0.38473,-0.45841
-0.80224,0.55029,1.0286,0.58524,0.41955,-0.81493,-0.38345,-0.65081
-0.94588,0.67147,1.1315,0.56243,0.93421,-1.0023,-0.38023,-0.52047
-0.87981,0.98891,1.188,0.42376,0.40099,-0.73605,-0.56321,-0.27327
-1.2483,0.6429,1.4152,0.58825,0.25335,-0.88271,-0.21053,-0.6853
-1.0077,0.76074,1.3922,0.78856,0.39623,-0.69867,-0.86786,-0.57353
-0.77565,0.58768,1.2059,0.41871,0.6678,-1.0463,-0.68876,-0.0042156
-0.8776,0.65578,0.97776,0.31541,0.72501,-1.0524,-0.74828,-0.85914
-0.67731,0.33374,1.2357,0.59701,0.50298,-0.84268,-0.58771,-0.51848
-1.0583,0.58762,1.1007,0.47676,0.55773,-0.90189,-0.18195,-0.66015
-0.94932,0.48159,1.3458,0.64665,0.55042,-0.91885,-0.37289,-0.53359
-0.6806,0.56417,1.1055,0.48061,0.39454,-0.68943,-0.64909,-0.68172
-0.76987,0.46515,1.2005,0.5977,0.64848,-0.95404,-0.63337,-0.63073
-0.6307,0.54448,1.2632,0.25141,0.30909,-0.80655,-0.44692,-0.72021
-0.78829,0.96201,1.404,0.43307,0.38073,-0.73534,-0.74655,-0.16317
-0.9641,1.0042,1.2733,0.28684,0.50597,-0.90199,-0.47824,-0.67207
-0.3536,0.90441,1.1022,0.55115,0.26629,-1.031,-0.89703,-0.55404
-0.66812,0.31073,1.0817,0.51643,0.50674,-1.2077,-0.89194,-0.4312
-0.83957,0.25764,1.0967,0.35596,0.29331,-1.028,-0.80791,-0.91583
-0.48432,0.70124,1.3967,0.71747,0.61187,-1.2333,-0.96583,-0.78095
-0.50062,0.71184,1.2643,0.59069,0.95236,-1.297,-0.58769,-0.3321
-1.2905,0.64964,1.1523,0.79267,0.50371,-1.0622,-0.37917,-0.98753
-0.53878,1.0013,1.2805,0.29796,0.051225,-1.349,-0.73847,-0.46609
-0.78843,0.54923,1.3771,0.54325,0.45016,-0.89442,-0.46551,-0.70366
-0.75542,0.60014,0.98501,0.58571,0.63833,-1.2373,-0.6253,-0.65953
-0.69855,0.68647,1.3243,0.49959,0.41992,-0.89507,-1.1549,-0.50064
-1.1177,0.9862,1.4192,0.42614,0.83144,-0.88378,-0.18604,-0.59379
-0.88215,0.46979,1.4567,0.44266,0.63588,-0.66744,-0.5783,-0.42881
-0.87108,0.29302,1.4829,0.36708,0.5469,-1.0805,-0.54558,-0.51833
-0.53118,0.60698,1.3621,0.53748,0.54239,-1.1857,-0.76008,-0.74135
-0.54114,0.66118,1.2161,0.28567,0.78386,-1.311,-0.72092,-0.42876
-0.64032,0.88911,1.3182,0.21822,0.70774,-1.0463,-0.79825,-0.59521
-0.63793,0.52723,1.0328,0.44013,0.90432,-0.77665,-0.44861,-0.66597
-0.90577,0.49851,1.4456,0.76183,0.58332,-0.88794,-0.6549,-0.72796
-1.1043,0.5333,1.6191,0.48203,0.41826,-0.698,-0.9405,-0.34155
-0.77809,0.67579,1.3761,0.24762,0.24234,-1.1072,-0.83574,-0.67696
-0.66989,0.45776,1.2102,0.71803,0.63392,-1.1259,-0.63683,-0.3915
-0.6132,0.63385,1.2677,0.62791,0.7505,-1.0506,-1.0924,-0.35908
-0.99323,0.41718,1.3118,0.31375,0.58269,-1.0345,-0.92386,-0.42959
-0.89407,0.57465,1.1391,0.43289,0.56894,-0.75297,-0.7593,-0.54096
-0.82742,0.71055,1.2736,0.37931,0.51934,-1.1478,-0.98373,-0.36823
-0.76621,0.65043,1.1136,0.4767,0.70026,-1.1467,-1.0552,-0.8593
-0.82584,0.68599,1.1477,0.12647,0.45226,-0.90514,-0.86709,-0.80407
-0.87331,0.55367,0.88231,0.51779,0.78573,-1.127,-0.69684,-0.21841
-0.47783,0.40365,1.3196,0.23448,0.26113,-1.1569,-1.0953,-0.34688
-0.64295,0.82908,1.0506,0.32663,0.53694,-0.91241,-0.92919,-0.39217
-0.36665,0.33371,1.0599,0.63231,0.54683,-0.93842,-0.73045,-0.79733
-0.81559,0.7852,1.3503,0.56998,0.33168,-1.2049,-0.71322,-0.99445
-0.76677,0.49067,0.93447,0.6244,0.67452,-0.99845,-0.89344,-0.8055
-1.0117,0.67362,1.2865,0.29082,0.438,-1.1138,-0.89095,-0.40294
-0.61384,0.76659,1.4166,0.61324,0.31491,-0.92764,-0.82074,-0.64786
-0.8159,0.46257,1.7784,0.72968,0.61807,-1.0383,-0.75213,-0.52278
-0.66384,0.71205,1.5783,0.65654,0.38618,-0.87256,-0.8233,-0.50967
-0.63036,0.72251,1.4319,0.36816,0.58792,-1.1502,-0.49452,-0.34172
-0.83354,0.72624,0.82761,0.6716,0.75077,-0.9816,-0.82893,-0.43385
-1.0332,0.60628,0.92068,0.35156,0.70397,-1.0549,-1.0604,-0.6807
-0.77992,0.35634,1.4066,0.42828,0.66387,-1.0776,-0.9605,-0.60465
-0.88509,0.4826,1.2704,0.49606,0.46586,-0.86538,-0.94086,-0.64814
-0.53088,0.41529,1.0612,0.34275,0.55894,-0.82604,-0.60088,-0.6035
-0.65924,0.46917,0.95665,0.67553,0.66102,-1.1997,-0.7513,-0.52318
-0.96705,0.26048,1.1514,0.67392,0.59588,-1.1283,-1.0525,-0.3441
-0.76934,0.46663,1.3017,0.44786,0.59884,-1.248,-0.79761,-0.41223
-0.50346,0.59984,1.0959,0.44024,0.45624,-1.0552,-1.0321,-0.53792
-0.8141,0.6069,1.2829,0.50742,0.37019,-1.3642,-1.0798,-0.48782
-0.60989,0.53636,1.3966,0.28634,0.35245,-1.1396,-0.84509,-0.78698
-0.96798,0.51974,1.1898,0.31964,0.63076,-1.0998,-0.89381,-0.62936
-0.64096,0.18309,1.4667,0.69105,0.60027,-1.285,-0.78439,-0.5478
-0.67832,0.47871,1.236,0.65867,0.5968,-1.0852,-1.1235,-0.52178
-0.65593,0.3531,1.2869,0.36261,0.58401,-0.89345,-1.0586,-0.75493
-0.68438,0.31214,1.6889,0.54433,0.64415,-1.1204,-1.1928,-0.4836
-0.74096,0.44171,1.6244,0.75723,0.6327,-0.97878,-0.9608,-0.42181
-0.84952,0.30942,1.5872,0.61384,0.92806,-1.1824,-0.83115,-0.5265
-0.67735,0.4504,1.3151,0.70213,0.4603,-0.73735,-1.139,-0.33401
-0.87742,0.72189,1.3267,0.12776,0.61761,-0.91811,-1.0026,-0.48349
-0.74851,0.46958,1.3681,0.62588,0.70354,-1.1609,-1.131,-0.79559
-0.53404,0.89561,1.0758,0.3565,0.68057,-1.2841,-1.1418,-0.851
-0.76389,0.34597,1.3848,0.41109,0.81938,-1.0278,-1.4894,-0.7866
-0.59836,0.59623,1.3514,0.24665,0.59732,-1.2223,-1.0434,-0.47935
-0.86484,0.24693,1.068,0.50699,0.42401,-1.3953,-1.2392,-0.63961
-0.89198,0.26736,1.715,0.53683,0.63064,-1.135,-0.95595,-0.62108
-0.80349,0.3672,1.48,0.59093,0.84218,-0.95085,-1.1676,-0.31277
-0.50366,0.5802,1.5287,0.31244,0.54907,-1.0781,-1.358,-0.95061
-0.80105,0.27306,1.4475,0.23441,0.59558,-0.95174,-0.86412,-0.45116
-0.42447,0.39952,1.1928,0.69406,0.58049,-0.97588,-1.122,-0.63659
-0.79225,0.32714,1.0941,0.52631,0.61429,-1.136,-0.99002,-0.65097
-0.51177,0.067672,1.0832,0.55807,0.52194,-0.92886,-1.4502,-0.59397
-0.86547,0.52022,1.1517,0.32442,0.58523,-0.99737,-1.1604,-0.30927
-0.76651,0.74442,1.3241,0.40217,0.86752,-1.0593,-0.90622,-0.65233
-0.5422,0.31053,1.299,0.72869,0.48748,-0.99456,-1.5098,-0.65459
-0.51817,0.35962,1.2391,0.29985,0.44173,-1.0562,-0.99315,-0.56699
-0.67314,0.39494,1.1311,0.62054,0.59178,-1.0587,-1.1494,-0.36306
-0.61855,0.19631,1.4981,0.63441,0.11125,-0.88047,-0.95263,-0.73083
-0.4951,0.27361,1.1037,0.58211,0.84727,-0.94566,-0.99731,-0.63024
-0.69771,0.72141,1.2768,0.27373,0.55338,-0.90818,-1.5072,-0.6217
-0.58331,0.74715,1.0743,0.90616,0.41013,-1.1065,-1.1792,-0.68275
-0.87823,0.48174,1.4157,0.32814,0.47588,-0.62442,-1.0718,-0.558
-0.5419,0.34271,1.2517,0.25163,0.91712,-1.0227,-1.2894,-0.71678
-0.64572,0.57869,1.4834,0.55623,0.67034,-1.0034,-1.0924,-0.56133
-0.22619,0.44934,1.3319,0.58353,0.50955,-0.95585,-1.3009,-0.50387
-0.79895,0.48231,1.2639,0.16885,0.81159,-0.85329,-1.2923,-0.77659
-1.0471,0.25756,1.1057,0.61333,0.65255,-0.90275,-1.0985,-0.61192
-0.75329,0.42346,1.4596,0.4651,0.33101,-0.66838,-0.90167,-0.54917
-0.4153,0.72214,1.0894,0.419,0.59474,-1.16,-1.0955,-0.62361
-0.78597,0.35573,1.3989,0.64171,0.80731,-1.0604,-1.4161,-0.53506
-0.60725,0.30158,1.3416,0.29746,0.59721,-1.1982,-1.3795,-0.84385
-0.62296,0.64485,1.3392,0.58327,0.3897,-1.202,-1.0588,-0.42429
-0.9446,0.60545,1.4608,0.60805,0.58901,-1.3129,-0.99776,-0.97197
-0.90686,0.29552,1.4407,0.54327,0.52295,-0.80269,-1.232,-0.48785
-0.88404,0.28863,1.1404,0.43075,0.23802,-0.74383,-1.1835,-0.5413
-0.80066,0.56582,1.0575,0.23225,0.36859,-1.5359,-1.6303,-0.47761
-0.9186,0.2906,1.15,0.54687,0.45424,-1.0476,-1.3972,-0.69902
-0.54381,0.11303,1.7277,0.55016,0.64545,-1.1099,-1.3877,-0.62448
-0.83007,0.10282,1.0078,0.34504,0.2367,-1.1402,-1.2288,-0.71431
-1.082,0.13415,1.4871,0.66032,0.61929,-0.88223,-1.4495,-0.88673
-0.96806,0.45866,1.7236,0.52454,0.7408,-1.0655,-1.2018,-0.88767
-0.70213,0.57635,1.4524,0.48131,0.73086,-0.94719,-1.2588,-0.69118
-0.2651,0.45461,1.0538,0.5686,0.51095,-1.0231,-1.3085,-0.64416
-0.73788,0.50294,1.2894,0.59203,0.7196,-1.1911,-1.2965,-0.6265
-0.93414,0.24917,1.5576,0.27884,0.70316,-1.0448,-1.1903,-0.5297
-0.91935,0.083604,1.2034,0.60827,0.373,-1.0377,-1.3309,-0.76954
-0.57296,0.5151,1.4719,0.46395,0.30722,-0.98367,-1.0853,-0.67481
-0.75378,0.40309,1.2375,0.79466,0.70008,-1.3192,-1.2621,-0.83699
-0.44357,0.21157,1.3789,0.65185,0.58324,-1.2395,-1.5428,-0.87913
-1.0125,0.17652,1.5297,0.53431,0.5881,-1.0753,-1.1722,-0.73165
-0.85512,0.55471,1.3837,0.31049,0.84322,-1.1569,-1.382,-0.66215
-0.93376,0.41095,1.4915,0.35119,0.81574,-0.94972,-1.6388,-0.76893
-1.0363,0.36289,1.5162,0.79254,0.61724,-1.1817,-1.4103,-0.64397
-0.53038,0.70448,1.102,0.57056,0.50852,-0.96513,-1.3872,-0.77665
-0.74546,0.28277,1.2964,0.53757,0.60914,-1.1407,-1.5817,-0.51314
-0.6258,0.48919,1.1734,0.52412,0.75072,-0.57843,-1.3301,-0.67579
-0.72655,0.52975,1.2382,0.6118,0.35163,-1.3015,-1.3277,-0.68078
-0.83675,0.37495,1.6379,0.57838,0.63454,-0.98969,-1.3074,-0.77402
-0.95526,0.3423,1.3996,0.76404,0.2412,-1.013,-1.2605,-0.37916
-0.61047,0.28641,1.3989,0.42537,0.32956,-1.0916,-1.5871,-0.87791
-0.69977,0.49639,1.5567,0.62871,0.67574,-0.8589,-1.5853,-0.46296
-0.73989,0.16167,1.1378,0.54272,0.37552,-1.0246,-1.3471,-0.51988
-0.59259,-0.082305,1.3386,0.73324,0.52361,-0.86179,-1.5084,-0.91036
-0.79022,0.32362,1.2701,0.37753,0.25671,-0.81169,-1.2643,-0.72929
-0.75905,0.074197,1.4243,0.70047,0.17266,-1.0107,-1.3135,-0.4702
-0.7453,0.27225,1.1684,0.49681,0.34251,-0.97784,-1.3101,-0.74643
-0.73287,0.17735,1.4895,0.53699,0.3505,-1.2709,-1.3155,-0.71955
-0.62391,-0.032273,1.361,0.53299,0.44781,-1.2105,-1.5048,-0.48201
-0.57713,0.45656,1.5094,0.48746,0.62586,-0.97313,-1.4924,-0.91682
-0.53523,0.17835,1.5848,0.44856,0.40413,-1.0549,-1.5076,-0.67599
-1.0027,0.37675,1.6311,0.62226,0.62086,-0.98577,-1.4636,-0.8915
-0.46449,0.093688,1.2207,0.54999,0.33053,-1.1526,-1.455,-0.58315
-0.53547,0.4247,1.4374,0.90756,0.47786,-1.0867,-1.5409,-0.87036
-0.72611,0.21217,1.1295,0.71115,0.72232,-1.1525,-1.2218,-0.96082
-1.0159,0.3544,1.4308,0.30352,0.2853,-0.8202,-1.4576,-0.74008
-0.44289,0.64075,1.4423,0.4549,0.20167,-0.97387,-1.2018,-0.90018
-0.60448,0.17697,1.6373,0.44027,0.59213,-0.83339,-1.6344,-0.58228
-0.5838,0.38027,1.1859,0.40498,0.46991,-1.1799,-1.4986,-0.57556
-0.64264,0.46454,1.3855,0.79322,0.21875,-0.78756,-1.3164,-0.58926
-0.73594,0.26688,1.4965,0.71903,0.56561,-0.748,-1.5805,-0.80382
-0.77036,0.3662,1.2248,0.74048,0.22778,-1.3635,-1.7818,-0.64855
-0.51647,0.24324,1.1312,0.86142,0.25363,-1.0807,-1.5772,-0.84548
-0.54381,0.026232,1.0546,0.66254,0.64039,-1.038,-1.4398,-0.91578
-0.63346,0.40718,1.4246,0.54084,0.49546,-1.14,-1.7419,-0.55066
-0.7747,0.3883,1.3133,0.90022,0.47387,-1.192,-1.2912,-0.54893
-1.0178,0.20266,1.5385,0.55714,0.28236,-1.3054,-1.5104,-0.52891
-0.63771,0.32875,1.0492,0.46307,0.46204,-0.97713,-1.5543,-0.69185
-0.70637,0.761,1.6912,0.75548,0.52304,-1.2046,-1.6084,-0.79895
-0.46498,0.33795,1.7512,0.71627,0.3939,-0.68509,-1.5945,-0.92599
-0.60821,0.41051,1.3033,0.65549,0.46485,-1.2013,-2.0286,-0.80904
-0.85917,0.51042,1.4585,1.2375,0.6279,-0.79564,-1.4507,-0.79983
-0.63606,0.029703,1.3473,0.70921,0.2702,-0.78342,-1.5993,-0.36874
-0.77715,0.40611,1.2833,0.76445,0.66154,-0.81339,-1.6572,-0.8023
-0.83711,-0.088016,1.2718,0.91267,0.60423,-1.18,-1.2821,-0.62386
-0.826,0.15071,1.4801,0.67044,0.57935,-0.73539,-1.6523,-1.1146
-0.51009,0.15029,1.3945,0.52096,0.40281,-0.83301,-1.4291,-0.53265
-0.60633,0.33205,1.5886,0.69184,0.16222,-0.84505,-1.4684,-0.66366
-1.1116,0.65118,1.7733,0.68493,0.39861,-0.7697,-1.4816,-0.60267
-0.85933,0.018692,1.3343,0.38772,0.62778,-1.1968,-1.73,-0.74159
-0.66336,0.12067,1.4492,0.73607,0.53239,-0.94402,-1.5149,-0.81671
-0.42112,-0.074367,1.2536,0.56227,0.63341,-1.2146,-1.1119,-0.54831
-0.86713,0.17239,1.1907,0.83636,0.43082,-0.69671,-1.5938,-0.72898
-0.69771,0.25794,1.4091,0.55366,0.19044,-0.96271,-1.399,-0.8749
-0.72919,0.17735,1.1738,1.0309,0.79958,-1.1321,-1.8431,-0.69519
-0.43973,0.016324,1.2762,1.0499,0.50341,-1.2334,-1.6166,-0.85206
-0.48214,0.39061,1.2864,0.8749,0.47486,-0.9701,-1.619,-0.65409
-0.6524,0.70802,1.608,0.78743,0.73517,-0.92368,-1.6425,-0.7611
-0.32786,0.14703,1.3636,0.3163,0.61009,-1.0113,-1.2945,-0.86168
-0.79732,0.054742,1.425,0.5811,0.68209,-1.0347,-1.4618,-1.0435
-0.6732,0.40423,1.2284,0.82872,0.66443,-0.75702,-1.3844,-0.64762
-0.75401,0.25886,1.2584,0.72601,0.13254,-0.98971,-1.333,-0.89078
-0.77036,0.46025,1.5215,0.66353,0.35312,-1.079,-1.4996,-0.7174
-0.66423,0.13015,1.7745,0.81934,0.48059,-0.80101,-1.5331,-0.53055
-0.75811,0.03624,1.4833,0.96865,0.45415,-0.92666,-1.4071,-0.36537
-0.64804,0.17056,1.3753,0.73811,0.30656,-0.83374,-1.827,-0.73343
-0.45288,0.13392,1.3483,0.56967,0.56727,-1.0376,-1.5393,-0.59868
-0.7919,0.12933,1.4768,1.1485,0.48221,-1.0735,-1.1974,-1.0014
-0.53124,0.23159,1.4042,0.79294,0.37449,-1.0683,-1.6109,-0.7336
-0.74703,0.27202,1.3727,0.5613,0.12448,-0.79657,-1.7266,-0.49369
-0.4953,-0.016288,1.2424,0.7109,0.64859,-0.83409,-1.4434,-0.73123
-0.58096,0.23702,1.3463,1.1723,0.52989,-1.1914,-1.6545,-0.55423
-0.50339,0.037009,1.2382,0.93274,0.3975,-1.0315,-1.4817,-0.48704
-0.22116,0.15308,1.5986,0.67292,0.37476,-1.0548,-1.2003,-0.69266
-0.72627,0.52186,1.4886,0.6831,0.35815,-1.138,-1.5257,-0.79021
-0.76327,0.18957,1.297,0.70575,0.2483,-0.88063,-1.3837,-0.73951
-0.77154,0.050865,1.2182,0.813,0.30268,-0.93475,-1.6559,-0.94873
-0.67856,0.21546,1.3239,0.51579,0.2546,-1.0734,-1.5141,-0.93495
-0.97537,0.15278,1.3995,0.37497,0.51535,-0.47961,-1.6735,-0.49001
-0.70505,0.25782,1.3994,0.82344,0.1832,-0.76294,-1.5505,-0.8462
-0.69187,0.054222,1.6002,0.42448,0.44316,-0.99346,-1.756,-0.86105
-0.84551,0.38256,1.2553,0.7007,0.18163,-0.98901,-1.5681,-0.71513
-0.61583,0.24241,1.249,0.54135,0.29932,-1.0801,-2.0399,-0.75877
-0.72869,0.10391,1.1167,0.73717,0.39895,-0.6381,-1.6381,-0.66027
-0.7697,0.31066,1.4422,0.90495,0.388,-1.0127,-1.4451,-0.82388
-0.64627,0.33053,1.4298,0.55941,0.64855,-0.99184,-1.629,-0.89743
-0.84532,0.039965,1.3259,0.42613,0.17206,-0.66101,-1.33,-0.90958
-0.52514,0.21748,1.5022,0.95245,0.31941,-1.0624,-1.7742,-0.85693
-0.6696,0.046486,1.3009,0.68453,0.11857,-0.96082,-1.7263,-0.96731
-0.51487,0.089152,1.6429,0.71129,0.78065,-0.74287,-1.4461,-0.98052
-0.81892,0.27832,1.3708,0.85777,0.3186,-1.0349,-1.6097,-0.68331
-0.29717,0.038886,1.3653,0.63688,-0.040524,-1.36,-1.4973,-0.99752
-0.82131,0.41824,1.7281,0.9831,0.33633,-0.87265,-1.5169,-0.65903
-0.56856,0.22773,1.3202,0.7919,0.54798,-0.83652,-1.7344,-0.64075
-0.63246,0.19233,1.4186,0.72776,0.11287,-0.90353,-1.4931,-0.91647
-0.6536,0.28854,1.4878,0.66634,0.31804,-0.99097,-1.7656,-1.0172
-0.43864,0.076096,1.5331,0.6548,0.44646,-0.85876,-1.6977,-0.68215
-0.85581,-0.14352,0.99654,1.009,0.46401,-0.82998,-1.4675,-0.47006
-0.54993,0.46835,1.2869,0.59095,-0.18511,-0.59307,-1.4595,-0.8109
-0.64186,0.13004,1.2374,0.659,0.55867,-0.91389,-1.6259,-0.60554
-0.62861,0.15006,1.1626,0.86389,0.54802,-0.97042,-1.9358,-0.56577
-0.38204,-0.29835,1.547,0.76774,0.40402,-0.85519,-1.8693,-1.2208
-0.53038,0.35289,1.402,0.54723,0.35158,-0.86494,-1.6054,-0.71965
-0.48543,0.16613,1.6408,0.62959,0.35058,-0.86224,-1.6347,-0.74693
-0.4988,-0.052428,1.2527,0.44855,0.1349,-1.0582,-1.6184,-0.76108
-0.73191,0.63732,1.843,0.42671,0.30208,-0.81541,-1.4728,-1.2068
-0.94811,0.21083,1.5294,0.73306,0.42018,-0.7445,-1.6764,-1.1354
-0.69928,0.22765,1.4429,0.85569,-0.066463,-0.7417,-1.5594,-0.96406
-0.52944,-0.071819,1.547,0.68698,0.076373,-1.0272,-1.4475,-0.97401
-0.74533,0.083899,1.4489,0.85794,0.49526,-0.55893,-1.4003,-0.87126
-0.54635,0.15186,1.41,0.88373,0.3145,-0.73908,-1.7317,-0.74398
-0.38255,-0.31663,1.1824,0.81405,0.39594,-1.0668,-1.3362,-0.71747
-0.65198,0.56555,1.4626,0.5688,0.30527,-1.1622,-1.4273,-1.3676
-0.74208,0.38435,1.3683,0.47989,-0.17095,-0.81549,-1.4902,-0.70014
-0.39317,0.12813,1.2995,0.75169,0.24877,-0.59408,-1.2037,-0.72558
-0.56074,0.16429,1.4411,0.74898,0.18718,-0.6527,-1.4612,-0.81641
-0.77361,0.069041,1.3394,0.97523,0.56499,-0.68992,-1.575,-1.0398
-1.0105,0.34449,1.3663,0.80762,0.1458,-0.84928,-1.8716,-0.96886
-0.82694,0.20448,1.6373,1.0461,-0.029432,-0.828,-1.6477,-0.82039
-0.55003,0.00012489,1.1962,0.69007,-0.12189,-1.0842,-1.351,-0.71823
-0.52631,0.184,1.2297,1.1942,0.25136,-0.75836,-1.5487,-0.92031
-0.78639,0.10474,0.97071,1.0397,0.56376,-0.94583,-1.4663,-1.1794
-0.39025,0.052761,1.4608,0.81025,0.23008,-0.84332,-1.2443,-0.97595
-0.32439,0.47365,1.5075,0.95377,0.30674,-0.86387,-1.531,-0.4917
-0.93702,0.37828,1.0614,0.81327,0.05332,-0.93257,-1.2456,-1.0376
-0.80602,0.26373,1.4858,0.90062,0.16059,-1.0119,-1.653,-0.86512
-0.76112,0.25126,1.4648,0.77036,0.39787,-0.56166,-1.7469,-0.74129
-0.66207,0.22756,0.90577,0.59057,0.56545,-0.82222,-1.1452,-1.5212
-0.61429,0.0049142,1.7206,1.0807,0.19291,-0.90279,-1.4434,-0.89011
-0.83136,0.24363,1.3347,1.0758,0.076766,-0.97507,-1.4865,-1.2382
-0.6271,0.18864,1.4206,0.5683,-0.045852,-0.72411,-1.4285,-0.86902
-0.82825,0.48369,1.3711,0.83671,0.41973,-0.69652,-1.6427,-1.0821
-0.70466,0.084539,1.1269,1.4205,-0.014637,-0.905,-1.5308,-0.63375
-0.7239,0.2165,1.5215,1.0206,-0.11211,-1.1055,-1.378,-0.79934
-0.7952,0.37775,1.4032,1.0167,0.13545,-0.50421,-1.4094,-0.9645
-0.66038,0.2251,1.1832,0.72036,0.18945,-0.71769,-1.4695,-0.81291
-0.66151,0.14118,1.1242,0.80216,0.23053,-1.017,-1.5812,-0.81895
-0.59863,0.24339,1.1365,1.007,0.66218,-1.0703,-1.685,-0.9899
-0.5928,0.17469,1.1732,0.95802,0.32355,-0.66409,-1.9261,-0.94799
-0.47737,-0.23671,1.4475,0.90249,0.16736,-0.81616,-1.5704,-0.76139
-0.59976,0.14404,1.1606,0.7614,0.22702,-0.47465,-1.5525,-1.2325
-0.39878,0.23602,1.3142,0.66711,0.035487,-0.85509,-1.2837,-0.68187
-0.7152,0.36465,1.4271,0.91699,0.038305,-1.0386,-1.2656,-0.85042
-0.71984,0.38623,1.1645,0.84424,0.27513,-0.71051,-1.4003,-0.90271
-0.56376,0.46609,1.4727,0.92267,0.3642,-0.69868,-1.5815,-0.8467
-0.96325,0.25968,1.449,0.88167,0.29267,-0.79567,-1.557,-0.74041
-0.90077,0.17102,1.3309,0.89971,-0.19378,-0.8327,-1.6709,-1.2744
-0.6263,0.21682,1.1137,0.71246,0.27683,-0.72777,-1.4774,-1.1319
-0.65656,0.38723,1.4244,1.1177,0.27701,-0.88779,-1.5285,-0.82
-0.64303,0.41463,1.1825,1.0628,0.29423,-0.55144,-1.2266,-0.76108
-0.77696,0.10804,1.1131,1.0069,0.2569,-0.86831,-1.4273,-0.91098
-0.50375,0.61883,1.3255,1.0021,-0.23027,-0.84754,-1.7428,-1.0476
-0.76293,0.1004,1.2613,0.68459,0.3162,-0.81938,-1.3707,-1.3357
-0.70265,0.29868,1.6143,1.0934,0.29226,-0.87878,-1.3716,-0.97302
-0.75016,0.24492,1.3713,0.99022,0.10454,-0.58355,-1.4312,-1.0453
-0.72697,0.27449,1.1041,0.81238,-0.091647,-0.74821,-1.4499,-0.72122
-0.84862,0.38797,1.6892,1.0038,0.32817,-0.60321,-1.5927,-1.241
-0.42084,0.3703,1.4242,0.79834,-0.11542,-1.0552,-1.3714,-1.0416
-0.99947,0.090964,1.173,1.2016,-0.072108,-1.0238,-1.1801,-1.0094
-0.61186,0.24152,1.5074,0.84431,0.10998,-0.80027,-1.5691,-0.92007
-0.77455,0.20114,1.3192,0.89702,0.041939,-0.91866,-1.2913,-0.91964
-0.72995,0.3499,1.3733,1.1295,-0.0098962,-1.0799,-1.3672,-0.80886
-0.64068,0.46991,1.3104,0.94633,0.062693,-0.86569,-1.0487,-1.0185
-0.74005,0.15889,1.3477,0.99666,0.053501,-1.0449,-1.1611,-1.0455
-0.52073,0.29002,1.3485,0.85807,0.21023,-0.61098,-1.4665,-0.83645
-0.59213,0.44474,1.136,0.82682,-0.15526,-0.62371,-1.2697,-0.94388
-0.51499,0.29106,1.2506,1.0534,-0.12117,-0.65158,-1.5183,-0.98174
-0.41801,0.33855,1.298,1.2756,0.061774,-0.67303,-1.2876,-0.94985
-0.69967,0.21685,1.5951,1.0495,-0.089669,-0.71357,-1.2092,-0.99128
-1.089,0.054369,1.0829,1.0689,-0.13623,-0.72663,-1.6096,-0.89869
-0.91837,0.51511,1.3102,0.95319,-0.090037,-0.90091,-1.4876,-0.73538
-0.78009,0.28332,1.4207,1.1647,-0.018046,-0.80637,-1.1368,-0.8411
-0.7269,0.048664,1.3395,1.0079,0.0079576,-0.98276,-1.4819,-0.86531
-0.45945,0.34415,1.2351,1.1802,-0.23476,-0.57081,-1.3901,-1.1826
-0.81528,0.62197,1.1994,0.82386,0.12825,-0.58539,-1.6319,-1.1276
-0.77147,0.59755,1.22,0.92126,-0.0058932,-0.47086,-1.5738,-0.85335
-1.0048,0.28011,1.2037,0.91003,-0.24867,-0.63887,-1.4375,-1.0376
-1.0075,0.19013,1.2583,1.0624,-0.27834,-0.92238,-1.2319,-1.092
-0.85074,0.651,1.3088,0.94509,0.24657,-0.60711,-1.3867,-0.99686
-0.42209,0.39432,1.5225,0.90523,0.39279,-0.82625,-1.5798,-0.96254
-0.68855,0.19595,1.4015,0.97059,-0.0804,-0.76583,-0.9534,-1.1034
-0.63973,0.22227,1.2025,0.61763,-0.20825,-0.99844,-1.5618,-0.96267
-0.73265,0.36781,1.3151,1.209,0.069415,-0.54205,-1.3054,-1.1838
-0.80112,0.70072,1.2168,1.0776,-0.4117,-0.78271,-1.2654,-1.2246
-0.42944,0.40994,1.0324,0.89339,-0.030916,-0.68962,-1.0229,-1.0825
-0.4299,0.41124,1.0285,1.2029,0.14561,-1.103,-1.3853,-0.97464
-0.91386,0.35653,1.4759,0.98935,-0.45126,-0.64397,-1.3486,-1.1463
-0.62554,0.28587,1.1033,1.104,0.065223,-0.67508,-1.2506,-1.0098
-1.0577,0.31223,1.4447,0.87529,-0.19341,-0.91287,-1.4384,-1.1815
-0.84482,0.18527,1.7143,1.1524,-0.29549,-0.94053,-1.4055,-0.75181
-0.78799,0.39551,1.3159,0.92154,0.074996,-0.86013,-1.4783,-0.55744
-0.89337,0.4328,1.4987,0.96557,-0.11,-0.85802,-1.1762,-0.76043
-0.87606,0.61619,1.4609,0.69392,-0.22189,-1.0776,-1.1923,-0.82675
-0.87889,0.56463,1.3384,1.4727,-0.23822,-0.57666,-1.1063,-0.86575
-0.76928,0.32258,1.3372,1.2776,-0.44764,-0.65664,-0.97137,-1.0299
-0.89198,0.46229,1.3725,1.0665,0.051187,-0.82619,-1.0508,-1.12
-0.69448,0.12721,1.3747,1.0824,-0.00028282,-0.73353,-1.3417,-1.0027
-0.75665,0.22241,1.3724,1.1866,-0.41857,-1.0404,-1.1335,-1.1621
-0.7825,0.3922,1.6586,1.0767,-0.23925,-0.67112,-1.0758,-0.88832
-0.41933,0.78578,1.1657,0.81513,-0.2632,-0.8083,-1.2204,-0.95557
-0.81864,0.4096,1.258,1.1071,-0.20719,-0.85272,-1.4702,-0.93734
-0.73525,0.3683,1.3997,0.91539,0.096361,-1.04,-1.3743,-0.88034
-0.70818,0.3735,1.5214,0.98789,-0.45129,-0.9244,-1.2434,-1.0807
-0.70212,0.33294,1.2195,1.2756,0.15182,-0.47174,-1.1503,-1.188
-0.79984,0.68664,1.136,0.97151,-0.17655,-0.97404,-1.3647,-1.0735
-0.86446,0.67744,0.83549,1.0866,-0.1202,-0.7825,-1.0066,-1.3173
-0.95303,0.47736,1.6993,1.1837,-0.32765,-0.75916,-1.1875,-0.80078
-0.72726,0.40151,1.5803,1.3872,-0.29407,-0.80318,-1.2894,-1.2862
-1.084,0.22152,1.153,1.2939,0.22448,-0.56492,-1.3481,-0.87934
-1.1367,0.59557,1.3626,1.4472,-0.14034,-0.60167,-1.2904,-0.98638
-0.74462,0.40308,1.1414,1.164,0.12264,-0.88517,-1.2268,-1.0847
-0.83476,-0.048037,1.2642,0.89946,-0.42054,-0.78333,-1.2628,-0.9406
-1.1817,0.58646,1.4519,0.97222,-0.2252,-0.83085,-0.83091,-0.89211
-0.87017,0.25833,1.4526,1.4396,-0.099574,-0.77444,-1.1065,-0.83777
-0.98168,0.061917,0.92736,0.57049,-0.19951,-1.0756,-1.0748,-1.0893
-0.61961,-0.049751,1.2803,1.1717,-0.058994,-0.78377,-1.3049,-0.87072
-0.69674,0.29884,1.2775,1.1987,-0.51851,-0.75182,-1.133,-0.95135
-0.89738,0.48671,1.1817,0.96455,-0.1111,-1.0854,-1.1187,-0.96151
-1.3113,0.32197,1.1128,1.0145,0.17429,-0.69884,-1.1611,-1.3395
-0.71114,0.40348,1.1167,1.1153,-0.47479,-0.52367,-1.343,-0.9621
-0.81895,0.40193,1.5173,1.0265,-0.15837,-0.33059,-1.1251,-1.0462
-0.64835,0.65103,1.1606,1.0906,0.05415,-0.64802,-1.1214,-0.90451
-0.83447,0.31499,1.3596,0.50902,-0.18319,-0.87019,-1.2834,-0.98669
-0.77734,0.66248,1.4743,1.2037,-0.050863,-0.91068,-1.3063,-1.4127
-1.0216,0.89851,1.5229,1.3513,-0.14668,-0.86703,-1.0701,-1.2645
-0.90117,0.72369,1.5466,1.2147,-0.26345,-0.36729,-1.028,-1.1381
-0.84204,0.22609,1.3573,0.59667,-0.16927,-0.5322,-0.93164,-1.025
-1.0133,0.83881,1.1042,1.3472,-0.20159,-0.52114,-1.3884,-1.0861
-0.79234,0.65751,1.4593,0.77553,-0.28443,-0.73221,-0.77092,-1.1555
-1.0177,0.51294,1.3344,1.0862,-0.030357,-0.6734,-1.1236,-1.187
-1.2732,0.57466,1.4519,0.79272,0.036789,-0.733,-1.0131,-0.71552
-0.83107,0.52525,1.1736,1.0908,-0.25485,-0.75938,-1.18,-1.1316
-0.8406,0.23207,1.0544,1.101,-0.1018,-0.79386,-1.0682,-1.17
-0.92845,0.35848,1.1481,1.2705,-0.26804,-1.0355,-0.72697,-1.1153
-1.0398,0.64146,1.2719,1.1167,-0.10404,-0.82663,-1.0884,-0.83247
-0.47004,0.551,1.2226,1.1023,-0.47937,-0.65497,-0.98078,-1.1561
-0.70363,0.40032,1.2758,1.0613,-0.17089,-0.8045,-1.2217,-0.73633
-0.47758,0.37155,1.1252,1.2207,-0.39788,-0.77631,-0.97099,-0.99285
-0.85107,0.78461,1.2442,1.1546,-0.28134,-0.58416,-1.1842,-1.1985
-0.97718,0.35004,0.86273,1.0357,-0.085583,-0.67024,-1.354,-1.2985
-0.89524,0.28648,1.6737,1.1708,-0.25587,-0.69195,-1.1116,-1.0894
-0.78955,0.62978,1.084,1.0376,-0.24461,-0.93756,-1.1812,-1.1856
-0.45341,0.62906,0.98782,1.0048,0.0088379,-0.505,-1.2088,-1.2759
-0.94955,0.51879,1.5168,1.0967,-0.46459,-0.56527,-0.74824,-1.1415
-1.0086,0.60058,1.2275,1.3054,-0.25086,-0.81336,-0.65353,-1.3529
-0.9262,0.75934,0.87587,1.1231,-0.084271,-0.81535,-0.955,-1.22
-1.0553,0.6108,1.3519,0.96906,-0.027343,-0.35591,-0.75489,-0.861
-1.1126,0.63255,0.97406,1.1009,-0.0019516,-0.72343,-1.0035,-0.87479
-0.57915,0.62546,1.5577,1.517,-0.31893,-0.82463,-0.84869,-0.89551
-0.88864,0.73716,1.1775,1.1758,-0.0005337,-0.57583,-1.1154,-1.0565
-0.77277,0.80961,1.2805,1.25,-0.34409,-0.4593,-1.1664,-1.2745
-0.98236,0.10266,1.1327,1.1205,-0.3533,-0.64314,-0.46491,-0.71809
-0.81328,0.50492,1.3751,1.228,-0.25743,-0.45699,-0.82047,-1.0643
-1.2736,0.74223,0.81133,1.4293,-0.19868,-0.65859,-0.98909,-0.94887
-1.0172,0.5668,1.0189,1.176,-0.3508,-0.6801,-1.2328,-1.0075
-0.72329,0.59293,1.3484,1.3397,-0.2315,-0.58457,-0.87368,-0.75251
-1.2448,0.45132,1.5358,0.80133,-0.53498,-1.0107,-0.80635,-0.91628
-0.75512,0.48573,1.0512,1.2313,-0.47284,-0.83698,-0.56494,-1.2523
-0.95616,0.84457,1.332,1.1143,-0.32861,-0.83422,-1.1305,-1.1025
-0.91013,0.34883,1.6141,1.3515,-0.16575,-0.63411,-0.936,-0.9913
-0.92021,0.51539,1.1923,1.017,-0.25069,-0.37951,-1.0417,-0.99523
-0.75323,0.34313,1.3042,1.084,-0.31873,-0.74762,-1.0598,-0.96451
-1.0501,0.6038,1.161,1.3346,0.086821,-0.7123,-1.0601,-1.1661
-1.0672,0.5981,1.4073,1.103,-0.24911,-0.50402,-0.91139,-0.89157
-0.9043,0.95555,1.228,1.032,-0.57463,-0.44765,-1.019,-0.90387
-0.81113,0.48581,1.4882,1.1977,-0.41028,-0.58869,-1.043,-1.2997
-1.0503,0.63282,1.4232,1.292,-0.30462,-0.48291,-0.76178,-0.82438
-0.77919,0.7962,1.3973,0.79731,-0.17306,-0.46841,-1.2558,-1.1705
-0.81804,0.29959,1.2334,0.89132,-0.37244,-0.50997,-0.94206,-0.95586
-1.2003,0.56707,1.061,1.227,-0.49448,-0.36377,-0.94315,-1.0348
-1.2642,0.82786,1.0742,1.1835,-0.49183,-0.62088,-0.77187,-1.0955
-0.73465,0.67944,1.1707,1.2531,-0.4295,-0.46389,-1.0267,-1.2217
-0.99884,0.77146,1.3327,1.1626,-0.45989,-0.288,-1.0986,-0.728
-1.1659,0.72428,1.2755,1.0635,-0.33282,-0.5613,-0.67135,-0.90437
-0.95906,0.66389,1.2188,1.1295,-0.32988,-0.4948,-0.69658,-1.145
-0.89678,0.36866,1.323,1.2278,-0.43082,-0.59923,-0.63592,-0.7523
-1.0408,0.75746,1.14,0.96448,-0.25145,-0.76815,-0.81091,-0.92149
-0.88991,0.76362,1.0932,1.314,-0.40698,-0.87002,-0.92836,-0.88196
-0.91732,0.6735,1.444,1.1237,-0.43287,-0.63274,-1.431,-0.93219
-1.0965,0.92188,1.1361,1.1049,-0.76665,-0.5493,-0.97117,-0.95389
-1.0458,0.3483,1.5764,1.1485,-0.74639,-0.92691,-0.86643,-1.0422
-0.83381,0.61958,1.3549,1.334,-0.41622,-0.43605,-0.83366,-0.82731
-1.0589,0.75067,1.1505,0.86949,-0.3602,-0.71013,-0.78526,-0.58061
-0.73462,0.65076,1.2141,0.91635,-0.88151,-0.43669,-0.71965,-0.86096
-0.94417,1.0946,1.5482,1.1074,-0.18362,-0.40588,-0.88039,-1.0258
-1.366,0.97071,1.5925,0.9117,-0.36203,-0.65582,-0.65073,-0.87109
-1.1152,0.64581,1.3981,1.0921,-0.34568,-0.68146,-1.0685,-1.1196
-1.1283,0.80495,1.1408,1.0002,-0.55997,-0.45826,-0.8952,-0.82453
-0.93645,0.84068,1.3602,1.2339,-0.5334,-0.94895,-0.84795,-0.9433
-1.0252,0.77872,1.3717,1.0413,-0.47947,-0.35897,-1.0056,-0.82107
-0.88249,0.75541,1.1818,1.4477,-0.26059,-0.6948,-0.99091,-0.91523
-1.2099,0.75616,1.4185,0.9139,-0.75026,-0.61342,-0.71439,-0.98731
-0.93836,0.63638,0.96295,1.4167,-0.64255,-0.48096,-1.0212,-0.72488
-0.8757,0.89556,1.1369,1.2429,-0.47204,-1.0251,-0.94375,-1.1753
-1.1638,0.5055,1.3014,1.0587,-0.33659,-0.54146,-0.82064,-1.104
-0.71523,0.49742,1.2445,1.0307,-0.86934,-0.31523,-0.83215,-0.87104
-0.97486,0.58704,1.3961,1.1793,-0.29747,-0.3832,-0.94172,-1.3678
-1.2089,0.84873,1.1967,1.3837,-0.36518,-0.80442,-0.72165,-1.1496
-1.0986,0.62249,1.4161,1.2344,-0.21172,-0.60793,-0.67472,-0.79743
-0.84234,0.46011,1.0971,1.0501,-0.7834,-0.52147,-0.958,-0.95618
-1.33,0.81963,1.4108,1.0136,-0.37953,-0.68553,-0.74438,-1.0648
-1.0557,0.78579,1.2789,1.1635,-0.46755,-0.32128,-0.82534,-0.94798
-1.0482,1.0013,1.3805,1.1695,-0.79615,-0.70733,-1.0155,-1.1723
-1.2157,0.57871,1.3134,1.2951,-0.50138,-0.87241,-0.55726,-0.8569
-1.0712,0.81524,1.2478,0.99179,-0.55897,-0.69172,-0.5095,-1.2359
-1.1894,0.84927,1.3554,1.1039,-0.40655,-0.40141,-0.59447,-1.2295
-1.0528,0.93169,1.096,1.2583,-0.26585,-0.80038,-0.91112,-0.91152
-0.97931,0.86134,1.3385,1.2076,-0.26985,-0.31831,-0.65647,-1.0619
-0.98824,0.61312,1.3683,1.1373,-0.47282,-0.71765,-0.60484,-0.65539
-1.1033,1.1145,1.1593,0.93802,-0.80745,-0.2401,-0.67808,-0.77758
-1.3678,0.71182,1.3427,1.1657,-0.55126,-0.5055,-0.49716,-1.0432
-1.3363,0.76951,1.2641,0.92872,-0.45623,-0.5356,-0.87836,-0.87588
-1.2252,0.82159,1.323,1.4793,-0.51229,-0.41438,-0.95364,-1.094
-0.76367,0.89553,1.2177,1.4044,-0.61259,-0.51893,-0.90439,-0.79526
-1.2812,0.78561,1.143,1.1634,-1.0122,-0.75186,-0.67136,-1.0675
-1.2151,0.85939,1.3144,0.84883,-0.46228,-0.44512,-0.74898,-0.90129
-1.0166,0.98997,1.3756,1.3554,-0.12756,-0.29499,-0.66534,-0.85155
-1.3256,1.0419,1.8117,0.9929,-0.30664,-0.41158,-0.72793,-1.1222
-1.2933,0.88238,1.6993,1.2218,-0.66483,-0.54438,-0.73748,-0.86507
-1.1917,0.98789,1.4439,1.0995,-0.75576,-0.61124,-0.60124,-0.94155
-1.0389,1.1609,1.346,1.3314,-0.59335,-0.61762,-0.83493,-0.82052
-1.2484,1.0665,1.0813,1.1865,-0.57803,-0.41923,-0.70792,-0.9136
-1.1699,0.9634,1.4763,1.147,-0.75716,-0.66412,-0.79838,-0.92087
-1.2858,1.0225,1.4234,1.3721,-0.69347,-0.84763,-0.55704,-1.04
-1.0305,0.9437,0.9703,1.3693,-0.35334,-0.89643,-0.64073,-0.79544
-1.0085,1.1482,1.3411,0.9879,-0.50613,-0.47877,-0.6646,-1.2497
-1.4149,0.58923,1.2236,1.1273,-0.71275,-0.69375,-0.65962,-0.82961
-1.2897,1.0699,1.1616,1.2069,-0.81347,-0.47797,-0.88007,-0.84107
-0.93897,0.94641,1.5504,1.1175,-0.5657,-0.67386,-0.71851,-0.95859
-1.1011,0.95648,1.2224,1.1945,-0.58856,-0.16532,-0.52557,-0.85095
-1.3263,0.92697,1.2242,1.0948,-0.99955,-0.34642,-0.70162,-0.96195
-1.0109,1.099,1.2431,1.1805,-0.37897,-1.0254,-0.64518,-1.0982
-1.2598,0.70126,1.3652,1.2744,-0.95417,-0.56738,-0.83097,-1.1361
-1.2246,0.99785,1.4833,1.2533,-0.44954,-0.30198,-0.68502,-1.0036
-1.0436,0.96223,1.328,0.89016,-0.97289,-0.70691,-0.4107,-1.1089
-0.68331,1.0078,1.4615,1.3293,-0.95746,-0.51168,-0.50607,-0.94749
-1.3451,1.0009,1.1263,0.80748,-0.76021,-0.27363,-0.58848,-1.0186
-1.0691,0.91942,1.0528,1.1414,-0.57585,-0.87951,-0.17175,-0.73955
-1.3075,0.59914,1.1444,0.94353,-0.69865,-0.57628,-0.55797,-0.96927
-1.4219,1.1228,1.3118,1.014,-0.58327,-0.69667,-0.8683,-1.1284
-1.1147,0.78866,1.2522,1.2548,-0.61869,-0.40846,-0.80128,-1.1213
-1.4395,0.97169,1.0742,1.1365,-0.44031,-0.69241,-0.65429,-0.69383
-1.108,1.1948,1.1664,1.1791,-0.55024,-0.67531,-0.47125,-0.87965
-1.1458,1.049,1.3589,1.2109,-0.39546,-0.26594,-0.6239,-1.2744
-1.0159,0.74102,1.2521,1.1444,-0.75288,-0.51407,-0.55449,-0.83429
-1.1588,0.6718,1.3339,1.073,-0.76279,-0.44283,-0.71558,-1.1511
-1.4044,1.0786,1.3922,1.2658,-0.61465,-0.44832,-0.75718,-1.0925
-1.1405,0.91525,1.5327,1.1409,-0.63228,-0.54103,-0.48496,-0.75989
-1.4946,0.80915,1.121,1.107,-0.76857,-0.44678,-0.78511,-1.1332
-1.4392,1.2123,1.4355,1.0539,-0.5149,-0.44427,-0.70894,-1.0085
-1.1681,0.98221,1.3292,1.1147,-0.58343,-0.74696,-0.38758,-0.83443
-1.2763,0.94475,1.4097,1.0554,-0.56315,-0.37638,-0.79545,-0.85629
-1.3035,0.85327,1.2012,0.98105,-0.49986,-0.42214,-0.92751,-0.81624
-1.2528,1.1237,1.381,0.99863,-0.53101,-0.80392,-0.8254,-0.65643
-1.504,0.95317,0.97082,1.0011,-0.59539,-0.22019,-0.64632,-0.90041
-1.0978,1.1751,1.3011,1.2096,-0.7562,-0.66297,-0.89421,-0.66773
-1.4643,1.019,1.6118,1.4372,-0.2653,-0.58891,-0.37508,-1.0986
-1.5812,1.2681,0.95817,1.055,-0.64147,-0.32128,-0.47919,-1.0257
-1.4891,1.202,1.0573,1.0767,-0.65506,-0.45362,-0.63523,-0.94995
-0.95765,1.2232,1.2739,1.1284,-0.41744,-0.57458,-0.6569,-0.68076
-1.4512,1.0014,1.8343,1.436,-0.55774,-0.20505,-1.0967,-0.82818
-1.3803,1.1116,1.271,1.2581,-0.62373,-0.547,-0.76906,-1.0678
-1.2765,0.88645,1.2278,1.1467,-0.63386,-0.5614,-0.62012,-0.84091
-1.0439,1.0163,1.4051,1.1413,-0.42236,-0.52814,-0.77289,-0.57408
-1.3241,1.222,0.82551,1.4546,-0.50216,-0.56453,-0.48874,-1.103
-1.3678,1.2109,1.2156,1.2661,-0.64365,-0.6623,-0.60315,-1.1216
-1.0628,0.84196,1.5632,1.0553,-0.58762,-0.34218,-0.77666,-0.95786
-1.4276,1.2851,1.4508,0.79631,-0.46573,-0.42749,-0.82379,-0.85805
-1.2354,1.036,1.6339,1.0262,-0.7716,-0.77393,-0.44386,-1.0925
-1.3435,1.3766,1.3428,1.2433,-0.70924,-0.43098,-0.43226,-0.646
-1.1915,1.3205,1.4539,1.2626,-0.53229,-0.40552,-0.9744,-0.7634
-1.3207,1.3283,1.3629,1.0522,-0.85694,-0.65262,-0.63005,-0.8275
-0.87609,0.98788,1.0922,0.74175,-0.58919,-0.48873,-0.7508,-0.68328
-1.162,1.2344,1.411,1.048,-0.79357,-0.49072,-0.79241,-0.68697
-1.2295,1.0823,1.4005,1.0967,-0.46191,-0.4029,-0.79437,-0.8053
-1.3713,1.1047,1.4316,1.0207,-0.89644,-0.56945,-0.70213,-0.88707
-1.4751,1.1076,1.2923,0.93319,-0.87504,-0.23123,-0.54244,-1.0269
-1.3982,1.3915,1.0715,0.98377,-1.0696,-0.59639,-0.63872,-0.83044
-1.0598,1.5529,1.1975,1.0433,-0.31711,-0.42632,-0.79605,-0.90699
-0.87573,1.28,1.1291,1.042,-0.65128,-0.48527,-0.67192,-0.83956
-1.4017,1.1012,1.1585,0.71231,-0.51056,-0.50983,-0.56933,-0.99504
-1.3268,1.0528,1.4482,0.88823,-0.55756,-0.39131,-0.47485,-0.53199
-1.3112,1.2852,1.2591,0.98859,-0.38181,-0.5126,-0.49281,-0.9796
-1.2016,1.2398,1.1295,1.0811,-0.32876,-0.48128,-0.51411,-0.80038
-1.2082,1.3711,1.568,1.3804,-0.3915,-0.74078,-0.79264,-0.93672
-1.5373,1.3159,1.1127,1.0332,-0.66171,-0.62548,-0.66558,-0.50661
-1.4148,1.2233,1.5835,1.0947,-0.75139,-0.63918,-0.59134,-0.54494
-1.2797,1.0854,1.2442,0.86247,-0.53821,-0.80924,-0.45579,-0.88457
-1.5161,1.4772,1.4667,1.4769,-0.74698,-0.632,-0.82829,-0.50135
-1.0434,1.2313,1.3086,1.3041,-0.71436,-0.52755,-0.50195,-0.81025
-1.312,1.1306,1.2801,1.1242,-0.64186,-0.7647,-0.61692,-0.81872
-1.4662,1.4484,1.3659,0.7838,-0.8747,-0.53159,-0.79176,-0.78633
-1.4263,1.4729,1.2927,0.82106,-0.83829,-0.82081,-0.85246,-0.48632
-1.2291,1.2248,1.4645,1.1412,-0.58581,-0.70923,-0.58783,-1.0009
-1.5443,1.385,1.5809,0.97602,-0.40081,-0.75569,-0.34557,-0.84427
-1.3323,1.1301,1.5848,1.1238,-0.4316,-0.46475,-0.95232,-1.0338
-1.2355,1.5373,1.5073,0.60778,-0.73988,-0.81736,-0.32161,-0.61242
-1.5035,1.2316,1.6159,1.1891,-0.84922,-0.43982,-0.89725,-0.78395
-1.2583,1.1333,1.3844,0.94216,-0.55379,-0.50002,-0.73344,-0.45159
-1.1985,1.511,1.3468,0.85395,-0.31775,-0.41002,-0.92942,-0.91391
-1.5515,1.2023,1.3577,1.2067,-0.41051,-0.20503,-1.0148,-0.74935
-1.3827,1.3362,1.0561,0.851,-0.72176,-0.60747,-0.50393,-0.66119
-1.2034,0.82133,1.2116,1.2146,-0.50512,-0.68567,-0.39556,-0.66843
-1.2532,1.5258,1.3156,0.85419,-0.8723,-0.72251,-0.78156,-0.39992
-1.1374,1.2517,1.4544,0.91277,-0.78473,-0.66625,-0.88739,-0.54995
-1.2106,0.92909,1.3607,1.128,-0.79747,-0.48018,-0.49968,-0.96171
-1.623,0.96066,1.4075,1.3403,-0.44959,-0.56094,-0.38416,-0.47508
-1.6141,1.1743,1.3922,0.95414,-0.38415,-0.52996,-0.67789,-0.74753
-1.2697,1.0081,1.5031,1.1617,-0.34992,-0.35259,-0.52235,-0.53281
-1.2116,1.2225,1.6514,1.1474,-0.84055,-0.54723,-0.58617,-0.51388
-1.6245,1.2337,1.4489,1.0216,-0.74857,-0.49028,-0.56338,-0.61812
-1.2698,0.95724,1.5216,0.64332,-0.6814,-0.53664,-0.54357,-0.85202
-1.4635,1.5602,1.4239,1.093,-0.52039,-0.54794,-0.59339,-0.62888
-1.2563,1.5127,1.1825,0.93271,-0.6201,-0.32767,-0.57113,-0.83245
-1.4348,0.85184,1.1284,0.95254,-0.44201,-0.71207,-0.74358,-0.6197
-1.1117,1.5527,1.5861,0.86136,-0.74426,-0.81489,-0.85456,-0.71324
-1.4715,1.1146,1.6776,0.93894,-0.37679,-0.62817,-0.78934,-0.70976
-1.7331,1.1206,1.2489,1.0483,-0.70298,-0.61386,-0.55776,-0.33203
-1.3657,1.2052,1.2032,0.81686,-0.65468,-0.79523,-0.61193,-0.48086
-1.1915,1.1643,1.4727,1.0589,-0.34355,-0.1733,-0.86545,-0.57254
-1.0256,1.5524,1.4555,0.88047,-0.74592,-0.65416,-0.60759,-0.68967
-1.2404,1.2007,1.3234,0.96521,-0.55432,-0.56413,-0.76872,-0.64056
-1.4157,1.369,1.1357,1.3227,-0.64453,-0.55712,-0.62501,-0.83761
-1.175,1.2147,1.2538,0.95676,-0.57199,-0.59658,-0.75846,-0.58281
-1.1856,1.2704,1.1001,0.94101,-0.66751,-0.51532,-0.47422,-0.75855
-1.3651,1.0476,1.5049,0.7869,-0.3893,-0.78075,-0.548,-0.59113
-1.3072,1.2204,1.6104,0.88067,-0.4747,-0.58069,-0.73438,-0.60469
-1.4111,1.4093,1.7874,0.99882,-0.61161,-0.99732,-0.45371,-0.54854
-1.2073,1.8393,1.3939,0.78792,-0.34868,-0.70873,-1.1101,-0.60518
-1.2987,1.3418,1.6208,1.1748,-0.66827,-0.62789,-0.55001,-0.71001
-1.2085,1.3591,1.5941,1.2724,-0.46505,-0.50752,-0.73262,-0.85529
-1.4975,1.5819,1.0306,0.85687,-0.96826,-0.39551,-0.52216,-0.56399
-1.0776,1.3345,1.4408,1.0411,-0.45521,-0.39883,-0.75129,-0.55133
-1.5225,1.3842,1.5678,0.67738,-0.49951,-0.68717,-1.0944,-0.4737
-1.3761,1.2073,1.4874,0.86217,-0.53866,-0.44816,-0.50505,-0.49829
-1.5791,0.93273,1.4138,0.48467,-0.48181,-0.6424,-0.81064,-0.66954
-1.5436,1.4531,1.5345,0.94419,-0.48726,-0.74176,-0.94493,-0.50981
-1.3316,1.4552,1.5116,0.79939,-0.78179,-0.36464,-0.81395,-0.77691
-1.4866,1.3121,1.4346,0.93303,-0.65274,-0.40994,-0.7068,-0.45465
-0.88379,1.2133,1.457,1.2272,-0.81509,-0.71062,-1.0149,-0.28976
-1.3428,1.4894,1.6662,0.89557,-0.65338,-0.78368,-0.45962,-0.73141
-1.5606,1.4714,1.2213,0.99683,-0.37154,-0.69288,-0.56308,-0.40217
-1.345,1.4176,1.8348,1.0643,-0.99361,-0.48811,-0.81038,-0.63995
-1.3445,1.2699,1.7525,0.71422,-0.30178,-0.69701,-0.96101,-0.57941
-1.3441,1.3743,1.639,1.1066,-0.51162,-0.20338,-0.90135,-0.62682
-1.2785,1.3057,1.465,0.901,-0.61449,-0.7502,-0.84391,-0.53865
-1.1934,1.4363,1.5217,0.88323,-0.6801,-0.63697,-0.98746,-0.48086
-1.5118,0.97988,1.6338,0.79033,-0.32417,-0.42695,-0.79678,-0.73507
-1.1283,1.5299,1.5031,1.4489,-0.47863,-0.53731,-0.47414,-0.56001
-1.2636,1.0879,1.48,0.81805,-0.78464,-0.89499,-0.58508,-0.66109
-1.1258,1.4385,1.4388,1.0336,-0.53476,-0.9663,-0.78029,-0.43101
-1.3135,1.1742,1.1367,0.84882,-0.66234,-0.3636,-1.1629,-0.45549
-1.223,1.404,1.576,1.1183,-0.57051,-0.61275,-0.97505,-0.38169
-1.2546,1.5928,1.7251,0.76743,-0.70461,-0.69798,-0.66656,-0.49105
-1.1518,1.1256,1.5567,1.016,-0.53315,-0.45045,-1.005,-0.2374
-1.1762,1.2237,1.5273,0.97411,-0.79091,-0.51291,-0.85015,-0.81718
-1.2983,1.5516,1.4958,0.84184,-0.33176,-0.65875,-0.7284,-0.20226
-1.1323,1.2033,1.5424,0.82095,-0.73175,-1.0317,-0.72788,-0.53567
-1.1639,1.5954,1.8226,0.89927,-0.5365,-0.33651,-0.77421,-0.46022
-1.2382,1.7635,1.9101,0.89285,-0.68456,-0.73862,-0.72379,-0.2895
-1.2821,1.2396,1.3928,0.53852,-0.081369,-0.15336,-0.76794,-0.65657
-1.0737,1.1786,1.4364,0.77269,-0.41134,-0.70164,-0.75372,-0.60081
-1.1346,1.2094,1.5443,0.7877,-0.51672,-0.63823,-1.0429,-0.35961
-1.1288,1.4811,1.3854,0.51557,-0.28841,-0.52584,-0.90464,-0.24817
-1.0172,1.3614,1.3421,0.97041,-0.58653,-0.2861,-0.78845,-0.461
-1.4916,1.4556,1.5369,0.70119,-0.22472,-0.65468,-0.82302,-0.4237
-1.31,1.4446,1.5449,0.94137,-0.42895,-0.55743,-0.75625,-0.068989
-1.2918,1.4862,1.7147,0.74328,-0.35971,-0.5705,-0.95904,-0.080821
-1.1537,1.2204,1.5198,0.57729,-0.23171,-0.46101,-0.91101,-0.20654
-1.4952,1.571,1.686,0.84244,-0.3285,-0.72469,-0.20986,-0.39501
-1.344,1.3782,1.7709,1.3001,-0.74845,-0.49558,-1.2691,-0.52627
-1.2659,1.3178,1.5766,0.44345,-0.27654,-0.43955,-0.91659,-0.41387
-1.323,1.4738,1.8301,0.76539,-0.55246,-0.56591,-0.71428,-0.51334
-1.2647,1.6498,1.739,0.73893,-0.27463,-0.55419,-0.91353,-0.27599
-1.2518,1.4496,1.631,0.7424,-0.54425,-0.63994,-1.0463,-0.38378
-1.3345,1.3216,1.6612,0.86146,-0.54355,-0.83559,-1.1748,-0.42111
-1.2855,1.497,1.4057,0.91279,-0.64615,-0.77181,-0.9475,-0.30053
-1.1895,1.2032,1.5587,0.74537,-0.45632,-0.34106,-0.70759,-0.48586
-1.2227,1.1919,1.4234,0.60682,-0.59751,-0.41121,-0.91562,-0.19145
-1.3433,1.3858,1.8198,0.61838,-0.59946,-0.62555,-0.8205,-0.062207
-1.3974,1.2025,1.6798,0.6604,-0.58203,-0.56782,-0.98638,0.070038
-1.3032,1.7547,1.4567,1.0686,-0.17125,-0.58665,-0.77142,0.23433
-0.97207,1.5022,1.8617,0.86425,-0.34256,-0.70339,-1.1143,0.047834
-1.4665,1.4221,1.6514,0.78051,-0.46176,-0.4618,-0.66764,-0.22322
-1.2943,1.5517,1.8422,0.82501,-0.57051,-0.54557,-0.84466,-0.43307
-1.1517,1.3708,1.5129,1.0407,-0.087948,-0.61953,-0.55698,-0.10194
-1.2315,1.0945,1.433,0.96743,-0.49242,-0.53754,-0.79229,-0.33881
-0.88983,1.4198,1.941,1.0313,-0.34221,-0.38543,-0.82813,0.32242
-1.202,1.535,1.9943,0.78012,-0.85856,-0.53667,-0.95257,-0.24533
-1.1009,1.4742,1.5435,0.76531,-0.021708,-0.54339,-1.056,-0.1716
-1.4926,1.51,1.4359,0.51953,-0.37406,-0.75959,-1.0211,-0.42741
-1.2416,1.3441,1.8845,0.97565,-0.68178,-0.34283,-0.79636,-0.31833
-1.2459,1.3735,1.5736,0.90282,-0.20834,-0.48036,-1.0797,-0.29578
-1.3011,1.2243,1.4487,0.81148,-0.25054,-0.36036,-1.2616,-0.52172
-1.2701,1.3799,1.65,0.70342,-0.31478,-0.38212,-0.86987,-0.24042
-1.0341,1.1418,1.6074,0.98201,-0.30206,-0.61908,-1.0771,-0.3482
-1.3696,1.2082,1.9385,0.86942,-0.28356,-0.38282,-0.91201,-0.13768
-1.4947,1.1202,1.2381,0.76352,-0.69456,-0.21797,-0.86346,-0.11405
-0.99433,1.3225,1.8411,0.5002,-0.5,-0.92102,-1.4323,0.055687
-1.2305,1.2178,1.6741,0.4401,-0.327,-0.5243,-0.91703,-0.20721
-1.1271,1.3395,1.8943,0.64688,-0.43496,-0.7473,-1.1583,0.0301
-1.2214,1.3426,1.6892,1.2135,-0.52658,-0.45062,-0.85854,-0.05814
-1.0937,1.318,1.6217,0.99434,-0.46804,-0.56132,-1.2026,-0.17796
-1.5319,1.3615,1.9937,0.69422,-0.28548,-0.61156,-1.2333,-0.40183
-1.3423,1.6292,1.9932,0.77277,-0.05135,-0.68003,-0.98796,-0.43369
-0.57655,1.5674,1.5219,0.74656,-0.28197,-0.65537,-1.3825,-0.14481
-0.92429,1.3675,2.0266,0.84113,-0.036643,-0.39808,-1.2033,-0.034876
-1.1188,1.4688,1.6352,0.97375,-0.17864,-0.68692,-1.206,-0.10442
-1.1047,1.4653,1.3141,0.74732,-0.44622,-0.27887,-0.97085,-0.27121
-0.9688,1.1825,1.8897,0.92365,-0.62546,-0.5732,-0.92527,-0.28371
-1.4144,1.3631,1.6648,0.58389,-0.42357,-0.54804,-1.2608,-0.17536
-1.1085,1.4494,1.6352,0.41662,-0.36564,-0.68225,-1.4404,-0.17454
-1.2574,1.423,1.8027,0.72333,-0.12851,-0.50116,-1.1511,-0.23371
-1.1655,1.3146,1.7622,0.57443,-0.062699,-0.60032,-1.3669,-0.38737
-0.8716,1.2599,2.1762,0.44157,-0.39743,-0.94889,-1.362,-0.2404
-1.0733,1.4465,1.7861,0.78936,-0.32568,-0.69615,-0.95926,-0.18277
-0.91138,1.1553,1.4997,0.65118,-0.62637,-0.6503,-1.3188,-0.28224
-1.1795,1.0431,1.7808,0.95068,-0.27312,-0.41367,-0.94193,-0.29651
-1.1832,1.1932,1.6992,0.78185,-0.2006,-0.53081,-1.0072,-0.0912
-1.2174,1.3542,1.8397,1.0297,-0.10159,-0.52605,-1.3037,-0.31997
-1.1929,1.0491,1.5303,0.51824,-0.35196,-0.19525,-1.0993,-0.10185
-1.2326,1.6622,1.6509,0.53611,-0.29304,-0.43197,-0.92589,-0.053219
-1.1551,1.526,1.9291,0.71847,-0.17017,-0.3535,-1.5452,-0.17119
-1.4434,1.3303,1.6228,0.85855,-0.28099,-0.65145,-1.1031,-0.031792
-0.94837,1.4138,1.8446,0.7796,-0.35211,-0.8724,-1.1162,-0.05809
-1.4493,1.2028,1.6853,0.82312,0.11791,-0.80763,-1.0203,0.025424
-1.4093,1.7516,1.7573,0.74707,-0.37321,-0.71945,-1.1302,-0.098209
-1.1243,1.1423,1.4976,0.86544,-0.19695,-0.8157,-1.3841,0.20475
-1.0422,1.0346,1.7417,0.66696,-0.35923,-0.76147,-1.6208,-0.20688
-1.2814,1.4059,1.7431,0.82627,0.1792,-0.94306,-1.1731,-0.049087
-1.2951,1.6676,1.9775,0.7032,-0.38543,-0.66631,-1.1351,-0.26397
-1.2592,1.4064,1.7942,0.30847,-0.36571,-0.68399,-1.3423,-0.076016
-1.1569,0.92761,1.5671,0.89973,-0.098731,-0.59366,-1.1902,0.38044
-1.1937,1.3146,1.8494,0.85999,-0.16241,-0.72414,-1.3156,0.04506
-1.0724,1.2575,1.9114,0.64556,-0.16314,-0.67835,-1.145,-0.0029659
-1.1897,1.3689,2.0658,0.38165,-0.17734,-0.70547,-1.1559,-0.045177
-1.2252,1.1829,1.8305,0.76754,0.018956,-0.7466,-1.3568,0.017797
-1.1825,1.0874,1.8698,0.66964,-0.29728,-0.38733,-1.2929,-0.1654
-1.1075,0.99813,1.8026,0.96874,-0.23682,-0.76196,-1.4295,0.15709
-1.1748,1.2828,2.1387,0.38353,-0.028374,-0.67184,-1.3604,-0.060488
-0.71287,1.3344,1.9966,0.61607,-0.0044961,-0.72543,-1.2936,0.24737
-0.91929,1.229,1.9703,0.77865,0.1686,-0.74955,-1.3761,0.16406
-1.0295,1.3677,1.6588,0.67619,-0.36124,-0.6778,-1.3276,0.070711
-1.0328,1.6253,1.7758,0.77261,-0.46114,-0.53677,-1.4412,-0.10136
-1.3251,1.1703,1.9799,0.73003,-0.2604,-0.60085,-1.2144,0.16501
-1.2107,1.0693,2.3784,0.275,-0.1249,-0.67737,-1.1489,0.055244
-1.0356,1.2797,1.8014,0.61921,0.13689,-0.85684,-1.1433,0.20814
-1.0589,1.2187,2.0676,0.48768,-0.15551,-0.61393,-1.6451,0.06744
-0.84179,1.14,2.235,0.42923,-0.073238,-0.87509,-1.282,0.14216
-1.0387,1.1722,1.9473,0.79954,0.21389,-0.62926,-0.94355,0.20987
-1.225,1.0422,1.8065,0.58617,-0.31842,-0.52809,-1.4671,0.019466
-1.0215,1.3279,2.0421,0.58967,-0.17131,-0.63411,-1.3621,0.22841
-0.80115,1.0656,1.7966,0.81786,0.27577,-0.54121,-1.2186,0.11082
-1.136,1.2697,2.188,0.67582,-0.069788,-0.64193,-1.1523,-0.14302
-1.2658,1.3154,1.8347,0.95952,-0.26769,-0.62177,-1.2278,0.22693
-0.86559,1.3309,1.5307,0.66501,-0.030515,-0.65231,-1.1632,0.17361
