0.56183,1.3528,0.19429,-0.83815,0.63729,-0.53805,0.91469,1.5987
0.44123,1.335,0.37499,-0.77405,0.55649,-0.41969,1.0737,1.2847
0.45132,1.5046,0.12315,-0.82207,0.63155,-0.42476,0.96395,1.5204
0.18156,1.403,0.33318,-0.75528,0.51604,-0.54733,0.93459,1.6278
0.47585,1.4509,0.091555,-0.51589,0.44936,-0.81861,1.3318,1.5996
0.60317,1.732,0.32405,-1.0711,0.53515,-0.51936,0.90652,1.6155
0.55358,1.5308,-0.1324,-0.56505,0.45143,-0.49243,1.0327,1.2098
0.44358,1.7668,0.1664,-0.78548,0.5521,-0.34946,1.0038,1.6347
0.81021,1.7837,0.47169,-1.0608,0.48279,-0.59884,0.91048,1.0861
0.80906,1.5164,0.32841,-0.79252,0.22547,-0.4194,0.96521,1.2335
0.63008,1.7634,0.63553,-0.90082,0.58472,-0.45411,0.97893,1.1392
0.57184,1.3759,0.11792,-0.88565,0.44877,-0.79974,0.76628,1.2775
0.55007,1.4768,0.4683,-0.95147,0.31977,-0.67579,0.84481,1.4555
0.5136,1.5048,0.044396,-0.79985,0.37598,-0.70706,1.197,1.3615
0.57404,1.4959,-0.18866,-0.8685,0.76636,-0.67614,0.92693,1.4807
0.57811,1.4687,0.51098,-0.95135,0.56159,-0.70308,0.86695,1.7696
0.61578,1.7839,0.41506,-1.0983,0.65492,-0.28458,1.0344,1.3772
0.52427,1.4542,0.42375,-0.83934,0.45303,-0.7819,1.0792,1.6948
0.66755,1.4198,0.28989,-0.96537,0.5959,-0.37223,1.0768,1.5712
0.59594,1.4486,0.040844,-1.1106,0.70254,-0.60337,0.70743,1.2663
0.82193,1.6472,0.20649,-0.91735,0.40396,-0.51237,0.58349,1.5131
0.61851,1.839,0.26922,-0.84129,0.33125,-0.59345,0.94142,1.495
0.45691,1.5328,0.36337,-1.0765,0.68134,-0.57041,1.0125,1.3221
0.64912,1.6401,0.17568,-0.89643,0.7446,-0.55858,0.82326,1.7553
0.032957,1.3965,0.30929,-0.85871,0.31892,-0.9078,1.0901,1.4008
0.77221,1.7096,0.049679,-1.2784,0.21659,-0.83843,0.87591,1.1746
0.55537,1.6388,0.064085,-0.53569,0.41978,-0.57871,1.0925,1.5973
0.4486,1.9168,0.52417,-0.7819,0.57538,-0.56633,0.85383,1.8029
0.71645,1.7662,0.34297,-1.0077,0.79044,-0.7214,1.0729,1.4552
0.51006,1.4346,0.50822,-1.1199,0.62144,-0.70237,1.1875,1.4569
0.88554,1.7734,0.20109,-0.77017,0.34382,-0.51584,1.0871,1.4055
0.42293,1.5714,0.079279,-0.86982,0.77232,-0.79963,0.89771,1.7316
0.88547,1.4328,0.57331,-0.94006,0.28551,-0.32193,0.83573,1.391
0.6264,1.3235,0.4982,-0.94907,0.5731,-0.76524,0.86032,1.4379
0.73141,1.6452,0.33993,-1.2019,0.46965,-0.49722,0.95783,1.631
0.41696,1.7592,0.46354,-0.94762,0.60374,-0.87932,1.0059,1.4438
0.68691,1.3438,0.18781,-0.83574,0.39701,-0.47926,0.87015,1.4808
0.56798,1.5536,0.39847,-0.77882,0.55103,-0.54995,1.1584,1.5079
0.78211,1.5405,0.42592,-1.0428,0.39849,-0.33591,1.0104,1.8244
0.88776,1.5475,-0.079335,-1.0057,0.45657,-0.45003,1.1833,1.6367
0.74866,1.5076,0.72556,-1.1486,0.48428,-0.79143,0.67508,1.5516
0.82362,1.7301,0.17233,-0.99893,0.44847,-0.016596,0.4141,1.3125
0.36737,1.4992,0.086045,-0.79091,0.126,-0.68105,0.93975,1.5717
0.60076,1.2696,0.16143,-0.99215,0.62259,-0.31174,0.85696,1.7456
0.54125,1.4654,0.35285,-1.1674,0.43578,-0.60785,0.77566,1.4683
0.65261,1.3716,0.090239,-0.94215,0.42387,-0.82796,0.76617,1.3275
0.60096,1.4963,0.38952,-1.0499,0.34139,-0.42502,0.76536,2.0009
0.94598,1.7144,0.060361,-0.81022,0.69795,-0.74171,0.47038,1.9719
0.91686,1.4907,0.0085131,-1.09,0.78138,-0.55008,1.0828,1.7653
0.77599,1.4553,0.18678,-1.5853,0.37281,-0.76046,0.89934,1.496
0.95603,1.7059,0.23722,-0.82308,0.46835,-0.56232,0.70376,1.9665
0.72,1.4857,0.38432,-0.96174,0.12385,-0.87654,0.7586,1.7417
0.56014,1.241,0.69459,-1.0455,0.3842,-0.38683,1.0097,1.679
0.46188,1.6008,0.55912,-0.91915,0.26863,-0.87249,0.90712,1.5869
0.59766,1.2841,0.33616,-0.86739,0.53403,-0.42183,0.71,1.6909
0.81974,1.3111,0.061007,-1.1149,0.22704,-0.62812,0.86728,1.6802
0.8135,1.428,-0.16128,-0.84447,0.60165,-0.44521,0.46123,1.6081
0.40176,1.4302,0.21801,-0.91999,0.3132,-0.58541,1.1213,1.6214
0.74094,1.4357,0.26033,-0.80083,0.34158,-0.74296,0.99972,1.5015
0.71065,1.2881,0.24268,-1.1635,0.31584,-0.63142,0.46445,1.486
0.57343,1.3741,0.081683,-0.8695,0.63771,-0.91916,0.76566,1.5414
0.8463,1.3233,-0.078049,-0.91017,0.50591,-0.44957,0.81297,1.5263
0.56013,1.7753,0.23469,-1.1778,0.12442,-0.39512,0.82817,1.7979
0.61724,1.4894,0.0027222,-1.1374,0.34211,-0.59682,0.78987,1.5286
0.75112,1.602,0.33492,-0.97767,0.27801,-0.49542,0.70826,1.6509
0.66531,1.408,0.28002,-1.0381,0.59559,-0.59617,0.25838,1.9512
0.59487,1.3274,0.085762,-1.2174,0.34877,-0.68844,0.85886,1.7517
0.42609,1.6737,0.25445,-1.259,0.25892,-0.51463,0.57838,1.6806
0.68171,1.4113,0.3297,-1.068,0.5136,-0.45129,0.87318,1.9587
0.57246,1.3999,-0.044431,-0.91711,0.11487,-0.77665,0.60374,1.4466
0.78145,1.5888,0.57899,-1.3168,0.29224,-0.59686,0.73561,1.9189
0.96632,1.4098,0.13589,-1.0778,0.43468,-0.92867,0.281,1.8206
0.95106,1.3789,0.42555,-0.90855,0.518,-0.72031,0.52708,1.7575
0.51712,1.5149,0.10136,-1.1801,0.51959,-0.68524,0.75217,1.8189
0.58097,1.8277,0.26313,-1.1813,0.47096,-0.63752,0.81625,1.5264
0.59212,1.6244,-0.072482,-1.0529,0.41809,-0.45906,0.75262,1.6461
0.9221,1.5401,0.27102,-1.3356,0.23606,-0.44618,0.21341,2.1054
0.57761,1.5236,0.11339,-1.4217,0.27266,-0.37535,0.60252,2.0317
0.67046,1.6031,0.2997,-1.5856,0.42737,-0.62318,0.41649,1.6376
0.61789,1.5441,0.29772,-1.2307,0.37827,-0.37429,0.55972,1.7448
0.84307,1.6561,0.28496,-0.96887,0.16238,-0.41571,0.49547,1.9226
0.76657,1.7962,0.18109,-1.5363,0.56104,-0.31299,0.44178,1.7972
0.69478,1.5205,0.38217,-1.3167,0.23972,-0.37907,0.87705,1.5726
0.9244,1.2879,0.37191,-1.5926,0.099681,-0.48137,0.7466,1.8934
0.28741,1.342,0.16499,-1.3749,0.24234,-0.34709,0.68318,1.6542
0.81092,1.3902,0.11719,-1.0827,0.5557,-0.37511,0.63268,2.115
0.60033,1.5848,0.15866,-0.84601,0.27033,-0.59344,0.57853,1.9215
0.82922,1.5883,0.1493,-0.89271,0.33921,-0.30466,0.59003,1.8445
0.74097,1.1519,0.25412,-1.4548,0.61967,-0.23788,0.68538,1.7843
0.82162,1.5002,0.40435,-1.2799,0.42062,-0.5187,0.45407,1.6439
0.4413,1.4264,0.15844,-1.2857,0.51493,-0.52403,0.84954,1.7493
0.87674,1.5776,0.33102,-1.2387,0.46677,-0.73444,0.80191,1.9638
0.75753,1.2381,0.69431,-1.4932,0.36589,-0.80279,0.77091,1.766
0.88576,1.4379,0.18001,-0.94716,0.52696,-0.43943,0.72932,1.8937
1.0826,0.91977,0.09639,-1.0263,0.62505,-0.29319,0.53871,1.7348
0.98921,1.3663,0.21117,-1.4607,0.27455,-0.47832,0.42586,1.9184
0.94858,1.4465,0.5316,-1.2687,0.54679,-0.37026,0.72641,1.7146
0.93366,1.2717,0.54088,-0.75274,0.51659,-0.81159,0.63227,1.8269
0.57856,1.3786,0.054971,-1.428,0.19565,-0.43455,0.4792,1.5868
1.0917,1.433,-0.011117,-1.2656,0.32846,-0.27265,0.34521,1.6847
0.62135,1.5037,0.2973,-1.2642,-0.023635,-0.45787,0.49057,1.9986
0.90578,1.3713,0.25853,-1.1985,0.24698,-0.51648,0.66473,1.6166
0.86423,1.4815,0.28803,-1.067,0.23508,-0.35688,0.44766,1.898
0.51121,1.785,0.27785,-1.4379,0.4672,-0.83596,0.52625,2.0333
1.0286,1.6258,0.24369,-1.2305,0.34875,-0.54411,0.74362,1.6888
0.86827,1.5632,0.050303,-1.4066,0.39084,-0.29093,0.35225,2.0037
0.84854,1.0696,0.29909,-0.98099,0.22155,-0.69102,0.70919,1.8537
0.68986,1.2289,0.34451,-1.2165,0.48841,-0.48677,0.58175,1.7175
0.70581,1.3741,0.27588,-1.2112,0.41874,-0.67961,0.31023,1.7619
0.87094,1.468,0.13005,-1.1899,0.60227,-0.32612,0.19577,1.8018
0.77616,1.1044,0.013026,-1.5251,0.43224,-0.23392,0.6656,1.8067
0.71272,1.2997,0.27375,-1.0416,0.13899,-0.5113,0.54077,1.9875
0.72039,1.2652,0.25832,-1.3033,0.22265,-0.71552,0.64012,1.7187
0.59422,1.1576,0.13609,-1.092,0.36148,-0.69925,0.30213,1.8171
0.71236,1.5491,0.56955,-1.4627,0.34812,-0.54852,0.24068,1.9685
0.95304,1.2578,0.29565,-1.3643,0.23257,-0.33854,0.41554,1.7715
0.54735,1.2864,0.58103,-1.3403,0.48571,-0.56268,0.58082,2.0516
0.85777,1.2503,-0.19838,-1.2469,0.33407,-0.19074,0.15676,1.8038
0.57983,1.5502,0.22362,-1.1745,0.42889,-0.57799,0.14938,1.8256
0.57584,1.2399,0.49329,-1.5038,0.35678,-0.63591,0.56167,1.4639
0.99866,1.0852,0.16806,-1.2267,0.53671,-0.22487,0.43042,1.8588
0.5812,1.2811,-0.12354,-1.3729,0.49739,-0.34221,0.43838,1.759
0.56748,1.0222,0.36962,-1.3093,0.13847,-0.46759,0.69613,1.909
0.85226,1.2876,0.41199,-1.0564,0.088456,-0.15621,0.39649,1.7946
0.70476,1.4448,0.7139,-1.0929,0.23168,-0.49768,0.48443,1.7904
0.54785,1.0189,0.36559,-1.1181,0.3761,-0.6949,0.3067,1.764
1.3516,1.4357,0.36528,-1.4345,0.57826,-0.52345,0.0064063,1.8102
0.6188,1.2775,0.23342,-1.3098,0.2808,-0.52696,0.273,1.9822
1.0158,1.3579,0.11611,-1.2591,0.61821,-0.47528,0.54855,1.8713
1.0747,1.042,0.2495,-1.1169,0.16789,-0.62151,0.40174,1.9206
0.65558,1.0168,-0.17674,-1.2631,0.087615,-0.67271,0.57044,2.0487
0.84641,1.2245,0.42836,-1.5876,0.42423,-0.57164,0.44844,2.0387
0.7254,1.6766,0.1562,-1.5208,0.35065,-0.29831,0.70735,1.7988
0.57913,1.3383,0.12964,-1.3298,0.40765,-0.60448,0.33689,1.7742
0.77738,1.1695,0.15032,-1.3004,0.56157,-0.54087,0.34655,2.0327
0.54794,0.93445,0.20081,-1.3324,0.23075,-0.64934,0.15796,1.8463
0.86606,1.3573,0.60426,-1.6197,0.2188,-0.50202,0.31972,1.7973
0.70347,1.1891,0.45612,-1.4138,0.22435,-0.70513,0.31694,1.7295
0.93312,1.194,0.55597,-1.2312,0.013579,-0.60299,0.56301,1.7935
0.62883,1.0974,0.2257,-1.3596,0.13951,-0.61834,0.52493,1.7574
0.99681,1.0692,0.41235,-1.392,0.39931,-0.49695,0.071357,1.7552
0.72314,0.97868,0.29738,-1.1274,0.36972,-0.49533,0.70528,1.8601
1.074,1.1034,-0.12827,-1.2516,0.42025,-0.47986,-0.070314,1.9782
0.82824,1.4704,0.35082,-1.3659,0.30901,-0.35426,0.31847,1.875
1.0914,1.2565,0.34856,-1.4103,0.0003909,-0.26394,-0.14545,1.6869
1.0682,1.1187,0.17155,-1.3918,0.61888,-0.54233,0.55311,1.5291
0.62633,0.88374,0.4149,-1.4344,0.021258,-0.69154,0.36721,2.1206
0.67923,1.3675,0.3704,-1.4336,0.57259,-0.39159,0.53414,1.8194
0.63683,0.89731,0.0067273,-1.4494,0.37715,-0.75321,0.1848,2.0351
0.76221,1.0115,0.38324,-1.2003,0.34483,-0.73692,0.3143,1.7363
0.62189,1.2201,0.44461,-1.3426,0.077829,-0.58124,0.36921,1.5584
0.70994,1.3225,0.17306,-1.592,0.28526,-0.4008,0.28926,1.8551
0.71279,0.63024,0.39734,-1.4658,0.38321,-0.32459,0.44138,1.9356
0.82417,1.1307,0.11253,-1.2248,0.42129,-0.67688,0.34716,1.9285
0.80362,1.0211,0.32331,-1.5223,0.64348,-0.41269,0.48145,1.6904
0.80655,1.1621,0.19468,-1.796,0.32968,-0.61447,0.33845,2.111
0.48413,1.0879,0.48194,-1.6163,0.20029,-0.58078,0.50684,1.6409
1.0726,1.3618,0.5343,-1.7227,0.089409,-0.58857,0.48829,1.6634
0.85478,1.1818,-0.065648,-1.3224,0.34194,-0.91748,0.32749,2.0652
1.1077,1.0802,0.46922,-1.2565,0.32827,-0.75599,0.33228,1.6604
0.51908,1.1507,0.1284,-1.2257,0.35738,-0.68589,0.48099,1.698
0.55286,1.1946,0.29538,-1.4661,0.33445,-0.61646,0.1363,2.0226
0.68329,1.0658,0.33905,-1.4051,0.55229,-0.43211,-0.028282,1.8209
0.84779,0.79528,0.47005,-1.2957,0.22867,-0.43669,0.62482,1.7707
0.82808,0.94562,0.26644,-1.5734,0.11192,-0.90781,0.54866,1.857
0.74072,1.2489,0.10735,-1.5805,0.27159,-0.55753,0.26478,1.7437
0.7114,0.86597,0.47239,-1.3299,0.2545,-0.65962,0.25876,1.8075
1.1395,1.0472,0.19054,-1.2341,0.048312,-0.22204,0.32003,1.8389
1.0429,1.0513,0.31654,-1.1082,0.43168,-0.42701,0.16339,1.8181
0.83639,1.23,0.40489,-1.4513,0.41529,-0.40758,0.12511,1.6504
0.84187,0.98996,0.077425,-1.517,0.65124,-0.7018,0.42569,1.9784
0.82816,0.69423,0.15354,-1.4514,0.069531,-0.56477,0.1838,1.99
0.5824,1.2061,0.4054,-1.4688,0.48361,-0.623,0.2957,1.7768
0.4404,0.97243,0.30155,-1.4545,0.15332,-0.16291,0.50525,1.704
0.73132,0.98827,0.37485,-1.5381,0.43935,-0.52664,0.11751,1.9954
0.79384,0.93637,0.50633,-1.4998,0.20779,-0.56313,0.28467,2.1053
0.55809,0.81142,0.20524,-1.3287,0.18085,-0.67033,0.25105,1.9047
0.78333,0.98477,0.49912,-1.3754,0.27995,-0.74395,0.56461,1.8797
0.96842,0.60631,0.42312,-1.5555,0.28049,-0.59664,0.23757,1.6863
0.78687,0.72539,0.17988,-1.627,0.33064,-0.98309,0.71888,1.8623
0.71083,1.0887,0.38388,-1.364,-0.045018,-0.43534,0.41429,1.6349
0.83189,0.69088,0.4644,-1.3522,0.19836,-0.75336,0.15164,1.6529
0.57415,1.0778,0.22644,-1.3966,0.27749,-0.55925,0.070706,1.6857
0.59919,0.98771,0.40173,-1.5129,0.23779,-0.4019,0.20055,1.8462
0.54331,0.76013,0.18007,-1.3711,0.13522,-0.53632,0.239,1.8785
0.7349,0.94725,0.43159,-1.4756,0.66367,-0.69168,-0.033255,1.8283
0.81,0.9043,0.482,-1.1965,0.52107,-0.68747,0.30476,1.9018
1.0711,0.57867,0.35654,-1.6123,0.26806,-0.73632,0.25208,1.9073
0.7335,0.92991,0.11146,-1.7315,0.47668,-0.669,-0.11626,1.7761
1.168,0.53779,0.52001,-1.4267,0.38918,-0.87028,0.24199,1.6769
0.82207,0.54335,0.26516,-1.4301,0.45378,-0.6029,-0.057471,1.9753
0.69935,0.96405,0.27192,-1.5627,0.24015,-0.75004,-0.0034128,1.6083
0.86529,0.86784,0.5542,-1.239,0.37745,-0.55852,0.14141,2.067
0.97957,0.9467,0.32042,-1.6285,0.3314,-0.72616,0.033904,1.8827
0.86533,1.0263,0.32365,-1.5276,0.37173,-0.54059,0.3121,1.404
0.80745,0.91803,0.33692,-1.6741,0.36957,-0.56807,-0.044032,1.8783
0.90098,0.91165,0.38049,-1.6279,0.28403,-0.72179,0.39907,1.5609
1.0051,0.73762,0.21277,-1.7223,0.06541,-0.6041,0.16926,1.6989
0.50441,1.0157,0.71445,-1.4628,0.27393,-1.1674,0.39355,1.6151
0.85968,1.1496,-0.025475,-1.6386,0.020873,-0.58586,0.66144,1.7487
0.87987,1.2934,0.4204,-1.6196,0.26791,-0.66012,0.51488,1.8053
0.29216,0.68604,0.29845,-1.3923,0.3273,-0.91717,0.34167,1.8327
0.85965,0.77871,0.3287,-1.8217,0.43602,-0.6873,-0.028811,1.5174
0.51827,0.82862,0.062335,-1.5009,0.30125,-0.57459,0.37643,1.4464
0.73421,1.1433,0.32903,-1.9113,0.40161,-0.48896,0.43533,1.4171
0.87984,1.0465,0.50577,-1.6159,0.28424,-0.67888,-0.211,1.7637
0.77264,0.89317,0.20457,-1.5911,0.1903,-0.47196,-0.064182,1.9294
0.66944,1.0085,0.60422,-1.6419,0.18729,-0.80032,0.22685,1.9222
0.73376,0.69081,0.35922,-1.5879,0.30901,-0.91007,-0.041614,1.9149
0.71717,0.96308,0.0040624,-1.5108,0.5224,-0.62081,0.21486,1.3825
0.71714,0.81723,0.35877,-1.4383,0.18467,-0.77246,0.080737,1.7903
0.74092,0.89158,0.4998,-1.5705,0.42108,-0.80522,-0.090415,1.4725
0.91574,0.97352,-0.2062,-1.6113,0.4167,-0.8068,-0.019924,1.9185
0.75562,0.67771,0.20355,-1.2286,0.47965,-0.77154,-0.0024453,1.7162
0.87873,0.91746,0.41528,-1.3909,0.18141,-0.83601,0.42742,1.9306
0.727,0.70872,0.43568,-1.6126,0.20121,-0.88694,0.29312,1.5615
0.98263,0.78754,0.70805,-1.5005,0.37255,-0.9098,0.22975,1.3993
0.79898,0.62016,0.51723,-1.4739,0.21359,-0.4827,0.13662,1.1373
1.0029,0.65667,0.43881,-1.3037,0.29741,-0.39966,-0.0022843,1.3703
0.67064,0.71271,0.21695,-1.502,-0.11359,-0.62471,0.19228,1.5648
0.79182,0.5499,0.51185,-1.4044,0.62769,-0.98122,0.085356,1.2007
0.93938,0.83123,0.55939,-1.6268,0.34513,-0.8002,0.0018021,1.3574
0.80326,0.73479,0.79653,-1.4697,-0.046221,-0.65627,0.46326,1.663
1.0262,0.58518,0.59531,-1.6371,0.31482,-0.63806,0.22518,1.4525
1.0584,0.89328,0.4478,-1.528,0.34363,-0.85239,0.031271,1.5409
0.47924,0.29588,0.50969,-1.6032,0.37725,-0.8119,0.22798,1.5544
0.9339,0.68985,0.091614,-1.5217,0.22554,-0.8536,-0.066606,1.5456
0.80159,0.82169,0.48664,-1.4049,0.47209,-0.81902,0.071316,1.7043
0.55661,0.90193,0.24861,-1.5346,0.42108,-0.88543,0.058083,1.465
0.9709,0.87353,0.48197,-1.4884,0.16133,-0.7337,-0.093496,1.5955
0.62175,0.7289,0.60196,-1.3895,0.41982,-0.89179,-0.072062,1.318
0.65954,0.37621,0.40745,-1.4743,0.18652,-0.96123,0.1571,1.333
0.95416,0.66624,0.098149,-1.4906,0.37346,-0.76897,0.12318,1.4501
0.60897,0.64311,0.38868,-1.5006,0.20951,-0.68762,0.26314,1.344
0.60961,0.70337,0.46773,-1.6484,0.15099,-0.89106,-0.18815,1.2114
0.76202,0.91884,0.22165,-1.5295,0.28691,-0.84836,0.23875,1.5978
0.88813,0.52833,0.081561,-1.5232,0.31442,-1.2086,0.42478,1.6719
0.85578,0.39545,0.51372,-1.5705,0.23626,-0.86306,0.12506,1.7222
0.71653,0.72857,0.36792,-1.3986,0.24342,-0.94885,0.11925,1.3793
0.73259,0.78275,0.24238,-1.2934,0.76961,-0.67813,-0.073198,1.29
0.76835,0.94279,0.75905,-1.5421,0.52466,-0.48029,0.37573,1.2028
0.51865,0.76297,0.62182,-1.4394,0.10652,-0.91148,-0.092449,1.5449
0.77711,0.56146,0.66364,-1.5697,0.51814,-1.1205,0.42918,1.6365
0.54641,0.93536,0.33579,-1.6838,0.68198,-0.69126,0.19237,1.2845
0.66299,0.83906,0.39829,-1.622,0.64011,-1.2147,0.21245,1.5808
0.41718,0.68422,0.48612,-1.5466,0.49459,-1.0419,0.21726,1.5704
0.78537,0.58007,0.66098,-1.1721,0.54867,-0.9663,0.042913,1.6512
0.93403,0.61261,0.64645,-1.4438,0.347,-1.0615,-0.1599,1.4983
0.68326,0.31783,0.49515,-1.5207,0.0060385,-0.86917,-0.0030374,1.0709
0.99619,0.3576,0.58999,-1.4573,0.19754,-1.0104,-0.012605,1.1749
1.0682,0.24081,0.24128,-1.5259,0.48727,-1.1319,0.36309,1.4933
1.1083,0.34378,0.1927,-1.479,0.27855,-0.82823,0.12507,1.3611
0.6823,0.47166,0.76464,-1.5324,0.22408,-1.139,-0.30475,1.744
0.91164,0.62978,0.46214,-1.5123,0.34549,-1.0957,0.15172,1.5288
1.0605,0.52358,0.62605,-1.4179,0.58767,-1.2437,-0.10957,1.301
0.66754,0.48938,0.41007,-1.4313,0.33505,-1.1835,0.066574,0.89308
0.79953,0.36365,0.5052,-1.3223,0.2541,-0.70297,0.15207,1.6351
0.86082,0.46735,0.54755,-1.203,0.52877,-0.7895,0.21439,1.3676
0.94977,0.68959,0.57949,-1.2816,0.39211,-0.87647,-0.15713,1.2197
0.76636,0.57349,0.16772,-1.5105,0.47887,-0.80798,0.31636,1.408
0.62546,0.80716,0.39031,-1.2632,0.33932,-0.73206,0.20375,1.6935
0.65319,0.57524,0.52781,-1.4443,0.1626,-0.84589,0.16775,1.1633
0.66048,0.28521,0.19509,-1.4215,0.43113,-1.1355,0.18851,1.0991
0.82159,0.62768,0.4674,-1.6015,0.29964,-0.83992,0.26272,1.1285
0.49452,0.55307,0.55115,-1.8618,0.4466,-1.0675,0.35999,1.4734
0.8328,0.67902,0.50033,-1.3344,0.26164,-0.86848,0.14294,1.7295
1.0518,0.58675,0.21815,-1.4783,0.30996,-0.99353,0.24468,1.3606
0.89501,0.38685,0.47348,-1.6124,0.10406,-1.0833,0.20727,1.3975
0.75753,0.70627,0.31456,-1.2703,0.33348,-1.1102,0.19039,1.3487
1.3523,0.72922,0.37259,-1.309,0.44264,-0.84841,-0.37249,1.1531
1.1222,0.38406,0.65288,-1.4057,0.30606,-0.63675,0.39339,1.1619
0.7261,0.2749,0.72485,-1.6549,0.25485,-1.0959,0.071855,1.1038
0.7478,0.3929,0.4968,-1.4822,0.66945,-0.73747,0.15655,1.2996
0.70239,0.36448,0.5561,-1.4426,0.49317,-1.0692,0.4479,1.0357
0.59056,0.12933,0.30516,-1.3217,0.29308,-1.2947,-0.22689,1.1526
0.82046,0.4896,0.54423,-1.8535,0.66011,-1.4936,0.24311,1.2044
0.8409,0.23519,0.85654,-1.5695,0.33321,-0.97994,0.16532,1.0315
0.56923,0.542,0.36218,-1.486,0.47082,-1.1189,0.01543,1.456
0.45396,0.61485,0.50546,-1.2791,0.29783,-1.0371,-0.018471,1.2935
0.84646,0.33619,0.38313,-1.4261,0.45428,-1.0513,0.017537,0.97396
0.99917,0.366,0.53306,-1.3401,0.55668,-0.99061,0.054706,1.389
0.59617,0.50632,0.48169,-1.6488,0.34048,-1.0069,0.1074,1.0932
1.0484,0.34775,0.45777,-1.4933,0.019114,-1.0018,0.39134,0.95908
0.82127,0.18626,0.4149,-1.3858,0.58133,-1.2947,0.18996,1.1654
0.70086,0.43392,0.5248,-1.5245,0.46783,-1.0046,0.18551,1.1122
0.6409,0.52669,0.72374,-1.1698,0.32109,-1.3312,0.018137,1.0861
1.084,0.39303,0.45708,-1.4036,0.32608,-1.0027,0.073065,1.1503
1.0089,0.70716,0.51452,-1.2861,0.36211,-1.4533,0.28359,1.1239
1.0662,0.46181,0.55537,-1.5681,0.49078,-0.84853,-0.089009,0.93268
0.69494,0.31449,0.52347,-1.3624,0.6153,-0.68026,0.18046,0.83036
0.71595,0.86853,0.4633,-1.4215,0.21978,-1.3782,0.68969,1.3117
1.178,0.47584,0.57243,-1.5837,0.36428,-0.81578,0.26551,1.2365
1.0674,0.48349,0.65017,-1.4211,0.43962,-1.4179,0.11921,1.0868
0.8075,0.45805,0.53085,-1.4196,0.56371,-0.98386,-0.048743,0.91428
1.0367,0.26958,0.63597,-1.4533,0.32416,-1.2743,-0.015639,1.0899
0.60586,0.6963,0.33217,-1.3749,0.37673,-1.4875,0.48795,1.3925
0.41261,0.40479,0.54567,-1.5531,0.52462,-0.95741,0.21991,1.0888
0.98604,0.2553,0.71952,-1.4487,0.51711,-1.3084,0.42046,1.158
0.96819,0.77687,0.404,-1.4224,0.26648,-1.2623,-0.054988,0.92354
0.7577,0.24319,0.76453,-1.5903,0.35766,-0.90847,0.25167,0.7647
0.8657,0.029579,0.57225,-1.3794,0.44559,-0.95054,0.0060788,0.70477
0.73648,0.331,0.60158,-1.6913,0.51987,-1.1615,0.40436,1.0948
0.71893,0.43126,0.47643,-1.2448,0.3379,-0.84508,0.092353,1.0399
0.90605,0.53272,0.64945,-1.611,0.65098,-0.73034,0.40303,1.3275
0.61588,0.52431,0.24674,-1.4621,0.45848,-1.1977,0.27443,0.95321
0.39288,0.63397,0.5671,-1.4583,0.61102,-1.3786,0.041148,1.2496
0.78851,0.82103,0.3807,-1.4199,0.30196,-1.0884,0.30616,1.2315
0.8876,0.37114,0.70795,-1.4448,0.59951,-0.77607,0.22555,0.67232
0.84281,0.36261,0.57359,-1.5343,0.46167,-1.272,0.21345,0.98581
0.62391,0.52081,0.60547,-1.2075,0.74041,-1.3506,0.14129,0.97241
0.9148,0.55983,0.68599,-1.5822,0.4879,-1.1397,0.19609,1.2938
0.77744,0.33039,0.61362,-1.4775,0.53401,-1.0548,0.13731,0.76866
0.57468,0.41892,0.76077,-1.3115,0.36402,-1.3561,-0.10479,1.0346
0.86077,0.47682,0.73823,-1.2239,0.53075,-1.0763,0.50022,0.98101
0.9407,0.36068,0.58996,-1.5535,0.43678,-1.1874,0.0025098,1.1266
0.9132,0.37191,0.75089,-1.4152,0.56376,-1.4695,-0.021573,0.96869
0.88214,0.22321,0.77315,-1.3229,0.30672,-1.3022,-0.10229,0.90065
1.081,0.53221,0.41928,-1.4503,0.33562,-1.1915,0.24589,1.0237
0.95069,0.61132,0.36437,-1.5408,0.37929,-1.1096,-0.070881,1.0209
0.63601,0.33404,0.53268,-1.6213,0.5176,-1.1451,-0.22085,1.0078
0.72523,0.69588,0.596,-1.425,0.48872,-1.4442,0.10084,0.70344
0.86472,0.11639,0.44821,-1.2693,0.2711,-1.2691,0.096092,0.74601
0.56237,0.23197,0.73315,-1.396,0.54629,-1.1494,0.30974,0.8635
0.87863,0.40008,0.90088,-1.5589,0.7966,-1.1024,0.22924,1.065
0.53004,0.58184,0.78485,-1.2171,0.65799,-1.2573,0.15923,1.1223
0.53499,0.3503,0.70767,-1.5772,0.45559,-1.5473,0.33692,0.87782
0.89471,0.67255,0.23589,-1.1482,0.40336,-1.1576,-0.16761,0.88816
0.76835,0.3072,0.67807,-1.2125,0.57751,-1.3417,-0.0088715,1.2647
0.87452,0.19867,0.58748,-1.0364,0.57541,-1.2849,-0.057899,0.89289
0.91038,0.43794,0.50765,-1.3291,0.55777,-1.5179,0.38779,0.78161
0.85114,0.26886,0.66238,-1.7122,0.42768,-1.1214,0.090324,0.96165
0.81211,0.44404,0.57317,-1.1738,0.38522,-1.2489,0.18844,0.87121
0.54461,0.52632,0.78136,-1.0596,0.69856,-1.1631,-0.03508,0.98993
1.3848,0.59936,0.78522,-1.3621,0.35534,-1.5058,0.54828,0.83625
0.92513,0.36977,0.6439,-1.2956,0.55757,-1.1966,0.031011,1.0367
0.94277,0.039539,0.46247,-1.4558,0.46202,-1.2644,0.22516,0.88954
0.73497,0.57184,0.76863,-1.2035,0.62739,-1.2014,0.073577,0.64402
0.82843,0.42825,0.53364,-1.5256,0.31191,-1.4768,0.068667,0.62185
0.82038,0.44598,0.91511,-1.2917,0.53319,-1.4511,0.049514,0.84558
0.87386,0.34464,0.38262,-1.3144,0.33237,-0.66987,0.2246,0.69779
0.56739,0.36768,0.85635,-1.2013,0.92328,-1.1733,-0.097984,1.1152
0.94266,0.45145,0.67477,-1.2431,0.44265,-1.4375,0.12142,0.83471
0.87266,0.61914,0.61456,-1.3876,0.56386,-1.2645,0.4825,0.75114
0.62688,0.25478,0.2984,-1.5519,0.43661,-1.3323,0.077486,0.91774
0.90723,0.38732,0.82858,-1.4615,0.44882,-1.7162,0.38454,0.67579
1.2325,0.086702,0.7122,-1.1117,0.52593,-1.2585,0.40043,0.67347
0.84285,0.39547,0.77924,-1.4015,0.57233,-1.3652,-0.066308,0.81632
1.2165,0.41102,0.81027,-1.2523,0.50679,-1.3176,0.20086,0.82852
0.67484,0.48204,0.23446,-1.4295,0.43674,-1.3365,0.26372,0.87636
0.88822,0.015866,0.75128,-1.1428,0.77065,-1.5334,0.37953,0.55927
0.65877,0.17641,0.70689,-1.068,0.6319,-1.2763,0.31544,0.89359
0.75982,0.14074,0.56613,-1.3812,0.46173,-1.386,0.21921,0.78764
0.68168,0.63493,0.75089,-1.207,0.30944,-1.5265,0.19487,0.60013
0.77255,0.51477,0.50228,-1.2836,0.62852,-1.288,0.33779,0.66158
0.98174,0.065982,0.94935,-1.4271,0.59085,-1.3569,0.13434,0.73569
0.9823,0.66258,0.77888,-1.2957,0.29256,-1.4772,0.36526,0.39033
0.89072,0.22038,0.79601,-1.3896,0.33809,-1.589,0.26101,0.28998
0.92671,0.33289,0.8955,-1.227,0.6659,-1.5001,0.30752,0.69888
0.84081,0.16479,0.6415,-1.3707,0.28193,-1.355,0.5278,0.72683
0.68893,0.43588,0.93437,-1.2592,0.44816,-1.3779,0.30359,0.98935
1.0016,0.35259,0.44241,-1.1416,0.58441,-1.56,0.094673,0.66142
1.0885,0.44586,0.78956,-1.6458,0.36579,-1.6989,0.18959,0.73563
0.92218,0.34901,0.75692,-1.0336,0.67387,-1.5746,0.45806,0.88254
1.0392,0.48185,0.93862,-1.4167,0.64762,-1.5755,0.40589,0.68726
0.74494,0.50384,0.895,-1.3304,0.65163,-1.4999,-0.076983,0.49907
0.98919,0.14428,0.74592,-1.2726,0.12109,-1.7676,0.27084,0.83315
1.0344,0.66758,0.90726,-1.3598,0.62698,-1.5977,0.65224,0.29528
1.0696,0.40166,1.0409,-1.3689,0.81199,-1.8082,0.25604,0.71657
1.1237,0.23334,0.55896,-1.3455,0.60128,-1.7298,0.29476,0.91186
0.7703,0.11545,0.5544,-1.4458,0.54433,-1.1555,0.051712,0.82301
0.95854,0.18855,0.81767,-1.3268,0.33929,-1.7327,0.74675,0.56357
1.3957,0.22752,0.56898,-1.4432,0.29699,-1.5988,0.15819,0.61076
0.95539,0.20374,0.75213,-1.1077,0.55726,-1.6771,0.56919,0.44664
1.0529,0.38669,0.72948,-1.16,0.60247,-1.4332,0.1077,0.90103
0.98647,0.45459,0.55453,-1.1032,0.67423,-1.3409,0.24549,0.76523
1.0184,0.19265,0.49777,-1.1966,0.39212,-1.335,0.46022,0.34419
1.1255,0.64068,0.79493,-1.3202,0.67804,-1.4753,0.45932,0.48795
0.89023,0.71016,0.50621,-1.0748,0.82573,-1.3814,0.44181,0.57481
0.83557,0.53989,0.61801,-1.1895,0.84452,-1.422,0.34449,0.80782
1.266,0.4174,1.0837,-1.5891,0.74725,-1.3715,0.47545,0.633
1.4044,0.52541,1.1068,-1.3637,0.49891,-1.4105,0.060034,0.72346
1.0807,0.52889,0.80072,-1.1408,0.74474,-1.2911,0.42781,0.57603
0.85104,0.28511,1.0979,-1.1321,0.71566,-1.5522,0.53203,0.5081
0.79306,0.59983,0.75721,-1.1859,0.6952,-1.8812,0.38718,0.43772
1.1762,0.092626,0.53295,-1.3013,0.80526,-1.655,0.50791,0.43453
1.0419,0.44857,0.70498,-1.2832,0.49537,-1.5968,0.26229,0.66832
1.1877,0.066114,0.87022,-1.2939,0.63111,-1.8314,0.046189,0.90117
0.98629,0.30303,0.69894,-1.0852,0.86525,-1.5737,-0.028895,0.81611
1.0005,0.15622,0.807,-0.91757,0.54917,-1.5463,0.82319,0.53458
0.88649,0.46841,0.60435,-1.1709,0.94952,-1.7743,0.43806,0.2641
0.98441,0.50095,0.85351,-1.2538,0.41907,-1.6741,0.11965,0.58308
0.98549,0.29454,0.77946,-1.0668,0.74601,-1.4148,0.37856,0.66217
1.0324,0.0080381,0.59492,-1.0816,0.47222,-1.4396,0.70673,0.43995
1.0193,0.233,0.54542,-1.3734,0.69799,-1.5938,0.019336,0.7355
0.97551,0.25569,0.74402,-0.75383,0.87885,-1.6467,-0.066766,0.47856
1.1054,0.47934,0.39437,-1.097,0.64861,-1.4847,0.39557,0.83927
1.0975,0.76242,1.0578,-1.0659,0.66171,-1.443,0.30346,0.58026
1.3412,0.09502,0.7328,-1.0716,0.58087,-1.4451,0.72456,0.43178
1.3051,0.36976,0.76473,-1.2524,0.68634,-1.1803,0.30833,0.38229
1.2138,0.30309,0.60079,-1.3734,0.6339,-1.7521,0.32064,0.54197
1.3023,0.56618,0.93712,-1.2223,0.82219,-1.427,0.16619,0.54967
1.2703,0.50648,0.32531,-0.99992,0.20356,-1.4418,0.026789,0.47504
0.9797,0.39017,0.71429,-1.313,0.76752,-1.4112,0.10695,0.8092
1.3104,0.52494,0.28249,-1.2704,0.56473,-1.1832,0.55606,0.60721
1.1024,0.33047,0.96569,-1.2067,0.45635,-1.5385,0.44977,0.60322
1.0396,0.37903,0.60067,-1.2866,0.88743,-1.5695,0.61147,0.39213
1.1126,0.38707,0.58622,-1.0568,0.4818,-1.571,0.51703,0.70438
1.4084,0.55536,0.867,-1.0324,0.79688,-1.5281,0.36523,0.26133
1.1204,0.068063,0.86578,-0.98314,0.97927,-1.427,0.65121,0.5966
1.2947,0.20247,1.0206,-0.95627,0.37421,-1.5754,0.50295,0.60231
1.2373,0.45828,0.9856,-0.71844,0.51983,-1.5148,0.48166,0.43254
1.0593,0.17206,0.73745,-1.392,0.77889,-1.2913,0.46625,0.27807
1.0671,0.68064,0.64807,-1.2443,0.72234,-1.5089,0.25446,0.70693
1.3605,0.255,0.71452,-1.0637,0.75781,-1.3413,0.55161,0.6877
1.3131,0.44511,0.96217,-1.1254,0.54908,-1.4924,0.47472,0.44624
1.3139,0.36553,0.9804,-1.0155,0.70797,-1.6295,0.36111,0.54523
1.4543,0.38029,0.73211,-1.0358,0.87459,-1.5751,0.21062,0.26301
1.3593,0.21024,0.61624,-1.0258,0.67578,-1.6417,0.48817,0.38945
1.1088,-0.028587,0.58232,-1.0479,0.74437,-1.3639,0.47297,0.31548
1.2801,0.43452,0.77297,-1.0588,0.42531,-1.5887,0.28231,0.32787
1.129,0.37548,0.84294,-0.96665,0.37242,-1.3983,0.23803,0.56521
1.1828,0.51621,0.96778,-1.1852,0.87975,-1.4272,0.16427,0.58529
0.95002,0.26822,0.61242,-1.2001,0.8131,-1.5474,0.0068524,0.27399
1.0803,0.48067,0.91098,-0.86089,0.53052,-1.4068,0.53049,0.58176
1.5174,0.11521,0.7498,-1.2546,0.8538,-1.7846,0.48316,0.47679
1.2076,0.45507,0.52518,-1.1394,0.68581,-1.2322,0.22231,0.52203
1.3848,0.20193,0.98825,-1.0328,0.79273,-1.5527,0.41322,0.58141
0.90983,0.54557,0.73026,-1.05,0.87275,-1.4563,0.66074,0.57003
1.2745,0.32798,0.99318,-0.864,0.65433,-1.3957,0.50146,0.35639
1.3134,0.31536,0.72852,-0.67405,0.53024,-1.2862,0.48509,0.66752
1.256,0.253,0.67028,-0.65613,0.73902,-1.4956,0.37523,0.60978
1.1197,0.39192,0.82676,-1.2659,0.72102,-1.403,0.45851,0.53698
1.1364,0.58209,1.186,-0.87534,0.51254,-1.7654,0.58173,0.89904
1.2987,0.52905,0.99615,-1.0257,0.76634,-1.8524,0.85348,0.32737
1.4889,0.40141,0.72305,-0.97951,1.163,-1.5459,0.59786,0.24522
1.3269,0.4409,0.69988,-0.63159,0.64935,-1.3803,0.53282,0.30067
0.96984,0.4694,1.0679,-0.95155,0.86215,-1.5892,0.39985,0.44585
1.2743,0.6948,0.98217,-0.76562,0.61719,-1.76,0.59098,0.54255
1.273,0.34633,0.68284,-0.99276,0.93054,-1.3727,0.28916,0.37353
1.0401,0.61891,0.67146,-0.80699,0.69951,-1.736,0.50626,0.20327
1.4365,0.54503,0.83443,-1.2238,0.49765,-2.0575,0.4935,0.34631
1.1656,0.35379,0.72862,-1.264,0.9812,-1.9334,0.56125,0.58265
1.7566,0.76698,0.98797,-1.0217,0.64248,-1.6623,0.49831,0.30328
1.3016,0.5634,0.73517,-0.91888,0.9345,-1.6434,0.49586,0.4287
1.3962,0.64014,0.7461,-1.0969,0.33699,-1.6215,0.37794,0.55168
0.9262,0.64609,1.1521,-1.202,0.66888,-1.647,0.41826,0.72593
1.1124,0.35649,0.91014,-1.0143,0.59452,-1.4963,0.54709,0.2956
1.334,0.32484,1.0469,-0.64701,0.74272,-1.5561,0.48662,0.37762
1.3088,0.79005,1.1041,-1.2138,0.62743,-1.5274,0.72219,0.72825
1.2956,0.272,0.8049,-1.0407,0.7685,-1.8644,0.54967,0.33325
1.5249,0.20613,0.94811,-1.0706,-0.088027,-1.8029,0.37726,0.60806
1.3998,0.65659,0.63512,-1.2226,0.67871,-1.5874,0.30531,0.4634
1.3745,0.38434,0.90556,-1.2081,0.64893,-1.7363,0.68701,0.45818
1.3269,0.57274,1.04,-0.87376,0.44515,-1.6668,0.32673,0.32761
1.2717,0.28386,1.1104,-1.0956,0.097779,-1.5132,0.53359,0.43979
1.1774,0.42651,0.34373,-1.1696,0.65592,-1.6355,0.31234,0.41032
1.262,0.96819,0.91091,-0.92089,0.70595,-1.7696,0.70316,0.56547
1.2071,0.31751,0.88715,-0.84576,0.85364,-1.8847,0.41893,0.48462
1.585,0.33061,0.89468,-0.91688,0.63365,-1.8956,0.12645,0.29768
1.2463,0.52061,0.88945,-1.0234,0.78479,-1.5157,0.63312,0.4822
1.4461,0.58151,0.86559,-0.8818,0.67944,-1.3702,0.5274,0.72587
1.498,0.51844,0.7723,-0.72479,0.49706,-1.6445,0.51276,0.37296
1.2808,0.57019,0.96111,-0.88283,0.81399,-1.4387,0.5896,0.19365
1.2554,0.59113,0.63612,-0.77528,0.56256,-1.7352,0.71615,0.57574
1.0034,0.38426,0.68537,-1.0858,0.83098,-1.7528,0.99205,0.39926
1.4242,0.55406,0.55506,-0.83298,0.77636,-1.8147,0.40721,0.36853
1.5144,0.66138,0.81493,-0.77455,0.82519,-1.345,0.63332,0.57785
1.628,0.43072,0.89414,-0.94731,0.63663,-1.3007,0.6807,0.55419
1.2143,0.55065,0.7869,-0.64332,0.75901,-1.6654,0.64089,0.72109
1.6792,0.42168,1.0734,-0.88456,0.63268,-1.5284,0.77002,0.69661
1.7647,0.51709,0.90504,-0.73966,0.68235,-1.5932,0.62251,0.62084
1.3189,0.31071,1.035,-0.73809,0.41799,-1.8034,0.47835,0.47531
1.6754,0.13542,1.0102,-0.55417,0.90774,-1.4582,0.74089,0.77981
1.3959,0.50247,0.71814,-1.1142,0.64932,-1.2854,1.1695,0.31475
1.5495,0.78952,1.2689,-0.42099,0.72128,-1.2945,0.57743,0.70939
1.3704,0.70641,0.85692,-1.0316,0.42053,-1.4378,0.33414,0.34672
1.589,0.42331,0.96421,-0.5863,1.043,-1.5857,0.95844,0.50697
1.234,0.29368,0.72476,-0.92198,0.74744,-1.7748,0.17095,0.68825
1.2409,0.69269,0.81054,-0.85309,0.77023,-1.9169,0.62705,0.82964
1.419,0.27572,0.81411,-0.73962,0.87686,-1.8655,0.79903,0.63573
1.2607,0.68415,0.61403,-0.53854,0.67547,-1.8645,0.76498,0.55673
1.5211,0.57548,0.68834,-0.8708,0.55394,-1.7606,0.65002,0.53913
1.5832,0.86059,0.76695,-0.81143,0.41931,-1.5372,0.63338,0.39968
2.0587,0.3187,0.65006,-0.6657,0.73626,-1.2657,0.76783,0.58781
1.3149,0.18325,0.8891,-0.7466,0.83626,-1.7959,0.50607,0.73581
1.5756,0.92197,0.62812,-1.0081,0.44697,-1.7065,0.4222,0.73047
1.3681,0.68368,0.43401,-0.83657,0.40769,-1.2967,0.48059,0.88871
1.5852,0.7313,0.64209,-1.0592,0.52336,-1.6994,0.57491,0.62184
1.4474,0.24793,0.90895,-0.87599,0.52902,-1.7285,0.81815,0.69216
1.5305,0.35375,0.727,-1.2084,0.90998,-1.4583,0.69479,0.53869
1.8884,0.35955,0.87813,-0.60987,0.85354,-1.8125,0.94988,0.6629
1.8764,0.75462,0.85633,-0.61561,0.90166,-1.6194,0.45107,0.5299
1.4435,0.99357,1.025,-0.68066,1.0186,-1.6866,0.6216,0.43604
1.5103,0.74196,0.69061,-0.35265,0.66936,-1.5651,0.73199,1.0047
1.7762,0.43242,0.86458,-0.62166,0.85283,-1.4994,0.6859,0.60886
1.6028,1.0217,1.2456,-0.99719,0.51687,-1.7717,0.33431,0.86186
1.4672,0.68337,0.7698,-0.76721,0.52772,-1.3161,0.7091,0.76858
1.6495,0.49189,1.0045,-1.0585,0.61965,-1.6873,0.69843,0.5847
1.4999,0.40283,1.0555,-0.77998,0.47151,-1.6101,0.98039,0.9538
1.6216,0.37903,0.93777,-0.41324,0.44401,-1.3346,0.7128,0.1837
1.6151,0.89313,0.94933,-0.66204,0.91329,-1.6015,0.41025,0.6211
1.7269,0.63973,0.67339,-0.95136,0.87192,-1.5951,0.96527,0.99388
1.9572,0.79019,0.96916,-0.36194,0.7902,-1.4638,0.48653,0.842
1.6632,0.7533,0.58475,-0.49863,0.52814,-1.9436,0.71728,0.7705
1.7665,0.49359,1.3012,-0.82311,0.84693,-1.3208,0.64307,0.48713
1.7168,0.72797,0.65296,-0.74996,0.54562,-1.4916,0.72581,0.96659
1.5139,0.87284,0.64216,-0.75118,0.86708,-2.0738,0.61454,0.78079
1.4436,0.83344,0.97947,-0.68524,0.59708,-1.662,0.60485,0.65733
1.7637,0.77892,0.78209,-0.86696,0.70215,-1.6314,1.1857,0.68929
1.5093,0.64778,1.0451,-0.85824,1.1413,-1.3305,0.95885,0.53617
1.832,0.81993,0.70223,-0.56558,0.80338,-1.614,0.57838,0.68657
1.6621,0.40544,1.0103,-0.78781,0.74609,-1.6107,0.71861,0.72888
1.6074,0.63803,0.81946,-0.32675,0.61886,-1.5486,0.65978,0.78668
1.5251,0.60119,1.0212,-0.89841,0.80689,-1.7874,0.63631,0.63941
1.3871,0.75342,0.59192,-1.1832,0.27953,-1.5504,0.61305,0.87384
1.6112,0.80104,0.85223,-0.84879,0.59156,-1.6045,1.1173,0.71458
1.6694,0.48011,0.27449,-0.52482,0.87817,-1.6541,1.0594,0.5597
1.3364,0.8795,0.62324,-0.79917,0.89835,-1.5087,0.73157,0.64869
1.8773,0.95613,0.68195,-0.76802,0.69269,-1.6947,1.1918,0.87678
1.6907,0.68482,1.0993,-0.9144,0.53366,-1.7174,0.55465,0.73385
2.0698,0.66059,0.97689,-0.52077,0.59849,-1.585,0.82705,0.81691
1.6202,0.51405,0.68496,-0.62948,0.44966,-1.6528,0.83252,0.61908
1.9293,0.6338,0.80618,-0.84755,1.0642,-1.6239,0.87257,0.49099
1.664,0.71565,0.77505,-0.61254,0.82912,-1.7155,0.66532,0.61224
2.3213,1.0423,0.96235,-0.73088,0.67671,-1.576,0.79083,0.68519
1.6856,0.54859,0.64323,-0.55299,0.83521,-1.8319,0.99216,0.4722
1.57,0.79816,0.79379,-0.71172,0.80366,-1.8015,0.61525,0.72891
1.8118,0.92674,0.59278,-0.60989,0.67031,-1.6074,1.1567,0.60371
1.6492,0.94399,0.83884,-0.69395,0.65426,-1.495,0.67189,0.92047
1.7579,0.5445,0.9577,-0.52997,0.88108,-1.7125,0.6451,0.86656
1.5531,0.78885,0.98895,-0.5627,0.90837,-1.5683,0.89346,0.98698
1.6941,0.89756,0.75876,-0.65173,0.72417,-1.339,1.1829,0.7366
1.876,0.89098,1.1489,-0.41973,0.56983,-1.6903,0.49733,1.0393
1.7314,0.87439,0.84183,-1.0697,0.76667,-1.5109,0.67051,0.77829
1.8571,0.59968,0.97779,-0.60644,0.71232,-1.5312,0.91082,0.71313
1.7982,0.66376,0.91216,-0.58504,0.53775,-1.5341,0.7463,1.1116
1.9658,0.97675,1.1103,-0.76901,0.30201,-1.623,0.52121,0.75071
1.9143,0.97071,1.1694,-0.92475,0.67394,-1.8794,0.89334,0.92037
2.0854,0.82484,0.52578,-0.76944,0.97846,-1.785,0.8887,0.90008
2.1038,0.72061,0.93905,-0.54977,0.83883,-1.9093,0.95613,0.84223
1.6464,0.91114,1.1815,-0.39985,0.8639,-1.4071,0.9301,0.83816
2.2101,0.65417,0.95226,-0.85364,0.81618,-1.6705,0.55877,0.95995
1.9326,0.82362,0.74619,-0.82745,0.87533,-1.8874,0.93225,0.76038
1.8687,1.1315,0.80519,-0.80647,0.66091,-1.7915,0.87396,0.8723
2.1889,0.77142,0.80205,-0.92647,0.66406,-1.6262,0.52524,1.0367
1.9494,1.1049,1.0037,-0.88303,0.57946,-1.5851,0.82469,1.2087
2.0407,1.0603,1.1548,-0.61812,0.43699,-1.5851,0.82712,1.0952
1.8449,0.93324,0.57044,-0.79158,0.62227,-1.4467,1.0118,1.0018
1.8929,0.67695,0.69083,-0.51616,0.86315,-1.721,0.91369,0.75292
1.589,0.76315,0.70174,-1.0919,0.89536,-1.6285,1.1645,0.9938
1.5626,1.0532,0.88418,-0.93551,0.3455,-1.4151,1.2245,0.81594
1.5932,0.69769,0.76733,-0.88881,1.1499,-1.6055,0.8483,0.94034
1.8655,0.38237,0.74657,-0.81519,0.62733,-2.0429,0.97058,0.93597
1.8762,1.3899,0.91653,-0.63522,0.72626,-1.7351,0.74367,1.2106
1.7244,0.75483,0.76288,-0.72336,0.97005,-1.7308,0.88273,1.039
1.8739,1.107,0.79112,-0.52116,0.51669,-1.8121,0.83129,1.0055
2.1844,0.79181,0.76023,-0.82616,0.58922,-1.7878,1.1876,0.92932
1.7936,0.60011,0.75664,-0.66575,0.86133,-1.5975,0.77592,0.90716
1.9907,0.71192,0.92509,-0.66961,0.67375,-1.4789,1.0834,0.77126
1.9451,0.95374,0.68106,-0.49929,0.73007,-1.6207,1.4054,0.95166
1.7732,0.85901,0.90471,-0.54068,0.74235,-1.3934,0.9908,0.84252
2.1406,0.82991,0.86342,-0.46331,0.44182,-1.3514,0.91645,1.0581
2.0805,0.57617,0.59204,-1.0526,0.3369,-1.6845,0.71038,1.0096
2.0743,0.86873,0.61063,-0.44932,0.71538,-1.484,1.0309,0.97768
1.7189,0.66746,1.2241,-0.68236,0.66081,-1.7563,0.72178,1.0583
1.6121,0.56471,0.58271,-0.52437,0.77974,-1.5705,1.2965,0.93188
2.4336,0.87127,0.91456,-0.44212,0.76032,-1.481,0.83869,0.85137
2.0921,1.1161,0.8666,-0.69375,0.69089,-1.4635,1.0529,0.82838
1.9447,0.93263,0.78482,-0.41621,0.69982,-1.786,0.97154,1.1554
1.7469,0.91363,0.77759,-0.79313,0.59323,-1.561,1.0437,0.66647
1.8987,1.0116,0.62212,-0.53399,0.78992,-1.4274,0.80887,0.8196
2.0834,1.0124,0.63508,-0.75935,0.20444,-1.6915,1.1717,0.78276
2.0716,0.91846,0.5057,-0.69116,0.96401,-1.5049,0.94221,1.1842
1.7029,0.68638,0.93922,-0.7034,0.71571,-1.2865,1.1553,1.1262
1.911,0.67516,0.78034,-0.63852,0.58266,-1.3973,0.79276,0.88803
1.9983,0.81254,0.63403,-0.87852,0.47097,-1.382,0.90349,0.62397
2.0015,0.74959,0.53075,-0.49308,0.44962,-1.5139,1.1168,1.1179
2.1293,0.96328,0.87779,-0.59327,0.91969,-1.7741,0.93929,0.89121
2.1894,0.75817,0.76305,-0.70956,0.60085,-1.3454,0.95448,1.1085
1.9479,0.91772,0.79099,-0.78666,0.93718,-1.562,0.72519,0.9109
1.9439,0.77629,0.80429,-0.50402,0.71212,-1.4449,1.2165,1.3933
1.9363,0.90087,0.69627,-0.39988,0.76009,-1.2113,0.80742,1.1561
1.7473,1.127,0.73667,-0.76633,0.67442,-1.4375,1.0938,1.1714
1.8854,0.82228,0.67031,-0.39782,0.70083,-1.4433,1.0118,1.3589
2.2807,0.79641,0.89549,-0.65416,0.74401,-1.7032,1.2863,1.1399
2.2538,0.97337,0.75114,-1.1376,0.53403,-1.7096,1.0795,1.0985
1.856,0.8471,0.904,-1.0061,0.56861,-1.492,1.0121,1.2892
1.9671,1.1181,0.62693,-0.67686,0.53198,-1.6542,0.86808,1.0593
2.0003,0.81782,1.0061,-0.60663,0.43249,-1.3778,0.91472,1.212
2.0298,0.93567,0.59588,-0.51628,0.54425,-1.5403,1.1532,1.2417
2.1061,0.8344,0.70017,-0.80537,0.57537,-1.3338,0.98938,1.3177
2.0074,0.87935,0.82865,-0.95544,0.71403,-1.1817,1.0178,1.4372
2.2213,0.82224,0.67477,-0.65446,0.69594,-1.4876,1.134,1.0688
1.9784,0.66992,0.69204,-0.41488,0.53575,-1.5288,0.90591,1.4002
2.0738,0.84595,0.59233,-0.86597,0.65552,-1.5873,1.0232,1.1218
1.9609,0.88462,0.84097,-0.68203,0.63789,-1.6649,0.84235,1.0799
2.1332,1.1381,0.86556,-0.59515,0.4377,-1.2856,1.1087,0.83909
2.1863,0.56866,0.56023,-0.79227,0.92941,-1.6613,0.87573,1.4176
1.745,1.1465,0.83856,-0.91136,0.53229,-1.4617,0.97552,1.4828
1.9629,0.91184,0.55279,-0.75605,0.91831,-1.8075,0.89908,1.0704
2.0676,1.0525,0.53481,-0.75714,0.88771,-1.7269,1.3023,1.4551
2.2911,1.2963,0.73412,-0.53728,0.39475,-1.6976,1.0949,0.95938
2.0815,1.0389,0.52018,-0.46249,0.51496,-1.133,1.3165,1.1282
2.0476,0.72361,0.70022,-0.61753,0.35607,-1.3781,1.1112,1.3515
2.0933,0.89594,0.58514,-0.77533,0.68833,-1.1567,1.1454,1.3001
1.9793,1.2265,0.478,-0.44751,0.52757,-1.3127,1.0773,1.3629
2.1399,0.82567,0.69707,-0.55472,0.59902,-1.5121,0.97809,1.1973
1.9077,1.2011,0.69401,-0.77791,0.44389,-1.6668,1.0195,1.2295
2.3546,1.0562,0.68795,-0.51212,0.88727,-1.7558,0.99883,1.1891
2.0312,0.82654,0.94426,-0.64779,0.39999,-1.6044,1.0411,1.0846
2.2735,0.75254,0.60068,-0.43975,0.7148,-1.4367,1.1047,1.5065
2.1374,1.1758,0.59564,-0.15185,0.54652,-1.7414,1.0774,1.2629
2.216,0.99957,0.54541,-0.67229,0.57325,-1.65,1.2796,1.3061
2.2154,0.9147,0.76778,-0.73415,0.83638,-1.5782,0.91321,1.2569
1.8177,0.90759,0.81708,-0.67989,0.64493,-1.831,0.93556,1.3295
2.6874,1.2729,0.73526,-0.36361,0.47641,-1.3964,0.90188,1.4006
2.0931,1.1342,0.87814,-0.42399,0.91693,-1.7339,1.2355,1.3122
2.1989,1.1073,0.72594,-0.77341,0.73705,-1.1937,1.0558,1.2516
2.0937,0.8507,0.49988,-0.55375,0.5156,-2.0067,0.726,1.3276
1.9117,1.1612,0.86562,-0.52712,0.29162,-1.6548,0.86443,1.1695
2.097,1.3417,0.72764,-0.38364,0.55216,-1.7442,1.1258,0.98086
1.7768,1.0098,0.63437,-0.79226,0.4751,-1.3699,1.1326,1.2105
2.1376,0.89135,0.48757,-0.50075,0.66806,-1.4829,1.3507,1.5352
2.3102,0.78282,0.77497,-0.57915,0.77239,-1.6464,0.84303,1.4013
2.2654,1.0118,0.85528,-0.40397,0.80419,-1.8715,1.0656,1.2484
2.1603,1.0658,0.87506,-0.68738,0.30276,-1.5818,1.3252,1.1009
2.3257,1.1447,0.67266,-0.44117,0.72123,-1.5728,0.79456,1.2419
2.3958,1.0301,0.7027,-0.67805,0.63621,-1.1608,1.3041,1.4604
1.9203,0.92003,0.6507,-0.71735,0.72902,-1.2535,0.80726,1.4453
2.0357,1.2557,0.91915,-0.69289,1.0442,-1.3791,0.81451,1.4888
2.3512,1.2018,0.48227,-0.68849,0.84153,-1.4232,0.92895,1.4965
1.858,0.92178,0.67248,-0.62386,0.5456,-1.4368,1.0064,1.6105
2.0305,0.9127,0.71175,-0.85094,0.2937,-1.6662,1.1657,1.4404
2.0964,1.0321,0.63774,-0.43898,0.6159,-1.2979,1.2517,1.1557
1.9511,0.9773,0.98603,-0.64795,0.39235,-1.3369,1.1205,1.2576
2.0351,1.0526,0.69642,-0.222,0.52445,-1.369,1.2627,1.3095
2.2108,0.9641,0.61604,-0.72111,0.72495,-1.8259,0.77051,1.339
2.0606,1.1194,0.65239,-0.63824,0.53751,-1.6801,1.2297,1.4814
1.9663,1.2195,0.44007,-0.70961,0.67021,-1.6481,1.4556,1.2345
1.8362,1.1587,0.44278,-0.59993,0.7097,-1.6372,1.1795,1.5828
2.0416,0.96638,0.71836,-0.8036,0.26966,-1.452,1.0827,1.4255
1.9539,1.3563,0.66402,-0.39614,0.26124,-1.4981,1.1602,1.1105
2.3866,1.0402,0.66658,-0.57596,0.36931,-1.4937,1.1133,1.1318
2.0951,1.1841,0.43963,-0.79122,0.53273,-1.7453,1.0196,1.7517
2.1648,1.3187,0.79004,-0.70921,0.62545,-1.7075,1.1787,1.2842
1.9702,0.95162,0.65239,-0.58276,0.61806,-1.5952,1.0474,1.3979
2.0476,0.97348,0.62297,-0.60582,0.47087,-1.6427,1.3308,1.4088
2.0849,1.2006,0.51698,-0.44793,0.79036,-1.2801,0.78961,1.4965
2.4419,0.87427,0.38715,-0.48821,0.46869,-1.4334,0.91592,2.0064
2.1642,1.14,0.8585,-0.85847,0.53652,-1.7856,1.5253,1.4766
2.1142,0.93268,0.84706,-0.82091,0.71056,-1.625,0.99182,1.3943
2.2199,0.99407,0.45356,-0.49093,0.55691,-1.765,1.0841,1.5838
2.2654,1.0294,0.48956,-0.46666,0.7164,-1.6347,1.2236,1.3307
1.5567,0.85925,0.73303,-0.8955,0.64979,-1.3941,1.1521,1.4582
1.9176,0.90005,0.7015,-0.66689,0.46114,-1.3193,1.122,1.3279
1.7887,1.0031,0.85985,-0.4214,0.77227,-1.6942,1.3704,1.4253
2.2615,1.2968,0.42642,-0.64229,0.59427,-1.6379,1.388,1.4716
1.883,0.8829,0.83451,-0.72348,0.72611,-1.5776,1.1284,1.0525
2.2147,0.58387,0.65556,-0.75404,0.72806,-1.5596,1.0546,1.8441
2.1528,1.1481,0.76458,-0.74667,0.42421,-1.6689,1.0291,1.4485
1.7343,0.9157,0.63966,-0.75237,0.32605,-1.2418,1.0215,1.6391
2.1624,1.0956,0.33819,-0.32381,0.44451,-1.2428,0.84363,1.4407
2.1363,1.0267,0.6473,-0.50611,0.30191,-1.2308,1.0271,1.4166
2.0415,1.0594,0.6043,-0.60454,0.33563,-1.6634,1.2885,1.3309
2.2425,1.2363,0.45368,-0.59516,0.34173,-1.5852,1.1076,1.2804
2.0482,1.2148,0.55597,-0.49966,0.42269,-1.5474,1.388,1.3863
1.8345,1.0362,0.55828,-0.8225,0.55885,-1.5524,1.1125,1.945
1.7517,0.76772,0.47987,-0.75494,0.63927,-1.6896,1.2133,1.8542
2.287,0.81685,0.7291,-0.91693,0.31514,-1.6751,1.2015,1.3743
1.894,1.0759,0.71113,-0.6042,0.86191,-1.6718,1.113,1.8441
2.12,0.84826,0.66632,-0.69481,0.39564,-1.5675,1.2285,1.5181
1.9198,0.63717,0.44976,-0.93008,0.48028,-1.3713,0.86604,1.8169
1.7794,0.96918,0.33488,-0.90765,0.62999,-1.7059,1.2936,1.7788
2.1652,0.98985,0.87997,-0.32815,0.53855,-1.6865,1.1458,1.3772
2.2666,0.75812,0.59186,-0.88413,0.3343,-1.6457,1.1375,1.5053
2.0905,1.3309,0.40271,-0.66023,0.866,-1.137,1.0809,1.9663
2.061,1.3071,0.20507,-0.76066,0.47257,-1.3964,1.2413,1.5836
1.7258,1.2338,0.53844,-0.73577,0.6518,-1.5259,1.1594,1.5688
2.0417,0.74249,0.49488,-0.63701,0.49623,-1.3444,1.226,1.6891
1.8308,0.97494,0.4923,-0.76255,0.72439,-1.7859,1.0761,1.7167
1.6332,0.81617,0.77235,-0.69314,0.70953,-1.1204,1.4194,1.6552
1.8411,1.1948,0.31338,-0.53995,0.65358,-1.4681,1.2118,1.5247
2.0763,0.78688,0.4787,-0.71791,0.54217,-1.5182,1.1476,1.4201
2.1212,0.8328,0.44622,-0.52673,0.37722,-1.5117,1.188,1.5612
2.3104,1.0787,0.58818,-0.7358,0.68981,-1.6233,1.4146,1.6731
1.9769,1.0919,0.56219,-0.88896,0.81775,-1.1944,1.2431,1.8204
2.0315,0.86417,0.74274,-0.81601,0.60974,-1.4155,1.3453,1.6026
1.9872,0.86303,0.59114,-0.13463,0.48551,-1.2178,1.4391,1.2895
2.3696,1.0935,0.32279,-0.68229,0.35316,-1.6278,1.2661,1.5238
2.3303,0.94804,0.48941,-0.53232,0.62064,-1.7241,1.4184,1.6532
2.2428,0.96622,0.59544,-0.62026,0.50892,-1.4603,1.3216,1.5566
2.2794,1.0053,0.50161,-0.71993,0.80362,-1.6469,1.2776,1.5145
2.0212,1.1285,0.56736,-0.62285,0.20832,-1.6927,1.3266,1.3541
1.5836,0.98817,0.56566,-0.62201,1.0059,-1.4853,0.96124,1.579
2.377,1.0471,0.38713,-0.60611,0.4018,-1.1283,1.008,1.9034
2.0779,1.0016,0.54784,-0.65513,0.68268,-1.4855,1.2266,1.9137
2.0362,1.0888,0.4958,-0.77842,0.51521,-1.3364,1.1415,1.8503
2.0929,1.2052,0.57507,-0.67958,0.42057,-1.4851,0.80705,1.6959
1.7239,1.223,0.28631,-0.96643,0.29024,-1.43,1.0507,1.4666
2.1128,0.99784,0.68397,-0.68239,0.46512,-1.4429,1.0407,1.5948
1.998,1.1669,0.47101,-1.0845,0.76213,-1.4278,1.0905,1.7691
1.7821,0.96434,0.74644,-0.91441,0.34226,-1.3597,0.85254,2.0083
1.9918,1.1972,0.35454,-1.038,0.58986,-1.4149,1.3291,2.1511
2.1518,0.69768,0.60824,-0.56412,0.52802,-1.5502,1.2053,1.837
1.7717,1.0923,0.092978,-0.92382,0.50856,-1.2038,1.0262,1.5667
1.6066,0.98074,0.62018,-0.8388,0.42355,-1.6585,1.0595,1.6783
1.7769,1.2576,0.45576,-0.70182,0.81438,-1.4758,1.4134,1.8
1.8989,0.94861,0.39255,-0.57443,0.78475,-1.7381,1.2528,1.5628
1.9462,1.1318,0.54982,-0.48672,0.77474,-1.702,1.5362,1.5203
1.8783,0.95941,0.34605,-1.0309,0.54728,-1.6229,1.2786,1.916
2.1112,0.87488,0.53221,-0.96778,0.6451,-1.9057,1.2848,1.8653
1.9052,1.2375,0.345,-0.63463,0.4129,-1.5853,1.0223,1.6045
1.9087,1.0559,0.38672,-0.57041,0.24815,-1.5018,1.3767,1.7285
1.7987,0.88973,0.43187,-0.74634,0.62166,-1.5212,1.1648,1.935
1.9449,1.0614,0.63648,-0.84311,0.58418,-1.5705,0.91999,1.5656
1.6359,0.6544,0.12047,-0.69877,0.4484,-1.3521,1.4286,1.3055
1.8483,1.0564,0.30197,-1.0201,0.70198,-1.2657,1.21,1.585
1.8085,1.4117,0.36787,-0.83887,0.55013,-1.4712,0.86804,1.454
2.0942,0.9992,0.30335,-0.8054,0.42012,-1.4126,1.2945,1.9912
1.8268,1.1708,0.48364,-0.7349,0.87766,-1.0964,0.98712,1.4907
1.6114,1.1647,0.27821,-0.68215,0.45854,-1.052,1.4183,1.5182
1.825,0.82989,0.67171,-0.70426,0.65173,-1.1335,1.1019,1.5247
1.7471,0.88474,0.44453,-1.0194,0.21303,-1.1803,1.1532,1.701
1.7528,0.96275,0.47988,-0.76192,0.89147,-1.3904,1.3275,1.5486
1.784,0.83222,0.32783,-1.0507,0.69886,-1.0426,1.1466,1.4329
1.8809,0.34313,0.12329,-0.88254,0.80395,-1.5115,1.2666,1.7413
1.6792,1.1031,0.30119,-0.72496,0.91364,-1.3503,1.206,1.7016
2.0117,1.0884,-0.03073,-0.7689,0.52652,-1.8363,1.4302,1.8462
1.6828,0.69689,0.29682,-0.61597,0.47886,-1.3861,1.2164,1.432
1.8954,0.83305,0.30398,-0.81943,0.77431,-1.359,1.1601,1.7912
1.8218,1.1627,0.39386,-0.67346,0.50599,-1.4657,1.0095,1.7954
1.7974,0.92143,0.47502,-0.66985,0.36229,-1.4324,1.214,1.6422
2.0541,0.91764,0.1748,-0.92006,0.44139,-1.3373,1.2833,1.5536
1.4881,0.77314,0.27078,-0.73623,0.57747,-1.2451,1.1581,1.9902
1.9472,0.96203,0.6635,-0.6503,0.6189,-1.3235,1.3742,1.5959
1.6167,1.1256,0.11168,-1.2661,0.89994,-1.4529,1.3957,1.8673
1.7044,0.82763,0.7504,-0.86374,0.52386,-1.3829,1.2211,1.5689
1.7843,0.67645,0.44819,-0.74742,0.49687,-1.3683,1.2947,1.813
1.6563,0.94988,0.54132,-0.95999,0.03834,-1.6444,1.3804,2.0714
1.7818,0.62949,0.54804,-0.84221,1.0879,-1.62,1.5592,1.9362
1.4564,0.7797,0.14681,-0.6287,0.58293,-1.4988,1.2182,1.8497
2.0649,1.101,0.035452,-0.87923,0.93653,-1.3417,1.1707,2.1273
1.6899,0.96011,0.25246,-1.1001,0.59142,-1.3368,1.3406,1.9597
1.6679,0.97441,0.62765,-0.70199,0.35134,-1.0735,1.0417,1.4627
1.7474,1.0874,0.44913,-1.0918,0.48388,-1.2168,1.0732,1.7705
1.9801,0.91284,0.24433,-0.68053,0.56216,-1.7633,1.3505,1.7685
1.4344,0.59716,0.44865,-0.84294,0.71334,-1.5638,1.084,1.8064
1.5895,0.7278,0.57448,-0.86085,0.69727,-1.4778,1.3593,1.6369
1.6397,0.71935,0.3423,-0.89946,0.70224,-1.3251,1.2639,1.7993
1.7781,1.0166,0.047113,-1.1006,0.70989,-1.408,1.2078,1.7983
1.4333,0.83676,0.36578,-0.51748,0.77182,-1.6095,1.2382,1.3301
1.7512,1.1271,0.55554,-0.93592,0.56792,-1.5444,1.4772,1.7122
1.7453,0.81263,0.24048,-0.92284,0.75467,-1.2927,1.0817,1.8518
1.7172,0.61562,0.32488,-0.73159,0.77448,-1.4762,1.1434,1.9227
1.8184,0.66023,0.20332,-0.76677,0.45084,-1.211,1.3256,1.609
1.4025,0.76516,0.24993,-0.80701,0.73368,-1.3212,0.82278,1.9326
1.9068,0.93317,0.53779,-1.0278,0.92185,-1.309,1.4898,1.5866
1.8314,0.59549,0.47131,-0.71285,0.55387,-1.5686,1.3959,1.6343
1.6909,0.86867,0.54951,-0.86701,0.17974,-1.2076,1.3889,1.5748
1.699,0.95328,0.61038,-0.67959,0.22431,-1.3218,1.1709,1.9403
1.7284,0.99906,0.58742,-0.85756,0.61946,-1.147,1.1203,1.3718
1.6906,0.74322,0.50939,-0.55323,0.76936,-1.3,1.0141,1.9725
1.8009,0.99097,0.56916,-0.89227,0.65594,-1.0039,1.1253,1.91
1.2814,0.60738,0.067751,-0.94233,0.6073,-1.6831,1.5361,1.5403
1.6507,0.90249,0.29748,-0.9664,0.54579,-1.3094,1.1613,1.7582
1.5403,0.87568,0.26351,-1.1518,0.57872,-1.3693,1.2791,1.5477
1.5052,0.99732,0.18943,-0.80501,0.42615,-1.4475,1.1263,1.5766
1.7619,0.70087,0.064863,-0.7854,0.49644,-1.5167,1.0497,1.7622
1.738,1.0435,0.48961,-1.0302,0.79055,-1.2633,1.4887,1.5442
1.6502,0.59884,0.2031,-0.84202,0.72197,-1.6476,1.2904,2.0281
1.8721,0.72282,0.35718,-0.93848,0.4402,-1.7085,1.1324,1.3985
1.7943,1.0577,0.55624,-0.78948,0.73444,-1.4134,1.1653,1.7558
1.9258,0.62805,0.66783,-0.7514,0.59973,-1.5004,1.2252,1.7531
1.6886,0.68845,0.21136,-0.80538,0.84339,-1.0686,0.91798,1.7719
1.3893,0.79008,0.6106,-0.99459,0.62226,-1.2373,1.1661,1.5861
1.7896,1.0518,-0.082208,-0.7975,0.54878,-1.5229,1.1838,1.7433
1.6287,0.89556,0.20523,-1.1932,0.79801,-1.4214,1.5439,1.525
1.6852,0.87407,0.28258,-0.75832,0.4834,-1.3135,1.3688,1.9389
1.4516,0.73411,0.61617,-1.1258,0.64576,-1.5231,1.478,1.6098
1.8171,0.61513,0.49749,-0.97208,0.11331,-1.4902,1.1909,1.7465
1.5636,0.80531,0.45678,-0.61648,0.69583,-1.3354,1.362,1.498
1.3635,0.75934,0.21812,-0.89164,0.68298,-1.4268,1.2602,1.4927
1.3013,0.78558,0.22407,-0.68071,0.88137,-1.7675,1.1337,1.6802
1.4851,1.0442,0.38924,-1.18,0.58681,-1.6313,0.99793,1.7075
1.6689,0.77301,0.2516,-1.0597,0.65541,-1.4988,1.1474,1.8889
1.6142,0.67883,0.1434,-1.0126,0.52291,-1.248,1.1724,1.8255
1.2781,0.50287,0.24336,-1.0918,0.77249,-1.3587,1.5652,1.7547
1.292,0.62526,0.076317,-1.3469,0.71823,-1.3706,0.87539,1.595
1.2489,0.93082,0.31204,-0.92132,0.91968,-1.5218,1.2591,1.3872
1.3551,0.76115,0.41011,-1.0315,0.55427,-1.3448,1.3506,1.4095
1.612,0.64751,0.21821,-1.0867,0.80129,-1.2611,1.2699,1.4471
1.1598,1,0.65541,-0.73364,0.4903,-1.4153,1.4589,1.7228
1.3326,0.50814,0.39471,-1.2077,0.93033,-1.5013,1.4039,1.5192
1.4319,0.64383,0.092726,-1.0292,0.52355,-1.2052,1.2321,1.6881
1.3305,0.56844,0.10454,-0.78087,1.0223,-1.3577,0.98109,1.6055
1.4758,0.75005,0.37715,-0.64834,0.60392,-1.8799,1.2479,1.584
1.3206,0.68081,0.61789,-1.3433,0.64102,-1.5725,1.3238,1.4224
1.2272,0.89821,0.42306,-0.65692,0.71207,-1.2337,1.5169,1.5549
1.2771,0.60457,0.30698,-1.3854,0.53295,-1.4803,1.1048,1.7275
1.3997,0.63569,0.2974,-0.87614,0.45187,-1.7843,1.144,1.286
1.2764,0.90457,-0.077666,-1.0453,0.38776,-1.1989,1.2495,1.886
1.2911,0.77056,0.09985,-0.90085,0.86807,-1.5632,1.4559,1.6534
1.1481,1.069,0.27397,-0.57743,0.39781,-1.7068,1.378,1.576
1.0551,0.87051,-0.061006,-1.0671,0.83889,-1.4281,1.2336,1.2988
1.5969,0.40584,0.17352,-1.1744,0.89209,-1.695,1.3682,1.4145
1.1955,0.60566,0.33344,-0.69003,0.66734,-1.2382,1.0189,1.7932
1.3785,0.81102,-0.14113,-0.99307,0.72231,-1.4855,1.416,1.4839
1.4984,0.54576,0.23533,-0.7896,0.93835,-1.4605,1.0508,1.4632
1.2715,0.77519,0.22526,-1.0761,0.42871,-1.8454,1.5574,1.3156
1.1498,0.82052,0.18721,-1.018,0.72593,-1.6025,1.1376,1.3795
1.1795,0.75152,0.013323,-0.57153,0.89822,-1.1145,1.2342,1.7329
1.0324,0.58499,-0.0040592,-0.77388,0.4757,-1.5695,1.3326,1.9371
1.4177,0.61467,0.25683,-0.77142,0.58748,-1.4135,1.4478,1.2758
1.1165,0.49434,0.084731,-0.91096,0.51014,-1.4477,1.0196,1.3926
1.3198,1.0427,0.14439,-0.91844,1.047,-1.2185,1.1108,1.3186
1.5151,0.46534,0.29774,-0.97329,0.50834,-1.5287,1.4457,1.5231
1.2509,0.36682,0.086166,-1.1917,0.58759,-1.7531,1.4558,1.2818
1.0838,0.28796,0.18992,-1.2479,0.81854,-1.3844,1.493,1.8199
0.96353,0.43032,0.13879,-1.1677,0.47992,-1.3545,1.0688,1.4156
0.9633,0.96556,0.17587,-0.91301,0.70054,-1.6423,1.0065,1.5379
1.239,0.85536,0.50553,-1.1615,0.95176,-1.4535,1.4066,1.3479
1.4581,0.61492,-0.1846,-1.0752,0.73562,-1.4205,1.3044,1.3568
0.94892,0.41737,0.057729,-1.157,0.91442,-1.7326,1.1352,1.8827
0.99846,0.55927,0.14955,-0.98323,0.74477,-1.3584,1.2994,1.5352
1.2251,0.71628,0.53369,-1.0624,0.76784,-1.1731,1.1629,1.4562
1.595,0.94554,0.23041,-0.91392,0.54655,-1.5577,1.3507,1.5037
1.0696,0.59298,0.31103,-1.1284,0.64017,-1.5126,1.2979,1.6196
1.3025,0.74829,0.1695,-0.78453,0.67253,-1.5183,1.3299,1.3272
1.3583,0.80135,0.54242,-0.75119,0.70142,-1.3784,1.1485,1.6057
1.0768,0.27243,0.24494,-1.181,0.90534,-1.4337,1.5263,1.6852
1.3939,0.73524,0.036974,-1.4481,0.77148,-1.2859,0.95406,1.2853
1.1371,0.38873,0.11061,-1.0507,0.61446,-1.5089,1.1343,1.3781
1.181,0.71261,0.44111,-1.2086,0.81828,-1.6045,1.2027,1.4564
1.1058,1.0244,0.22989,-1.0809,1.0516,-1.1593,1.2152,1.4572
1.5187,0.59602,0.039264,-1.056,0.81141,-1.3629,1.2265,1.5165
1.2086,0.49672,0.023628,-1.0057,0.8779,-1.3954,1.3896,1.2862
0.92377,0.79163,0.61666,-1.0271,0.91017,-1.4186,1.1018,1.4129
1.0885,0.51605,-0.011191,-1.3988,0.94729,-1.2992,1.1995,1.4509
1.2916,0.72027,0.20631,-1.236,0.96144,-1.2167,1,1.5656
1.0876,0.79115,0.26811,-1.0638,0.79902,-1.3095,1.3411,1.4675
1.04,0.36803,0.19677,-1.0408,0.84939,-1.4359,1.4194,1.4057
1.1882,0.53147,0.11599,-1.1396,1.2013,-1.6575,1.0811,1.2923
1.1803,0.59608,0.15983,-1.0408,0.73674,-1.4222,1.3451,1.2229
0.81124,0.6037,-0.16135,-1.1741,0.83169,-1.5302,1.1413,1.1131
0.82476,0.52603,0.427,-1.0292,1.1878,-1.3306,0.97801,1.5062
0.9962,0.634,-0.16905,-1.1169,0.61419,-1.4768,1.403,1.483
0.88496,0.61088,0.15101,-1.1556,0.61672,-1.2644,1.3024,1.0994
0.98267,0.7636,-0.054451,-1.0543,0.90923,-1.3382,1.5379,1.29
1.0982,0.8678,0.39909,-1.0824,1.0915,-1.1331,1.4551,1.0759
0.8203,0.80892,0.052864,-1.1973,1.009,-1.3224,1.1138,1.2506
0.52713,0.23356,0.27113,-1.2184,0.85365,-1.676,1.2523,1.2774
1.2887,0.53998,0.22172,-0.98318,1.17,-1.6407,1.2035,1.1008
1.1666,0.45012,0.31208,-1.053,0.87324,-1.342,1.5532,1.2773
0.91204,0.72585,0.15882,-0.8496,0.48413,-1.8595,1.3266,1.286
0.84835,0.59296,-0.044572,-1.1501,0.60939,-1.4252,1.1603,1.3413
1.0193,0.77677,0.098986,-1.3144,0.92323,-1.5689,1.3553,1.1498
0.94084,0.1441,0.016917,-1.1882,0.83504,-1.62,1.3393,1.321
0.94581,0.71268,0.073499,-0.84963,0.85088,-1.8375,1.2689,1.3065
0.99434,0.57195,0.091312,-1.3601,1.0873,-1.4959,1.1352,1.1366
0.76592,0.66121,0.13596,-1.1176,0.76921,-1.5644,1.1051,1.4651
0.49456,0.57274,0.30408,-0.82806,0.71966,-1.2771,1.3693,0.9285
0.82381,0.59983,0.41698,-1.232,1.1718,-1.6369,1.3309,1.2075
0.79423,0.66765,0.21599,-1.0312,1.0615,-1.3461,1.3475,1.4149
0.75861,0.73448,0.030788,-1.4838,1.1471,-1.3077,1.4756,1.2251
1.0996,0.43042,0.11781,-0.97501,0.91558,-1.5319,1.0999,1.476
0.98665,0.56685,0.35007,-1.2978,1.3722,-1.6519,1.1644,1.3861
0.9697,0.87561,0.096946,-1.3804,1.2216,-1.4084,1.6706,0.92324
0.86316,0.67712,0.089437,-0.93211,0.85941,-1.6823,1.3932,1.3336
0.94805,0.94576,-0.028191,-1.3494,0.66696,-1.1182,1.2441,1.1351
0.85827,0.43463,0.24648,-1.4377,0.90429,-1.2743,1.2583,1.0879
0.61233,0.77447,0.41377,-1.1774,0.81837,-1.2535,1.1156,1.1992
0.69566,0.44846,0.0086194,-0.79129,1.2674,-1.4306,1.2196,0.87367
0.8828,0.62433,0.098224,-1.1722,1.0266,-1.1847,1.116,1.064
0.84421,0.61336,0.21737,-1.283,0.71316,-1.4066,1.4551,1.1358
0.68495,0.4135,0.093187,-1.4727,0.79747,-1.4195,1.1933,1.4192
0.65388,0.5282,-0.12913,-1.0544,1.1546,-1.4986,1.2086,1.1031
0.74133,0.31456,0.076638,-1.0844,1.1829,-1.4488,1.158,1.0882
0.78828,0.73666,0.16494,-1.1732,1.0882,-1.3134,1.1013,1.1113
0.68387,0.30945,-0.077742,-1.3911,1.3632,-1.4386,1.2977,1.1416
0.52177,0.83825,0.29863,-1.2373,1.0428,-1.4199,1.1301,1.0804
0.69359,0.22585,0.12805,-1.1632,0.92672,-1.5422,1.1651,0.92098
0.61144,0.53533,-0.095168,-1.0432,1.1571,-1.64,1.3145,1.3113
0.42961,0.49087,0.4339,-1.1463,0.96954,-1.4765,1.1619,1.1502
0.81202,0.56971,0.26716,-1.3269,0.90164,-1.5299,1.3691,1.5618
0.73457,0.45594,0.1436,-1.1135,1.2902,-1.5696,1.2887,0.88537
0.46975,0.33828,0.2373,-1.3614,1.3108,-1.2315,1.2921,0.83804
0.73301,0.20803,0.0016338,-1.4617,1.168,-1.2668,1.2636,0.89924
0.80418,0.23512,0.1792,-1.2108,1.0548,-1.4373,1.2277,0.86028
0.69705,0.68476,0.21484,-0.99658,1.1977,-1.2876,1.2313,0.81306
0.37523,0.57841,0.0075716,-1.3497,1.2463,-1.4988,1.353,1.1443
0.51335,0.4257,0.10527,-1.4877,0.95216,-1.6241,1.0602,1.0081
0.766,0.50438,0.19887,-1.1503,1.0743,-1.9128,0.83566,1.0227
0.39421,0.076885,0.01018,-1.4173,0.98323,-1.7209,1.3237,1.0036
0.74606,0.46455,0.069295,-1.0079,1.3686,-1.2099,1.1944,0.88089
0.32766,0.34526,0.31314,-1.2967,1.0276,-1.5975,1.1586,1.2254
0.68401,0.50233,0.091117,-1.4692,1.4457,-1.562,1.1601,0.96324
0.88329,0.48929,-0.059417,-1.5372,1.3291,-1.7882,1.1744,0.67708
0.57529,0.41513,0.079657,-1.3636,0.96142,-1.7196,1.3424,1.0815
0.82846,0.44496,0.022851,-1.6901,0.99446,-1.8843,1.0317,0.99816
0.69887,0.49395,0.22991,-1.3054,1.0454,-1.51,1.2856,0.58001
0.69304,0.27518,0.38296,-1.5885,1.0913,-1.3679,1.6471,0.77871
0.52208,0.47603,0.45154,-1.2326,1.0415,-1.5328,1.1843,0.84737
0.6481,0.44822,0.48185,-1.2849,1.2861,-0.92718,1.2518,0.58349
0.37478,0.27658,0.026222,-1.1273,1.6153,-1.2799,1.3447,1.1335
0.99953,0.32801,0.057832,-1.2168,1.4977,-1.3443,1.1997,1.049
0.64722,0.21313,0.038121,-1.3501,1.3066,-1.7364,1.0003,0.64119
0.6976,0.31701,0.20988,-1.7891,1.2743,-1.5645,1.3806,0.93984
0.79891,0.3344,0.2257,-1.2549,1.3266,-1.6916,1.3842,0.93044
0.53984,0.11621,0.063576,-1.0803,1.3329,-1.4241,1.3056,0.88444
0.49481,0.27573,0.27501,-1.5012,1.3683,-1.2194,1.3989,0.51021
0.88274,0.20885,0.27682,-1.634,1.1903,-1.2791,1.5225,0.82073
0.57918,0.47191,0.28235,-0.93184,1.4479,-1.5823,1.1181,0.66584
0.53653,0.70817,0.29101,-1.4529,1.1746,-1.3288,1.3141,0.73021
0.49124,0.581,0.096019,-1.3639,1.1302,-1.1787,1.2777,0.79483
0.36993,0.49366,-0.21081,-1.2747,1.3075,-1.4011,0.97395,0.76605
0.47562,0.46505,-0.069894,-1.0676,1.2512,-1.2497,1.3555,0.55258
0.33571,0.59086,0.21348,-0.9689,1.0179,-1.195,1.0306,0.95061
0.31851,0.39138,0.14269,-1.1919,1.4159,-1.4103,1.335,0.88427
0.66874,0.30107,0.15985,-1.7132,1.1527,-1.2785,1.3338,0.68285
0.81179,0.1249,0.21676,-1.2105,1.3527,-1.6713,1.4819,0.72373
0.43012,0.55646,0.075503,-1.2399,1.0459,-1.3068,1.1046,0.51006
0.46873,0.3219,-0.016152,-1.2324,1.2426,-1.3794,1.1948,0.27855
0.2455,0.66517,0.2481,-1.3763,1.0583,-1.7347,1.4302,0.555
0.41303,0.26257,0.15146,-1.02,1.318,-1.3924,1.1565,0.70838
0.68238,0.34742,-0.011386,-1.6122,1.1408,-1.2856,1.2186,1.0767
0.41545,0.56118,-0.12112,-1.2484,1.3041,-1.4781,1.1997,0.83791
0.60072,0.51642,-0.21263,-1.0456,1.4623,-1.8092,1.4203,0.66853
0.35289,0.33458,0.2828,-1.0136,1.1564,-1.2487,1.3156,0.94302
0.3631,-0.020864,0.123,-1.3056,1.3703,-1.4744,1.4377,0.65785
0.4281,0.50838,0.16326,-1.3646,1.173,-1.2786,1.4851,0.74589
0.44391,0.57572,-0.16925,-1.3761,1.4206,-1.6126,1.2686,0.47977
0.57106,0.36745,0.073379,-1.4617,1.604,-1.2974,1.1368,0.88197
0.32769,0.422,0.24243,-1.2714,1.485,-1.3363,1.1214,0.51024
0.27036,0.23756,0.20115,-1.6412,1.1122,-1.3202,0.89326,0.24285
0.42682,0.46531,0.071489,-1.5134,1.4081,-1.3166,1.1026,0.5062
0.63595,0.73312,0.26513,-1.4501,1.2348,-1.1183,1.0011,0.55004
0.6513,0.55865,0.021925,-1.6444,0.89702,-1.4035,1.2118,0.99152
0.10339,0.30854,-0.093032,-1.1966,1.3568,-0.99702,1.4369,0.26673
0.5949,0.3519,0.095769,-1.2215,1.341,-1.7538,1.1778,0.79885
0.14267,0.60669,0.1494,-1.0658,1.3864,-1.7096,1.393,0.69246
0.47169,0.69702,-0.19685,-1.2181,1.2087,-1.5148,1.1378,0.50215
0.48108,0.60517,0.1123,-1.1907,1.0794,-1.5019,1.3058,0.36169
0.30711,0.39985,0.15385,-1.3295,1.1713,-1.1309,1.4524,0.2374
0.57838,0.64697,-0.088157,-1.1769,0.97402,-1.3751,0.90887,0.36916
0.74733,0.19466,-0.011635,-0.96112,1.6056,-1.496,1.1155,0.95727
0.24478,0.38498,0.32831,-1.3792,1.1208,-1.4292,1.249,0.41811
0.27427,0.32002,0.17896,-1.3862,1.1235,-1.3123,1.036,0.22124
0.54114,0.41465,0.32354,-1.099,1.3634,-1.3702,1.2786,0.46806
0.27673,0.064791,0.16092,-1.1817,1.4548,-1.4997,1.3702,0.56498
0.49984,0.34455,0.31971,-1.2868,1.4321,-1.3023,1.238,0.60294
0.41072,0.58102,-0.16505,-1.5306,1.3006,-1.4703,1.4635,0.37564
-0.10335,0.32598,0.36176,-1.7626,0.92165,-1.2462,1.2257,0.67649
0.39964,0.13807,0.045424,-1.2695,1.6214,-1.0509,0.98068,0.25452
0.03089,0.61689,0.12503,-1.6266,1.5353,-1.5378,1.3619,0.37388
0.39499,0.46431,-0.12389,-1.6517,1.4494,-1.4494,0.88802,0.34893
0.46335,0.54272,0.46875,-1.1147,1.5072,-1.5466,1.1551,0.49492
0.45024,0.44032,0.32634,-1.1307,1.3369,-1.5284,1.4178,0.4319
0.22295,0.34674,0.15466,-1.3411,1.8122,-1.1542,1.2623,0.31733
0.19182,0.52293,0.082192,-1.3867,1.3698,-1.1675,1.0301,0.59053
0.35467,0.25279,0.46623,-1.6007,1.3338,-1.3562,1.2563,0.23314
0.26006,0.3207,0.22952,-1.2029,1.2795,-1.4798,1.2349,0.32053
0.26276,0.38954,0.073682,-1.59,1.0214,-1.0969,1.3781,0.43381
0.45135,0.12064,-0.10565,-1.6177,1.6584,-1.2101,1.1111,0.31027
0.92736,0.36319,0.071633,-1.1789,1.6063,-1.1513,1.0807,0.29309
0.34152,0.3006,0.070075,-1.2605,1.1354,-1.4176,1.1312,-0.0067758
0.71334,0.2977,-0.20832,-1.1656,1.4751,-1.5382,1.2322,0.48205
0.36209,0.47152,0.020946,-1.0674,1.3021,-1.1663,1.168,0.32508
0.23374,0.33052,0.14525,-1.8095,1.5887,-1.3029,1.2888,0.28233
0.49941,0.32576,-0.18947,-1.5988,1.1636,-1.0396,1.2655,0.33174
0.24812,0.60894,0.15107,-1.6903,1.0651,-1.6645,1.205,0.34821
0.27101,0.31882,0.071708,-1.4112,1.6889,-1.4532,1.1976,0.27195
0.077863,0.32922,0.43655,-1.5116,1.4003,-1.3584,1.4356,-0.011729
0.3363,0.46018,0.2368,-1.3979,1.6194,-1.5192,1.0286,0.16172
0.33347,0.62423,0.066236,-1.4786,1.0802,-1.6238,1.1468,0.67637
0.51526,0.54778,0.44064,-1.4572,1.1704,-1.3277,1.0544,0.44493
0.49184,0.48337,0.62714,-1.6787,1.2798,-1.3331,1.5203,0.35964
0.21619,0.44197,0.066725,-1.3744,1.5365,-1.4377,1.0782,0.40158
0.34851,0.41119,0.067795,-1.1654,1.2099,-1.2887,1.2947,0.33851
0.41322,0.64544,0.15221,-1.7936,1.474,-1.4437,1.0979,0.33634
0.42824,0.23245,0.05791,-1.5351,1.1908,-1.3516,1.3028,0.081512
0.25214,0.4776,0.34592,-1.1177,1.691,-1.2585,1.1539,0.24526
0.37514,0.25964,0.5313,-1.388,1.7909,-1.4261,0.94195,0.29174
0.050036,0.49314,-0.018794,-1.4711,1.4836,-1.4214,0.80776,0.022883
0.14131,0.54176,-0.016017,-1.2001,1.2824,-1.5521,0.96984,0.40129
0.11386,0.48968,0.23697,-1.4725,1.236,-1.1647,1.3239,0.50311
0.00065951,0.60236,0.42659,-1.4068,1.6052,-1.1131,1.1526,0.15216
0.33913,0.041508,0.51087,-1.4479,1.498,-1.6209,1.406,0.34735
0.26919,0.77935,0.44687,-1.463,1.2561,-1.1851,1.2687,0.17726
0.25904,0.18376,0.23006,-1.5383,1.4711,-1.2894,1.5259,0.024306
0.27917,0.42453,-0.056187,-1.3879,1.4097,-1.3236,1.5759,0.092464
0.033925,0.46713,0.20424,-1.6479,1.3601,-1.0758,1.3534,0.20524
0.34899,0.6419,-0.05057,-1.5746,1.0736,-1.1507,1.4454,0.10558
0.038909,0.40256,0.014671,-1.1651,1.6061,-1.2261,1.2749,0.25652
0.96478,0.57935,0.25803,-1.5385,1.23,-1.544,1.2096,0.59756
0.25214,0.35322,0.035252,-1.4929,1.6678,-1.5159,1.0401,0.063362
0.42728,0.1861,0.29702,-1.6166,1.3299,-1.6054,1.2139,0.28704
0.32405,0.44998,0.17645,-1.0943,1.107,-1.4159,1.0215,0.25351
0.30881,0.23234,0.27225,-1.636,1.523,-1.3896,1.2657,0.16714
0.32064,0.59248,0.18358,-1.7558,1.5646,-1.41,1.0016,0.13732
0.13034,0.44406,0.1121,-1.409,1.4448,-1.3786,1.1499,0.48962
