-0.37107,-1.9943,-0.83206,-0.87664,-0.21809,0.19326,0.59839,0.47247
-0.5867,-1.6346,-0.69566,-0.85951,-0.41348,0.19588,1.1897,0.83566
-0.67954,-1.5985,-0.58823,-0.65223,-0.20724,-0.15037,0.95416,0.5525
-0.32077,-1.6906,-0.53266,-0.70625,-0.50982,0.043163,1.0185,0.74706
-0.068455,-1.8804,-0.30823,-0.54764,-0.36575,-0.0931,0.73538,0.53983
-0.30703,-1.7732,-0.65113,-0.6327,-0.11863,0.094721,0.42948,0.5475
-0.22442,-1.9477,-0.42762,-0.6933,-0.30776,0.12803,0.48446,0.38109
-0.37142,-1.7983,-1.0011,-0.54521,-0.4132,0.25717,0.74919,0.15278
-0.43734,-1.7766,-0.75834,-0.82741,-0.45475,0.064342,0.67968,0.72668
-0.86912,-1.7414,-0.75903,-1.0769,-0.14965,0.26185,0.7098,0.22435
-0.41444,-1.6012,-0.46641,-0.70294,-0.64716,0.36812,0.46365,0.56297
0.066911,-1.4498,-0.25459,-0.36994,-0.30636,0.15561,1.1405,0.40711
-0.19567,-1.8564,-0.76701,-0.7978,-0.58576,-0.1012,0.74274,0.54109
-0.18172,-1.6224,-0.45455,-0.89507,0.042687,0.511,0.7068,0.45723
-0.10795,-1.528,-1.0141,-0.83528,0.0018123,-0.083829,0.55941,0.29327
0.0099316,-1.7263,-0.69938,-0.61229,-0.10565,0.16463,0.94579,0.29109
-0.74587,-1.5114,-0.62604,-0.75875,-0.12207,0.36593,0.80984,0.4357
-0.5037,-1.842,-0.80539,-0.78319,-0.1963,0.11097,0.75558,0.46763
-0.4449,-1.6519,-0.78424,-0.60201,-0.42641,0.1417,0.3894,0.32954
-0.043282,-1.8995,-0.53072,-0.56783,-0.2991,0.065231,0.36585,0.085408
-0.012845,-1.714,-0.48297,-0.96332,-0.49216,0.10022,0.61897,0.27925
0.015621,-1.6484,-0.67863,-0.56308,-0.2672,-0.06227,0.51137,0.58724
-0.23355,-1.7138,-0.55372,-0.64893,-0.61958,0.1976,0.59447,0.53322
-0.15786,-1.7296,-0.82599,-0.60306,-0.21584,-0.068033,0.59468,0.29738
-0.49311,-1.8581,-0.29221,-0.81177,-0.53281,0.32293,0.66663,-0.037861
-0.3472,-1.8172,-0.31552,-0.37761,-0.067913,-0.054649,0.61785,0.34203
-0.36766,-1.9854,-0.68022,-0.7032,-0.33411,0.054584,0.78285,0.37218
-0.14434,-1.8378,-0.41191,-0.84769,-0.50787,-0.25834,0.73067,0.52875
-0.36829,-1.4125,-0.5665,-0.67728,-0.44182,0.14337,0.73489,0.35369
-0.086381,-1.6927,-0.60716,-0.60522,-0.51189,0.065318,0.61505,0.30109
-0.64852,-1.6283,-0.66444,-0.59725,0.03598,0.080095,0.88965,0.35336
-0.4094,-1.8494,-0.56346,-0.89294,-0.00055516,0.052659,0.75519,0.11566
-0.28986,-1.7308,-0.60149,-0.46315,-0.33223,-0.10503,0.87876,0.61722
-0.18858,-1.8575,-0.40921,-0.67966,0.040482,0.051528,0.59312,0.64492
-0.089338,-1.9404,-0.72968,-0.5694,-0.36543,-0.36529,0.6616,0.14039
-0.38487,-1.547,-0.93907,-0.60562,-0.51691,0.041082,0.78237,0.24161
-0.044614,-1.9223,-0.34426,-0.78959,-0.40494,0.19847,0.7308,0.37641
-0.063444,-2.0113,-0.57311,-0.3731,-0.034703,0.20412,0.52198,0.47458
-0.035948,-1.7476,-0.90081,-0.65748,-0.42297,-0.14871,0.57946,0.49975
-0.37137,-1.4189,-0.46966,-0.48323,-0.3239,-0.25732,0.81802,0.49918
-0.11545,-1.8097,-0.33211,-0.57807,-0.34554,-0.054162,0.88194,0.53173
-0.36671,-1.6318,-0.57063,-0.66981,0.024022,0.040438,0.62905,0.07847
0.14553,-1.4229,-0.51604,-0.90392,-0.33319,-0.0433,1.3475,0.31045
-0.2562,-1.607,-0.82846,-0.79446,-0.41541,-0.17319,0.72093,0.71015
-0.12276,-1.8626,-0.89891,-1.0477,-0.44165,-0.083198,0.89451,0.37173
-0.15516,-2.1895,-0.63613,-0.41111,-0.27148,-0.31081,0.69086,0.31808
-0.55126,-1.5877,-0.55305,-0.1303,-0.52968,0.43834,0.68014,0.38996
-0.10576,-1.6138,-0.86583,-0.52219,-0.38728,0.25423,0.58268,0.32275
-0.1814,-1.3499,-0.74129,-0.67408,-0.32937,-0.028597,0.4481,0.12386
-0.22271,-1.5068,-0.78981,-0.45707,-0.2244,0.26384,1.0494,0.44314
-0.17204,-1.8724,-0.78679,0.1121,-0.21593,-0.13716,1.0591,0.10711
-0.13945,-1.497,-0.63717,-0.51288,-0.20638,0.11581,0.87475,0.57362
-0.35959,-1.8494,-0.56075,-0.41706,-0.44904,0.19436,0.5999,0.25861
-0.09799,-1.4416,-0.68142,-0.66057,-0.23351,0.044064,0.87245,0.47019
-0.24092,-1.4869,-0.78729,-0.64458,-0.45684,-0.17261,1.3472,0.43294
-0.50178,-1.5506,-0.86278,-0.61896,-0.20674,0.10395,0.96121,0.116
-0.5767,-1.8326,-0.74508,-0.50757,-0.20145,-0.025562,0.78841,0.11745
-0.34471,-1.6101,-0.48543,-0.36786,-0.49049,-0.052954,1.0274,0.2163
-0.36863,-1.6645,-0.31486,-0.63385,-0.088309,-0.14372,0.95992,0.094184
-0.040263,-1.991,-1.0404,-0.38965,-0.33967,0.26944,0.97889,0.067706
0.14286,-1.7301,-0.62667,-0.86742,-0.40052,0.25251,0.69743,0.36408
-0.33921,-1.5791,-0.53634,-0.42565,0.083188,0.12096,0.88274,0.15117
-0.59395,-1.7321,-0.5565,-0.75596,-0.10545,0.048376,0.86512,0.48328
-0.15838,-1.3596,-0.68467,-0.40773,0.10397,0.053748,0.66944,0.42756
-0.0124,-1.5694,-0.96164,-0.52851,-0.41154,0.19961,1.2571,0.40034
-0.33315,-1.5479,-0.69908,-0.75478,-0.14681,0.45851,0.78587,0.3629
-0.021959,-1.5967,-0.73902,-0.51557,-0.38798,0.0041119,0.90741,0.015767
-0.5843,-1.671,-0.77583,-0.6618,-0.3319,-0.16514,0.93944,0.31751
-0.074497,-1.8325,-0.5061,-0.59792,-0.15299,0.046602,0.87168,0.71073
-0.40864,-1.2763,-0.40705,-0.39694,-0.19802,0.19005,0.91371,-0.20176
-0.52651,-1.7534,-0.59345,-0.57335,0.14908,-0.0046919,1.0271,-0.086347
-0.50026,-1.9765,-0.88317,-0.53297,-0.25208,0.27326,1.1395,0.48982
-0.20215,-1.873,-0.43769,-0.63669,-0.27178,0.064278,0.83858,0.30348
-0.23548,-1.48,-0.795,-0.36769,-0.16811,0.16154,0.9328,0.1431
-0.15346,-1.9118,-0.88228,-0.34906,-0.45938,0.040955,1.0005,-0.021993
-0.47474,-1.6619,-0.57981,-0.36457,-0.15567,-0.10741,0.7453,0.38667
-0.40769,-1.505,-0.6127,-0.52843,-0.37534,0.27255,0.72643,0.22974
-0.3911,-1.7492,-0.95162,-0.29659,-0.21772,0.0081951,0.73002,0.037828
-0.28325,-1.6944,-0.51887,-0.45714,-0.31397,-0.008643,0.69625,0.18891
-0.25829,-1.7457,-0.59558,-0.2986,-0.46873,-0.25797,0.94132,0.30644
-0.50832,-1.9477,-0.80122,-0.64196,-0.22881,0.0064536,0.7937,-0.0018761
-0.44373,-1.688,-0.63417,-0.6546,-0.25261,-0.13824,0.78928,0.25413
-0.10001,-1.7981,-0.6309,-0.072002,-0.55437,-0.015937,0.71857,0.088014
-0.029638,-1.6359,-0.85134,-0.64902,-0.30788,0.22764,0.89471,0.1027
-0.067311,-1.4279,-0.63301,-0.79406,-0.21258,0.03652,0.92829,0.10007
-0.42163,-1.5626,-0.67407,-0.92687,-0.2516,-0.046838,0.70929,0.18847
-0.61696,-1.7937,-0.62235,-0.57927,-0.46898,0.16087,0.71668,-0.080159
-0.20127,-1.3286,-0.35814,-0.81273,-0.18265,0.24185,0.60337,0.21748
-0.33043,-1.8157,-0.83769,-0.51096,-0.48632,0.01587,0.82775,0.18921
-0.35675,-1.8607,-0.87946,-0.45024,-0.34021,-0.020757,0.74331,-0.07226
-0.51411,-1.3602,-0.66992,-0.67757,-0.25058,-0.10171,0.88911,0.0545
-0.45912,-1.5365,-0.75969,-0.4749,-0.30988,-0.062627,1.0139,-0.15253
-0.43978,-1.3675,-0.71074,-0.60311,-0.37977,-0.19145,0.84911,0.27908
0.10014,-1.2824,-0.5622,-0.6997,-0.12277,0.042938,0.88681,0.32475
-0.31522,-1.8528,-0.62751,-0.53999,-0.16481,0.14097,0.88786,0.26346
-0.34584,-1.8316,-0.87731,-0.81248,0.18765,0.016646,0.80034,-0.37758
-0.85067,-1.4469,-0.74816,-0.79751,-0.16792,-0.24281,0.76019,-0.15072
-0.21851,-1.6182,-0.80428,-0.16541,-0.31237,0.13045,0.95388,-0.036849
-0.24362,-1.7205,-0.86537,-0.11594,-0.18394,0.038856,1.243,-0.044682
-0.32827,-1.6076,-0.94366,-0.4138,-0.21786,0.0046844,0.78931,0.21133
-0.34855,-1.6517,-0.81128,-0.25834,-0.49553,-0.11317,0.79328,0.20685
-0.40231,-1.4205,-0.75939,-0.40646,-0.22086,0.41128,0.94751,0.11484
-0.28931,-1.4089,-0.41198,-0.60147,-0.41952,0.18294,0.7569,0.21823
-0.3543,-1.1943,-1.0187,-0.34015,-0.15581,0.093224,0.624,0.14525
-0.33639,-1.4582,-0.41694,-0.65947,-0.0093228,-0.21408,0.84755,0.041015
-0.34029,-1.6458,-0.87473,-0.35978,-0.28961,0.10939,0.67583,0.21985
-0.082776,-1.4987,-0.69133,-0.17123,-0.25685,-0.11227,0.73406,0.32643
-0.36612,-1.1226,-0.71575,-0.35062,-0.49388,0.12951,0.87195,0.16403
-0.2346,-1.182,-0.77246,-0.57642,-0.26414,-0.066783,0.71655,-0.023362
-0.19343,-1.3128,-0.95913,-0.39062,-0.10988,0.036919,0.94626,0.0073416
0.01147,-1.7347,-0.92237,-0.34738,-0.40098,-0.095893,1.1997,-0.22219
-0.16509,-1.5944,-1.0185,-0.53468,-0.47872,0.31745,0.9405,-0.27135
-0.33455,-1.6565,-0.65826,-0.47212,-0.079815,-0.068737,0.90206,-0.056991
-0.29194,-1.6522,-0.57712,-0.29468,-0.27381,0.074407,0.90861,-0.27044
-0.74512,-1.2704,-0.71463,-0.614,-0.30462,-0.33134,1.1513,-0.11813
-0.033253,-1.6548,-0.87525,-0.60273,-0.020071,-0.23003,0.84916,-0.087003
-0.39404,-1.287,-0.67876,-0.36452,-0.41773,0.1151,1.0308,-0.076692
-0.28262,-1.3383,-0.45543,-0.54659,-0.35826,0.051017,1.0215,-0.30356
-0.75055,-1.6498,-0.81079,-0.33042,-0.15003,0.26156,1.05,-0.19599
-0.50449,-1.7165,-0.72235,-0.47422,0.12936,0.05373,0.82748,-0.14078
-0.36785,-1.4673,-0.98004,-0.26605,-0.38334,0.094841,0.94303,-0.12226
-0.15284,-1.6153,-1.04,-0.26227,-0.085399,0.047649,0.79441,-0.15873
-0.40849,-1.6369,-0.56525,-0.27621,-0.56257,-0.22983,0.74146,-0.10992
-0.37294,-1.7287,-0.69469,-0.47158,-0.32163,0.20171,0.85762,-0.0036105
-0.25554,-1.5727,-0.79379,-0.52807,-0.25048,0.047156,0.92452,0.24921
-0.41909,-1.6749,-1.1452,-0.52014,-0.37231,0.10312,1.0575,-0.14706
-0.30183,-1.5833,-0.76474,-0.69827,-0.096359,0.086967,1.131,0.092788
-0.64003,-1.5518,-0.45849,-0.32105,0.0037977,0.064991,1.1376,-0.15642
-0.31259,-1.7443,-1.0528,-0.2455,-0.2566,-0.31212,1.0333,0.3447
-0.12996,-1.5735,-0.66962,-0.37532,-0.59411,-0.21605,0.75868,0.11569
-0.60392,-1.5655,-0.84187,-0.38499,-0.40395,0.11143,0.9478,0.17771
-0.27622,-1.5633,-0.86814,-0.45535,-0.35014,0.15216,0.6449,-0.44015
-0.2757,-1.2722,-0.81532,-0.36296,-0.00045878,0.15964,1.2111,-0.18812
-0.35458,-1.4106,-0.89201,-0.72152,-0.42106,0.080794,0.80342,-0.065436
-0.43999,-1.649,-0.8294,-0.4159,-0.24724,0.392,0.62773,-0.19615
-0.33294,-1.1158,-0.72512,-0.25816,-0.19438,0.27847,1.3034,0.077215
-0.2017,-1.2776,-1.0054,0.16488,0.018606,0.29226,0.47258,-0.081297
-0.48238,-1.5775,-0.73746,-0.22324,-0.1236,-0.15701,1.1239,-0.32496
-0.20673,-1.4363,-1.2563,-0.41099,-0.34842,0.3108,1.1741,-0.2173
-0.40257,-1.2631,-1.0613,-0.77106,-0.60798,-0.014169,1.1026,-0.18786
-0.52941,-1.6587,-0.7098,-0.30344,-0.20526,-0.17465,1.1764,-0.25478
-0.43759,-1.6734,-1.2514,-0.3326,-0.40871,0.15248,1.2247,0.043135
-0.15284,-1.534,-0.88083,-0.18292,-0.34197,-0.036501,1.0317,-0.18286
-0.30165,-1.4149,-0.90729,-0.21077,0.019076,0.06296,1.1434,-0.37792
-0.3724,-1.5007,-0.99166,-0.28679,-0.46623,-0.050877,0.79925,-0.23903
-0.57288,-1.2857,-1.1185,-0.28512,-0.4783,0.31546,1.2613,-0.19983
-0.33648,-1.2895,-0.70594,-0.47164,-0.36894,0.06831,1.1352,-0.26063
-0.36677,-1.6425,-1.0328,-0.28678,-0.31547,0.13673,1.2196,-0.1772
-0.30617,-1.3067,-0.70734,0.11382,-0.11644,0.20218,0.85907,-0.09109
-0.14727,-1.607,-0.92339,-0.65417,-0.32896,0.25376,1.2718,0.025308
-0.17818,-1.4081,-1.094,-0.2151,-0.25283,-0.11255,0.70798,-0.38489
-0.4482,-1.2225,-0.91485,-0.012977,-0.020535,0.3757,1.2386,0.21702
-0.055651,-1.6313,-0.9545,-0.51177,-0.20216,0.22219,0.99594,-0.12862
-0.46398,-1.3394,-1.0647,-0.32425,-0.20918,0.37445,1.3437,-0.49695
-0.2001,-1.3649,-1.155,-0.48053,-0.42486,0.0014883,1.4283,-0.0093789
-0.30628,-1.5529,-0.69477,-0.45193,-0.093578,0.18544,0.8289,0.25012
-0.69511,-1.2295,-1.4592,-0.7368,-0.052466,0.33952,0.596,-0.27972
-0.50049,-1.518,-0.65705,-0.19386,-0.097295,0.10554,0.83542,0.014093
-0.66729,-1.4634,-1.0196,-0.45344,-0.30489,0.27743,1.279,-0.16844
-0.2682,-1.4933,-1.139,-0.17182,0.021543,0.16742,1.105,-0.03098
-0.60668,-1.2194,-0.79214,-0.46812,0.051829,0.085162,0.75611,-0.35683
-0.37374,-1.2638,-1.1035,-0.36571,-0.021864,0.047353,0.90438,-0.29012
-0.15248,-1.1401,-1.0152,-0.74293,-0.2238,0.27258,1.0598,-0.24457
-0.21882,-1.1096,-1.1352,-0.25097,-0.050098,0.077072,1.1614,-0.33826
-0.4497,-1.2803,-0.78312,-0.53754,-0.2343,0.24327,1.0349,-0.20055
-0.56959,-1.1568,-1.2805,-0.24549,-0.22078,0.506,0.95619,-0.44072
-0.39734,-1.5389,-1.3013,-0.19827,-0.10206,0.45565,1.2147,-0.085622
-0.79663,-1.0957,-1.3529,-0.075771,0.026456,0.096487,1.0263,-0.037212
-0.19091,-1.3559,-0.91645,-0.3156,-0.24814,0.27996,1.1099,-0.34926
-0.34141,-1.7192,-1.2171,-0.44917,-0.20957,0.27215,1.0556,-0.037236
-0.53305,-1.3595,-1.0772,-0.31214,-0.23345,0.057813,1.1625,-0.22345
-0.43363,-1.5383,-1.1492,-0.24039,0.028304,0.31244,1.1245,-0.052473
-0.41898,-1.3641,-1.5195,-0.29451,-0.18456,0.40763,0.97907,-0.043545
-0.56104,-1.5892,-1.2037,-0.19515,-0.23139,0.48197,0.87346,-0.18218
-0.55887,-1.226,-1.1947,-0.56068,-0.052568,0.63156,1.4359,-0.09344
-0.16353,-1.2438,-1.3118,-0.17212,-0.20192,0.20388,0.99594,-0.38002
-0.38531,-1.0195,-0.93909,-0.50082,-0.36479,0.014589,1.1946,-0.26707
-0.38921,-1.3686,-1.3717,-0.40025,-0.33852,0.31919,1.1319,0.0064837
-0.25686,-1.1056,-1.3535,-0.41212,-0.052578,0.43268,1.0558,-0.020872
-0.38858,-1.1878,-1.3789,-0.46845,-0.45507,0.12528,1.2391,-0.41403
-0.43986,-1.2261,-1.1919,0.017487,-0.38741,0.52217,1.1302,-0.068227
-0.41842,-1.0891,-1.2749,-0.36402,-0.30592,0.40665,1.0354,0.11658
-0.32582,-1.5287,-1.1693,-0.54614,-0.090138,0.37447,1.3937,-0.25704
-0.7629,-1.2573,-1.2114,-0.27055,-0.3628,0.14008,1.2559,-0.54958
-0.50853,-1.2211,-1.2208,-0.21837,-0.1968,-0.013861,0.73477,-0.37898
-0.58321,-1.6127,-1.4331,0.066262,-0.48078,0.18149,1.0859,-0.43769
-0.5037,-1.2611,-1.2906,-0.51557,-0.19792,0.38896,0.95011,-0.12962
-0.43163,-1.4555,-1.1875,-0.41985,-0.15516,0.35544,0.94056,-0.58861
-0.56832,-1.299,-1.2196,-0.54419,-0.48051,0.63525,1.3078,-0.33574
-0.23466,-1.4007,-1.2479,-0.16559,-0.27165,0.37026,1.1151,-0.076625
-0.75606,-1.2751,-0.89195,-0.27635,-0.4192,0.64538,1.4013,-0.00043034
-0.20978,-1.0418,-1.1905,-0.38894,-0.027114,0.38528,1.15,-0.17333
-0.63364,-1.4008,-1.2201,-0.39716,-0.12191,0.45214,1.071,-0.094997
-0.34218,-1.1756,-1.1503,-0.031273,-0.13004,0.29189,1.1008,-0.24084
-0.56151,-1.4791,-0.98154,-0.10007,-0.072371,0.54053,1.1745,-0.37551
-0.7556,-1.0001,-0.83241,-0.34981,-0.12622,0.38637,1.1262,-0.24906
-0.094892,-1.3036,-1.5302,-0.25572,-0.075707,0.27532,1.1599,-0.4585
-0.70986,-1.0936,-1.3809,-0.58918,-0.20236,0.76815,1.0998,-0.22515
-0.63335,-1.3985,-1.5148,-0.60842,-0.034981,0.3073,1.2977,-0.24569
-0.2597,-1.1916,-1.4023,-0.32315,-0.14436,0.3135,1.1475,-0.16051
-0.14924,-1.3403,-1.4258,-0.17016,-0.17779,0.72592,0.72882,-0.28955
-0.66013,-1.1729,-1.4325,-0.4405,-0.12839,0.4583,1.2014,-0.57195
-0.59165,-1.3118,-1.5875,-0.48162,0.45421,0.33367,1.3619,-0.49208
-0.50559,-1.1351,-1.2466,-0.51922,-0.1043,0.17252,0.9426,-0.28101
-0.4834,-1.1978,-1.4398,-0.3445,-0.14517,0.67875,1.1655,-0.48676
-0.47451,-1.349,-1.2331,-0.23245,-0.17857,0.50001,1.2276,-0.27982
-0.83662,-1.0701,-1.3451,-0.2369,-0.21978,0.53732,1.3003,-0.56982
-0.33224,-1.1734,-1.3141,-0.44563,0.042351,0.45199,1.0551,0.026971
-0.49308,-1.4276,-1.5314,-0.20937,0.049023,0.6796,1.4079,-0.13579
-0.55688,-0.89728,-1.4675,-0.70306,-0.16877,0.35921,1.0253,-0.33522
-0.51738,-1.214,-1.3444,-0.34314,-0.016534,0.3102,1.2314,-0.40446
-0.55586,-1.0916,-1.3935,0.06279,0.062476,0.68668,1.1362,-0.41956
-0.5397,-1.4434,-1.075,-0.31938,0.18354,0.42369,1.1447,-0.5141
-0.47394,-1.104,-1.4645,-0.26774,-0.36176,0.59486,1.3411,-0.31492
-0.76777,-1.0786,-1.2503,-0.23116,-0.32246,0.59448,1.4861,-0.19504
-0.23708,-1.3653,-1.2432,-0.20534,-0.13174,0.35441,1.1508,-0.2083
-0.74564,-1.26,-1.5522,-0.16165,-0.32333,0.48941,0.86946,-0.28139
-0.49096,-1.1781,-1.5813,-0.15531,-0.069493,0.50208,1.2313,-0.2664
-0.18728,-1.079,-0.82685,-0.39214,-0.30087,0.37914,1.2826,-0.50283
-0.63159,-1.0126,-1.2699,-0.33848,0.16638,0.73853,1.4442,-0.27845
-0.71306,-1.0981,-1.4875,-0.56673,-0.30087,0.68084,1.1673,-0.31998
-0.57959,-0.94821,-1.4181,-0.49187,-0.24391,0.49697,1.2983,-0.81095
-0.21948,-1.3494,-1.2238,-0.65372,0.077087,0.67392,1.552,-0.20105
-0.30511,-1.3109,-1.3158,-0.71739,0.0112,0.74289,1.1066,-0.44429
-0.35822,-1.2524,-1.6206,-0.51324,-0.41689,0.68579,1.3001,-0.31155
-0.40511,-0.97983,-1.4692,-0.29157,-0.27007,0.45698,1.1803,-0.31751
-0.36194,-1.1606,-1.5082,-0.09599,0.13858,0.52548,1.2742,-0.14275
-0.79164,-1.0911,-1.3235,-0.67989,-0.57136,0.81122,1.2299,-0.43611
-0.27424,-1.198,-1.5197,-0.22934,0.33028,0.74115,1.0056,-0.25517
-0.38487,-1.315,-1.6011,-0.13633,-0.32463,0.53995,0.90108,-0.14877
-0.46277,-1.2085,-1.879,-0.28725,-0.64703,0.46997,1.2357,-0.33697
-0.8224,-1.0545,-1.6111,-0.24203,0.28748,0.36411,1.032,-0.491
-0.27346,-1.0424,-1.1932,-0.19893,-0.47954,0.74446,0.89822,-0.18103
-0.55131,-1.1155,-1.7553,-0.31011,-0.24205,0.60638,0.81073,-0.091971
-0.44812,-1.0109,-1.348,-0.49869,-0.092834,0.74427,1.2877,-0.55894
-0.34816,-1.4538,-1.3799,-0.43795,-0.073592,0.30024,1.0679,-0.40252
-0.46352,-1.2044,-1.7412,-0.35414,-0.069845,0.66548,1.1237,-0.49992
-0.42042,-1.1131,-1.3568,-0.5907,-0.49422,0.44305,1.2751,-0.43656
-0.76493,-1.1614,-1.474,-0.57416,0.053683,0.94473,1.1479,-0.59078
-0.60291,-0.87217,-1.7386,-0.3607,-0.23463,0.59761,1.054,-0.18845
-0.72604,-1.1345,-1.5625,-0.25827,0.1385,0.36684,1.4714,-0.33449
-0.59005,-1.0033,-1.1434,-0.49966,-0.10468,0.5795,1.2229,-0.57787
-0.53659,-1.0809,-1.5503,-0.61105,-0.089108,0.80376,1.1643,-0.40765
-0.35101,-1.0705,-1.6765,-0.6891,0.033786,0.70018,1.3305,-0.38638
-0.43742,-1.0141,-1.6037,-0.43053,-0.093826,0.74111,1.1671,-0.66811
-0.41973,-1.2312,-1.3844,-0.6146,-0.26339,0.66561,0.99184,-0.5141
-0.92206,-1.0064,-1.5303,-0.67131,-0.19243,0.88443,0.93381,-0.70242
-0.53671,-1.004,-1.3961,-0.37236,0.017982,0.9532,0.97286,-0.50345
-0.53446,-1.4545,-1.4269,-0.39865,0.014558,0.83431,1.1086,-0.30748
-0.33562,-0.90118,-1.1783,-0.30717,-0.31663,1.0402,1.2317,-0.53201
-0.49617,-0.79657,-1.5821,-0.12464,-0.0076652,0.75538,1.2276,-0.43592
-0.68136,-0.90981,-1.5574,-0.30289,-0.094304,0.44402,1.4531,-0.37405
-0.62414,-0.88414,-1.6484,-0.41627,-0.085295,0.52608,1.2395,-0.13694
-0.7109,-1.2977,-1.1855,-0.46479,-0.28055,0.78948,1.0428,-0.58871
-0.69786,-0.91154,-1.3354,-0.5679,0.041803,0.83941,1.378,-0.50967
-0.65647,-1.0751,-1.6332,-0.43849,-0.12882,0.95167,1.2139,-0.33209
-0.84886,-1.1742,-1.2999,-0.56862,-0.050643,0.37473,1.1431,-0.41938
-0.63682,-1.217,-1.4312,-0.31427,-0.046779,0.72571,1.1204,-0.37585
-0.59335,-0.79157,-1.2446,-0.48927,-0.27099,0.57407,1.0286,-0.50319
-0.47143,-1.3069,-1.2993,-0.41843,-0.31156,1.0908,1.1022,-0.57288
-0.49803,-1.1093,-1.6642,-0.5581,-0.11021,0.90759,1.34,-0.25436
-0.85417,-0.88212,-1.603,-0.33774,-0.16481,0.62929,1.223,-0.73431
-0.32586,-0.97437,-1.5176,-0.17244,-0.18857,0.55308,0.79875,-0.38049
-0.78074,-0.62186,-1.6879,-0.53519,-0.28485,0.79898,1.1165,-0.66697
-0.38618,-0.85671,-1.2503,-0.57793,-0.35945,0.87798,1.3058,-0.067396
-0.55712,-0.78853,-1.6812,-0.15985,0.082709,0.47762,0.99495,-0.36625
-0.61079,-1.1018,-1.377,-0.52421,-0.25534,0.61287,1.0284,-0.43189
-1.0056,-0.89429,-1.4326,-0.31817,-0.42109,0.73306,1.1215,-0.35339
-0.31566,-1.0306,-1.6289,-0.54259,-0.1438,0.71215,0.91347,-0.29536
-0.69038,-1.009,-1.8662,-0.46111,-0.15242,1.0131,1.0314,-0.17086
-0.36964,-0.94311,-1.4298,-0.42635,-0.085265,0.84128,1.0649,-0.27027
-0.30714,-0.78138,-1.5844,-0.63555,-0.20092,0.89811,1.1791,-0.53686
-0.57306,-0.94186,-1.6264,-0.42172,-0.23814,0.81584,1.2651,-0.18491
-0.61032,-0.81571,-1.6243,-0.51726,0.009339,0.82021,0.96064,-0.30023
-0.60474,-0.83741,-1.6531,-0.61963,0.17877,0.91853,1.3134,-0.17759
-0.54767,-0.89614,-1.8543,-0.32767,-0.22569,0.96466,1.1801,-0.27739
-0.51876,-0.96037,-1.3275,-0.38923,-0.00014253,0.6885,1.3097,-0.51352
-0.13804,-0.6294,-1.4004,-0.49267,0.050783,0.92534,1.3649,-0.48169
-0.43193,-0.98646,-1.6621,-0.48862,-0.21692,0.72537,0.85538,-0.49529
-0.56205,-0.54829,-1.9662,-0.50178,0.093506,0.80154,1.0926,-0.72392
-0.80449,-1.2216,-1.8023,-1.0393,0.19414,0.88448,1.0506,-0.62719
-0.43141,-0.88651,-1.5987,-0.44821,-0.29744,0.82908,1.3792,-0.33607
-0.67602,-0.92715,-1.534,-0.57509,-0.12704,0.69972,1.1764,-0.14164
-0.52132,-0.80235,-1.6982,-0.32562,-0.19817,0.87846,1.2287,-0.60546
-0.3731,-1.2942,-1.595,-0.47216,-0.13007,0.92471,1.4923,-0.26028
-0.73615,-1.0579,-1.6788,-0.49262,0.12474,0.6649,1.0013,-0.31454
-0.61238,-0.75857,-1.5953,-0.65182,-0.21425,0.75629,1.4724,-0.32542
-0.52223,-0.72777,-1.6211,-0.57358,-0.13345,0.82714,1.2811,-0.53906
-0.57839,-1.103,-1.3997,-0.70455,-0.28465,1.0499,1.2844,-0.20511
-0.60161,-0.60955,-2.0643,-0.56956,-0.071567,0.87922,1.0019,-0.18531
-0.25881,-0.79557,-1.7043,-0.38751,-0.012268,0.90189,1.191,-0.46969
-0.37278,-0.96992,-1.7432,-0.8152,-0.12026,1.1795,1.2114,-0.59954
-0.75525,-0.72351,-1.5561,-0.40604,-0.15993,0.95756,1.126,-0.36053
-0.5755,-1.3179,-1.7409,-0.82645,-0.27707,1.2351,1.1959,-0.24512
-0.29728,-0.69551,-1.5927,-0.30527,-0.22581,1.014,1.1025,-0.2243
-0.70499,-0.89786,-1.5891,-0.60495,0.18302,0.83978,1.0497,-0.28778
-0.31891,-0.65093,-2.0025,-0.73261,-0.055436,0.79525,0.97656,-0.34013
-0.52089,-0.96022,-2.13,-0.49885,-0.091208,0.82804,1.3752,-0.39979
-0.30927,-0.90503,-1.7078,-0.22763,-0.21677,1.1551,0.98594,-0.68278
-0.74907,-0.95823,-1.4569,-0.62072,-0.10569,1.0034,0.96729,-0.39481
-0.50868,-0.63542,-1.4807,-0.57984,-0.2582,1.0874,0.88123,-0.43017
-0.75228,-1.0203,-1.7397,-0.9391,-0.049159,0.92787,1.1317,-0.37524
-0.32492,-1.0506,-1.8789,-0.85659,0.10958,1.0646,1.2318,-0.53162
-0.66752,-0.71658,-1.5421,-0.60429,-0.25381,1.1119,1.0676,-0.41722
-0.38612,-1.0529,-1.8938,-0.57926,0.099656,0.97997,1.0297,-0.66452
-0.59687,-0.97029,-1.774,-0.67833,0.026861,1.1781,1.4936,-0.36549
-0.70504,-0.74685,-1.5746,-0.80411,0.014386,0.87101,1.4999,-0.23311
-0.65003,-0.79936,-1.9274,-0.56406,-0.26368,0.99275,1.275,-0.43334
-0.84207,-0.66351,-1.5135,-0.59508,-0.38982,0.91045,1.1916,-0.064633
-0.41192,-0.94643,-1.9524,-0.81935,-0.27314,1.2267,1.3387,-0.61392
-0.41485,-0.62449,-1.4908,-0.568,-0.43903,0.80234,0.97777,-0.41152
-0.23071,-0.61213,-1.8958,-0.2733,-0.25416,1.2307,0.79043,-0.52778
-0.68428,-0.73998,-1.8644,-0.83096,0.014686,1.1363,1.1309,-0.4988
-0.66758,-0.50593,-2.3123,-0.79354,0.021513,1.1861,1.0634,-0.43279
-0.70915,-0.83566,-1.6133,-0.9587,0.082631,1.147,1.4511,-0.47166
-0.40935,-1.0437,-1.9919,-0.54531,0.045325,1.4649,1.1498,-0.63111
-0.72466,-0.81645,-1.6978,-0.71286,0.18991,1.1449,1.1717,-0.60443
-0.36396,-0.67257,-1.9592,-0.55926,-0.1658,1.3297,1.1636,-0.45506
-0.7883,-0.70166,-2.0751,-0.64056,0.13993,1.0574,1.3122,-0.37574
-0.7417,-0.87819,-1.683,-0.56453,-0.13709,1.1339,1.2052,-0.21434
-0.46123,-0.66537,-1.8563,-0.60022,-0.22027,1.1243,1.5564,-0.60018
-0.8995,-0.88996,-1.7251,-0.65785,-0.053743,1.1752,1.1098,-0.62917
-0.63535,-0.92874,-2.0696,-0.4347,-0.070657,0.96514,1.3765,-0.38769
-0.44931,-0.67879,-1.6502,-0.77414,-0.051416,1.3269,1.1448,-0.37399
-0.67697,-1.0696,-2.0869,-0.65278,0.2018,1.2762,1.4208,-0.35209
-0.47886,-0.53367,-1.7594,-0.64833,-0.34559,1.3346,1.2186,-0.32702
-0.47737,-0.86544,-1.9326,-1.0417,-0.21538,1.0014,1.0963,-0.16252
-0.75772,-0.56343,-1.8438,-0.62035,-0.2282,0.89384,0.99454,-0.1995
-0.40948,-0.44757,-1.9678,-0.60311,-0.25906,1.1098,1.2042,-0.56632
-0.42141,-0.50093,-1.7639,-0.67742,-0.32211,1.4657,1.4139,-0.41518
-0.57717,-0.99627,-1.7319,-0.55219,0.091149,0.8581,1.3332,-0.52308
-0.58743,-0.51966,-2.2389,-0.48298,0.046456,1.0701,1.3292,-0.33743
-0.3474,-0.81156,-1.9755,-0.32567,0.16075,1.0931,1.3517,-0.42187
-0.77914,-0.59296,-1.5345,-0.67559,-0.40129,1.1692,1.0829,-0.21013
-0.54314,-0.72103,-1.6742,-0.67593,-0.027683,1.2331,1.2072,-0.49517
-0.39685,-0.77198,-1.902,-0.66052,-0.12681,1.0127,1.2549,-0.28585
-0.6497,-0.86768,-1.7027,-0.50416,-0.14648,0.95604,0.99702,-0.44916
-0.24011,-0.71337,-1.881,-0.77129,-0.083243,0.87004,1.4443,-0.26183
-0.73711,-0.72376,-1.7674,-0.97641,-0.14497,0.94678,1.609,-0.49995
-0.57975,-0.7951,-1.8011,-0.64268,0.12993,1.0257,1.2016,-0.35138
-0.71046,-0.82238,-1.7298,-0.57309,-0.083982,0.912,1.4403,0.0019251
-0.77898,-0.62916,-2.0725,-0.43033,0.08004,1.1947,1.3513,0.08452
-0.60135,-1.1171,-1.8833,-0.92574,-0.095569,1.084,1.3848,-0.73602
-0.45883,-0.74774,-1.9301,-0.91197,-0.051713,0.74449,1.0053,-0.27346
-0.60434,-0.61331,-1.7958,-0.93045,-0.20614,1.177,1.0388,-0.27374
-1.0183,-0.87114,-1.9704,-0.50425,-0.31274,1.1552,1.1867,-0.33136
-0.85792,-0.52399,-1.98,-0.54668,0.22878,1.2981,1.1573,-0.12729
-0.37846,-0.71835,-2.1471,-0.97212,-0.12554,1.4358,1.2111,-0.44554
-0.15915,-0.51171,-1.7241,-0.71577,0.19677,1.3415,1.1006,-0.34882
-0.89214,-0.54746,-1.6547,-0.82294,-0.11415,1.2063,1.382,-0.17545
-0.42122,-0.61668,-2.2627,-0.81652,0.17472,1.1786,1.317,-0.51881
-0.32471,-0.32903,-1.6594,-0.67991,-0.10493,1.1865,1.0997,-0.59851
-0.64672,-0.75463,-1.4982,-0.68765,-0.028848,1.166,1.2149,-0.49584
-0.41773,-0.7447,-2.0171,-0.50646,-0.16981,1.1312,1.2914,-0.13593
-0.37833,-0.58597,-1.9425,-0.53091,-0.27112,1.2369,1.3715,-0.38989
-0.50387,-0.79509,-1.65,-0.7489,-0.063093,1.1006,1.2832,-0.36916
-0.65711,-1.0826,-1.7766,-0.79537,0.076827,1.1656,1.2049,-0.6115
-0.48561,-0.71312,-1.7472,-0.58583,-0.27406,1.3166,1.3543,-0.55437
-0.21135,-0.77104,-1.756,-0.40819,-0.13759,1.1672,1.2434,-0.62641
-0.51096,-0.070294,-1.8204,-0.71071,-0.29606,1.1626,1.384,-0.18301
-0.70555,-0.5499,-1.8173,-0.75538,-0.12414,1.4526,1.2071,-0.41053
-0.162,-0.44252,-1.4639,-0.95388,-0.12155,1.2097,0.91281,-0.54276
-0.60831,-0.84415,-1.6861,-1.0286,0.09853,1.0478,1.2161,-0.29014
-0.66774,-0.25335,-1.9251,-0.6681,-0.053799,1.2765,1.453,-0.36602
-0.51555,-0.51622,-1.8489,-0.42417,-0.030364,1.1287,1.018,0.14456
-0.55388,-0.82783,-2.0371,-0.78964,-0.025141,1.3974,1.1193,-0.37114
-0.68329,-0.89842,-1.7892,-0.64996,-0.1834,1.1222,1.0002,-0.24682
-0.74191,-0.83366,-2.0316,-0.61454,-0.37961,1.0706,1.131,-0.17141
-0.4618,-0.44807,-1.7519,-0.81861,-0.48114,1.3029,1.2329,-0.34714
-0.61247,-0.54292,-1.7882,-0.58973,-0.34951,1.3754,1.0375,-0.75396
-0.75945,-0.69098,-1.787,-0.57243,-0.037929,1.1631,1.1415,-0.4387
-0.2574,-0.82535,-1.9152,-0.80025,-0.28428,1.4143,1.1414,-0.2457
-0.56403,-0.69567,-1.8996,-0.58377,-0.022171,1.4033,1.0753,-0.13825
-0.33663,-0.42021,-1.9455,-0.84863,-0.42031,1.2541,1.1034,-0.39032
-0.48684,-0.29438,-1.8499,-0.9872,-0.21269,1.1785,1.2595,-0.38024
-0.19259,-0.545,-1.9266,-0.74087,-0.2721,0.8521,1.2715,-0.29012
-0.55281,-0.23535,-2.0097,-0.8054,-0.35768,1.3775,1.3959,-0.48785
-0.56877,-0.31724,-1.9706,-1.1864,-0.053522,1.6213,1.1282,-0.5255
-0.52356,-0.83868,-1.9687,-0.97362,-0.0053525,0.98339,1.0447,-0.23333
-0.43978,-0.81009,-1.9329,-0.65469,0.045193,1.1761,1.4502,-0.33131
-0.56708,-0.8244,-1.539,-0.7201,-0.5109,1.0926,0.94976,-0.66602
-0.62862,-0.69762,-1.9757,-0.83654,0.13558,1.4474,1.5426,-0.13006
-0.6774,-0.39202,-1.568,-0.80692,-0.1986,1.3782,1.2677,-0.26601
-0.98402,-0.32214,-1.9726,-0.86744,-0.20906,1.3128,0.97335,-0.37283
-0.59263,-0.60446,-2.0424,-0.70331,-0.27081,1.3654,1.0154,-0.49202
-0.43026,-0.54996,-1.7377,-0.67382,-0.4598,1.1757,1.2147,-0.14367
-0.70101,-0.58064,-1.8381,-0.51024,-0.28663,0.99207,1.3435,-0.35818
-0.50173,-0.59662,-2.1656,-0.42348,-0.097083,1.2499,1.0082,-0.36505
-0.50573,-0.71699,-1.9006,-0.59619,-0.23591,1.1347,1.0106,-0.24546
-0.73417,-0.53885,-2.1099,-0.99299,-0.12307,1.2069,1.2615,-0.40665
-0.69308,-0.53048,-1.6114,-0.82402,0.22405,1.2721,1.0389,-0.18931
-0.62771,-0.49701,-1.8257,-1.1247,-0.13087,1.2925,1.3648,-0.099021
-0.57613,-0.26914,-1.9454,-1.0064,-0.30757,1.4368,1.4332,-0.15867
-0.71097,-0.19097,-1.8446,-1.188,-0.24448,0.94513,1.4781,-0.36099
-0.24217,-0.61886,-1.4422,-0.95316,0.08401,1.0098,1.3059,-0.29918
-0.53551,-0.43263,-1.8934,-0.63113,-0.28952,1.3471,1.1885,-0.1002
-0.43225,-0.80678,-2.164,-0.58547,0.029034,1.0996,1.5505,0.021659
-0.58024,-0.57627,-1.8302,-1.0609,-0.23497,1.086,1.3508,-0.26805
-0.45407,-0.53882,-2.0097,-0.66583,-0.20022,1.2063,1.6371,-0.35391
-0.72338,-0.44941,-1.7117,-0.65748,-0.28843,1.2244,0.99133,-0.53528
-0.80494,-0.77672,-1.8088,-1.2056,-0.14589,1.3184,1.1499,0.080199
-0.71181,-0.23754,-2.0251,-0.81626,-0.065052,1.4522,1.203,-0.30316
-0.86616,-0.91506,-1.9614,-0.72376,-0.19716,1.3597,1.1399,-0.29357
-0.54293,-0.30004,-1.9134,-0.92062,-0.44818,1.1942,1.231,0.10202
-0.40544,-0.41796,-1.8077,-0.86076,-0.24685,1.2796,1.0113,-0.30434
-0.65302,-0.49379,-1.9604,-1.0753,-0.15602,1.0583,1.2055,-0.22713
-0.79194,-0.51978,-1.9139,-0.94673,-0.26455,1.083,1.216,0.03423
-0.57441,-0.70402,-2.0107,-0.84333,-0.15258,1.0241,1.161,-0.28054
-0.84987,-0.61922,-1.7877,-0.94009,-0.17828,1.1197,0.99252,-0.14068
-0.48708,-0.49473,-1.8534,-0.77738,-0.29355,1.2259,1.0027,-0.38613
-0.69607,-0.55948,-1.7723,-0.85567,-0.20757,1.2021,1.2467,-0.093257
-0.64364,-0.42077,-1.7093,-1.1065,-0.43694,1.0617,1.2089,0.028133
-1.034,-0.50579,-1.7932,-0.91839,-0.13378,1.1468,1.1131,-0.16292
-0.91476,-0.61404,-1.965,-1.1405,-0.13497,1.1283,1.4031,-0.2215
-0.81531,-0.56964,-1.8926,-0.88411,0.13801,1.4803,1.054,-0.30856
-0.21311,-0.45954,-1.6812,-0.69989,-0.48847,1.3359,1.0945,0.066191
-0.41476,-0.50129,-1.7284,-0.96948,-0.049305,1.3258,1.4768,-0.15029
-0.32204,-0.40504,-1.6168,-1.1195,0.024859,1.1413,0.78413,-0.24547
-0.46541,-0.64233,-1.804,-0.69909,-0.08446,1.241,1.3589,-0.097085
-1.1101,-0.25993,-1.6998,-1.0901,-0.38385,1.2861,1.2408,-0.5178
-0.88018,-0.16995,-1.8282,-0.87885,-0.15647,1.1208,1.1996,-0.22974
-0.57133,-0.24269,-1.697,-0.49969,-0.0029813,1.4033,1.2439,-0.34774
-0.40348,-0.4613,-1.856,-0.80001,-0.63844,1.3974,1.3215,-0.14263
-0.75619,-0.43258,-1.7672,-0.98071,-0.41373,1.1915,0.98843,-0.027125
-0.47069,-0.76167,-1.7472,-0.95799,-0.31868,1.0571,1.1963,-0.41213
0.059668,-0.34461,-1.8354,-0.8662,-0.27628,1.261,1.0962,-0.25476
-0.76977,-0.47551,-1.7159,-0.71528,-0.38168,1.2022,1.2214,-0.20287
-0.33266,-0.35409,-1.9747,-0.57031,-0.35157,1.1811,0.91488,-0.24038
-0.32557,-0.50294,-1.8205,-1.2715,-0.1318,1.3285,0.99666,-0.23403
-0.44125,-0.52012,-1.5537,-0.95924,0.11178,1.1768,1.3125,-0.035155
-0.69605,-0.47791,-1.8055,-0.88038,-0.41966,1.4936,1.1292,-0.19379
-0.63647,-0.87579,-1.6963,-0.99172,-0.25234,1.1317,1.1535,-0.4049
-0.39434,-0.47786,-1.5055,-1.07,-0.22475,1.1302,1.0345,-0.12628
-0.44393,-0.69349,-1.4802,-0.84598,-0.49971,1.5166,0.92786,-0.027518
-0.52344,-0.32844,-1.7082,-0.92114,-0.42167,1.1843,0.85517,-0.19799
-0.49658,-0.64482,-1.7714,-0.63642,-0.47652,1.2657,1.5331,-0.12506
-0.43423,-0.46151,-1.5197,-0.91379,-0.42079,1.5025,0.73203,-0.084221
-0.19528,-0.45291,-1.7648,-0.76916,-0.37711,1.3529,1.2019,-0.044412
-0.66126,-0.60167,-1.8302,-0.96834,-0.3558,1.1679,1.2606,-0.43204
-0.55496,-0.74898,-1.6951,-0.47387,-0.50788,1.3611,1.2067,0.14387
-0.66228,-0.75091,-1.5274,-0.82904,-0.076737,1.2798,0.79249,-0.35446
-0.67357,-0.28877,-1.5016,-0.66513,-0.17049,1.0242,1.1303,-0.47223
-0.53425,-0.17207,-1.6614,-1.1046,-0.55589,1.2397,1.1628,-0.20278
-0.0046515,-0.32333,-1.4905,-1.3654,-0.19173,1.4213,1.1502,-0.29763
-0.66051,-0.5783,-1.7205,-0.89481,-0.50162,1.2591,1.2062,-0.33044
-0.61594,-0.4955,-1.9529,-0.99472,-0.36079,1.0761,1.321,-0.39033
-0.51811,-0.42373,-1.6107,-0.81272,-0.32015,1.3351,1.2052,-0.31266
-0.41779,-0.71801,-1.5008,-0.84898,-0.24823,1.4194,1.1111,0.05626
-0.51207,-0.33036,-1.9172,-0.58137,-0.39111,1.2287,1.2238,-0.31371
-0.29902,-0.56733,-1.8742,-0.60931,-0.49002,1.3383,1.6799,0.023775
-0.83332,-0.50983,-1.4301,-0.83743,-0.53173,0.93125,1.5302,0.038447
-0.59463,-0.59846,-1.9414,-0.62533,-0.10881,1.3522,0.85206,-0.11289
-0.40017,-0.63391,-1.782,-1.1914,-0.2667,1.3805,1.357,0.024834
-0.6426,-0.54838,-1.669,-0.88118,-0.56662,0.87647,1.1967,-0.19854
-0.20385,-0.61564,-1.5432,-0.94159,-0.43953,1.2316,1.0597,0.11129
-0.52116,-0.46381,-1.6926,-1.0749,-0.19611,1.3329,1.2015,-0.081699
-0.26715,-0.40209,-1.6429,-1.0825,-0.15162,1.0347,1.643,-0.012872
-0.77311,-0.4901,-1.8154,-1.2802,-0.32146,1.2737,1.0579,0.066273
-0.13762,-0.36514,-1.6743,-0.8495,-0.47896,1.1757,1.5612,0.027192
-0.59278,-0.70109,-1.4574,-0.79864,-0.10988,1.0176,1.153,-0.30551
-0.416,-0.56761,-1.4046,-0.84874,-0.30292,0.9753,1.2906,0.066223
-0.37622,-0.58725,-1.8014,-0.80296,-0.38182,1.6368,1.1933,-0.23041
-0.25064,-0.37659,-1.4764,-0.93242,-0.23443,1.212,1.3162,-0.32651
-0.33609,-0.61696,-1.471,-0.81902,-0.24235,0.97067,1.164,-0.22348
-0.1256,-0.63646,-1.4557,-0.71725,-0.77399,1.3946,1.1552,-0.027179
-0.26816,-0.50347,-1.6529,-0.61444,-0.5725,1.2997,1.1752,0.032549
-0.50035,-0.17415,-1.5953,-1.2514,-0.43341,1.1348,1.4319,-0.031398
-0.78717,-0.12205,-1.344,-0.59519,-0.47321,1.294,1.1332,-0.21252
-0.62029,-0.48546,-1.7322,-0.88339,0.0033481,0.88966,0.99787,0.2452
-0.28088,-0.62222,-1.709,-0.87112,-0.18156,1.1665,0.96395,0.010968
-0.2322,-0.26192,-1.4072,-0.84958,-0.13905,1.3149,1.4148,-0.092802
-0.54697,-0.20924,-1.4252,-1.0243,-0.17383,1.3463,0.80154,-0.22379
-0.39266,-0.4448,-1.5834,-0.86521,-0.04194,1.1788,0.95679,-0.1597
-0.44039,-0.43954,-1.25,-0.70558,-0.37095,1.2794,1.1248,-0.22462
-0.78468,-0.42179,-1.4632,-0.76967,-0.43742,1.6544,1.0783,-0.12096
-0.61915,-0.44879,-1.6562,-1.0404,-0.45369,1.2995,1.0323,-0.076262
-0.42405,-0.32593,-1.5254,-0.91919,-0.34281,1.2977,1.0988,-0.10648
-0.39884,-0.51527,-1.2951,-0.99785,-0.26237,1.3831,0.78573,-0.096144
-0.50865,-0.51884,-1.4899,-0.91522,-0.4727,1.0887,1.269,-0.24086
-0.61673,-0.34664,-1.7586,-0.84617,-0.56015,1.3507,1.1776,-0.079296
-0.3296,-0.44872,-1.3805,-0.6572,-0.48628,1.2174,1.3893,-0.26357
-0.75666,-0.16726,-1.7147,-0.68172,-0.21213,0.9619,1.234,-0.0009847
-0.49423,-0.2642,-1.7381,-0.9357,-0.22194,1.3986,0.88942,-0.021542
-0.3549,-0.28684,-1.7336,-0.88001,-0.46012,1.1975,1.5389,0.064182
-0.51757,-0.43618,-2.1461,-1.1664,-0.24096,1.1906,1.1691,0.098973
-0.58473,-0.69048,-1.5806,-1.17,-0.43179,0.85702,1.0255,0.10406
-0.34801,-0.54743,-1.6592,-0.87899,-0.45473,0.97013,0.97909,0.13185
-0.074458,-0.45576,-1.2041,-0.93857,-0.2706,1.1016,1.2148,0.043805
-0.44945,-0.48833,-1.5429,-0.95375,-0.64444,0.9755,1.3283,-0.19797
-0.53145,-0.55314,-1.3928,-0.73884,-0.69514,1.338,1.3941,0.017246
-0.22423,-0.53562,-1.5226,-0.91063,-0.4021,1.0699,1.5584,0.24263
-0.58828,-0.6516,-1.3605,-0.77011,-0.2285,1.303,1.182,0.293
-0.5705,-0.50137,-1.558,-0.96591,-0.15387,0.90478,1.1899,-0.32199
-0.42586,-0.40628,-1.7778,-0.93767,-0.49799,1.2227,1.1042,-0.12935
-0.62931,-0.46845,-1.8137,-1.091,-0.70845,1.3043,1.1331,0.34195
-0.50795,-0.36774,-1.4663,-0.87807,-0.6526,1.217,1.1148,0.074818
-0.43647,-0.77892,-1.7619,-0.57355,-0.38013,1.2794,1.1162,0.059686
-0.54065,-0.56551,-1.5847,-0.71755,-0.61412,1.2394,1.2981,-0.15657
-0.36986,-0.074765,-1.3611,-0.92311,-0.36185,1.0654,1.0452,0.11989
-0.19746,-0.52786,-1.6501,-0.93055,-0.6031,1.0945,1.0385,0.31079
-0.30953,-0.40673,-1.479,-0.92685,-0.55658,1.3147,1.4684,0.064137
-0.54109,-0.47954,-1.4391,-0.89715,-0.69903,0.94535,1.0808,0.14154
-0.14411,-0.48249,-1.7929,-0.6527,-0.4689,1.3321,1.4565,-0.16947
-0.57558,-0.39414,-1.4368,-0.75294,-0.52838,1.1881,1.3229,0.27763
-0.12099,-0.38701,-1.529,-0.82648,-0.51924,1.141,0.84917,-0.0046123
-0.6458,-0.67424,-1.4471,-0.56955,-0.28289,0.7393,1.1536,0.39228
-0.56374,-0.50631,-1.6003,-0.5573,-0.5975,1.3041,1.2823,0.0081525
-0.26672,-0.70995,-1.5062,-0.4532,-0.45357,1.0935,1.102,0.1274
-0.39369,-0.47715,-1.4227,-0.99089,-0.63705,0.84433,1.2242,0.022451
-0.54157,-0.37826,-1.4658,-0.92644,-0.49795,1.2766,1.112,0.11741
-0.12883,-0.35864,-1.5047,-0.78161,-0.57551,0.9448,0.77867,0.25398
-0.54802,-0.47757,-1.2464,-0.73595,-0.55739,1.6806,1.2669,0.079298
-0.18136,-0.71291,-1.6536,-0.65128,-0.21745,1.2936,0.77736,0.29573
-0.2735,-0.22784,-1.2036,-1.0971,-0.7311,1.1557,1.1007,0.11385
-0.076779,-0.36761,-1.1961,-0.6781,-0.7643,1.1589,1.4121,-0.11369
-0.56995,-0.41061,-1.3639,-0.53187,-0.52403,0.70789,1.5498,0.029682
-0.12982,-0.32054,-1.8048,-0.74858,-0.56088,1.1797,1.2919,0.19827
-0.20096,-0.4404,-1.4429,-0.5892,-0.74286,1.0286,1.3643,0.21644
0.081384,-0.78998,-1.4847,-1.0518,-0.74093,1.2046,1.2267,0.11532
-0.37443,-0.55192,-1.6258,-0.977,-0.42876,0.75462,1.4998,0.18876
-0.055276,-0.76778,-1.7233,-0.81906,-0.60011,0.97872,1.3302,-0.066968
-0.3661,-0.50964,-1.0411,-0.80469,-0.42914,0.8244,1.0766,0.23189
-0.38663,-0.30848,-1.3205,-0.90563,-0.71031,0.71693,1.2821,0.20133
-0.30723,-0.36935,-1.4981,-0.69624,-0.79435,0.97973,1.2944,-0.066927
-0.33377,-0.21266,-1.256,-0.8149,-0.48114,0.85363,1.1437,-0.062492
-0.50046,-0.43075,-1.42,-0.59713,-0.71986,0.61476,1.283,-0.16736
-0.42556,-0.35819,-1.3263,-0.61596,-0.49595,0.95376,1.3227,0.3816
-0.43869,-0.50754,-1.1169,-0.63451,-0.55557,1.1339,1.1215,0.15455
-0.41732,-0.30094,-1.4919,-0.86668,-0.77354,0.80824,1.588,0.34685
-0.67795,-0.44875,-1.3759,-0.59499,-0.74043,0.77342,1.2511,0.089219
-0.56118,-0.40879,-1.525,-0.62291,-0.42462,1.1302,1.2252,0.052827
-0.34353,-0.55297,-1.5756,-0.3625,-0.35024,0.94773,1.4101,0.1718
-0.18163,-0.31361,-1.6415,-0.42943,-0.48634,0.76767,1.0913,0.2506
-0.59392,-0.51343,-1.3881,-0.31005,-0.61597,0.90387,0.79978,0.57648
-0.2155,-0.3021,-1.2852,-0.68951,-0.4571,0.77871,1.3651,0.32731
-0.49173,-0.33595,-1.3044,-0.6991,-0.48023,0.89146,1.3164,0.26585
-0.59075,-0.22869,-1.2816,-0.99529,-0.52327,0.75975,1.466,-0.077566
-0.23434,-0.35031,-1.2273,-0.61123,-0.75128,0.87634,1.2686,0.033087
-0.45936,0.032355,-1.2199,-0.88877,-0.63306,1.0186,1.0509,-0.023987
-0.46241,-0.46425,-1.4666,-0.70582,-0.78709,1.1966,1.2088,0.2339
-0.39495,-0.48561,-1.5428,-0.78981,-0.75597,0.83928,1.3105,0.28018
-0.28501,-0.32105,-1.54,-0.50702,-0.5664,0.74963,1.1489,0.26547
-0.13866,-0.56936,-1.4839,-1.0815,-0.51577,1.0404,1.0632,0.54127
-0.45135,-0.38105,-1.5163,-0.95129,-0.80483,0.99965,1.1938,0.53218
-0.055935,-0.7294,-1.1991,-0.64777,-0.60179,1.2291,1.0719,0.21861
-0.30061,-0.43174,-1.185,-0.59561,-0.6797,0.75754,1.4828,-0.25771
-0.78557,-0.18362,-1.1202,-0.51142,-0.36455,0.53238,1.205,0.3322
0.089462,-0.71965,-1.123,-0.62762,-0.72444,1.2076,1.4723,0.12611
-0.15649,-0.33753,-1.5058,-0.97797,-0.48439,0.89135,1.5344,0.44446
-0.041542,-0.10722,-1.2538,-0.5857,-0.48936,0.9292,1.1913,0.2125
-0.069078,-0.23258,-1.5133,-0.44501,-0.49514,0.69494,1.4996,0.51826
-0.32115,-0.5118,-1.2373,-0.72086,-0.63335,0.8089,1.352,0.18083
-0.33606,-0.3711,-1.4342,-0.70849,-0.54213,0.95059,1.0372,0.28159
-0.4194,-0.68254,-0.9894,-0.48092,-0.29586,0.70665,1.2779,0.41112
-0.2398,-0.5543,-1.2629,-0.50399,-0.93906,0.74009,1.1453,0.24991
-0.30145,-0.42372,-1.1844,-0.61512,-0.62841,0.63716,1.1498,0.32169
-0.478,-0.60883,-1.2181,-0.7875,-0.49899,1.0026,1.2166,0.11578
-0.23733,-0.59772,-1.4176,-0.77297,-0.71918,1.108,1.4199,0.29105
-0.33569,-0.61278,-1.3181,-0.66329,-0.70965,0.84251,1.4622,0.38873
-0.40347,-0.49385,-1.4159,-0.35283,-0.78558,0.83534,1.1889,0.22362
-0.28519,-0.3731,-0.81597,-0.77924,-0.62119,0.94237,1.3562,0.18168
-0.34843,-0.45706,-1.4485,-0.53066,-0.92722,0.62296,1.5981,-0.065763
-0.59221,-0.48565,-1.2484,-0.75031,-0.49623,0.5713,1.4347,0.36766
-0.47273,-0.38904,-1.1983,-0.69016,-0.46678,1.0763,1.3353,0.22138
-0.46225,-0.33976,-1.0507,-0.36319,-0.68732,0.68447,1.2431,-0.075891
-0.34615,-0.52511,-0.84805,-0.45306,-0.46811,0.64796,1.6769,-0.12773
-0.57649,-0.50833,-1.1463,-0.40094,-0.31577,0.77857,1.1873,0.40915
-0.65016,-0.49321,-0.83318,-0.035688,-0.50046,0.34099,1.5591,0.3906
-0.15376,-0.63076,-1.4792,-0.3661,-0.72712,0.7161,0.89316,0.19268
-0.32031,-0.46501,-1.1522,-0.70124,-0.93702,0.94621,1.4423,0.27705
-0.30446,-0.4522,-1.0528,-0.74792,-0.86705,0.43235,1.3309,0.38508
-0.36785,-0.72732,-1.2558,-0.51237,-0.6375,0.98452,1.2242,-0.0086033
-0.091491,-0.48186,-1.0175,-0.41662,-0.59688,0.74386,1.4563,0.25228
-0.41755,-0.55135,-1.3186,-0.37776,-0.84616,0.63878,1.0178,0.21844
-0.65981,-0.14529,-1.2913,-0.56045,-0.75246,0.82727,1.4414,0.42138
-0.39051,-0.34202,-1.1079,-0.50768,-0.70408,0.68626,1.1797,0.1554
-0.41516,-0.35986,-1.053,-0.54342,-0.5464,0.69804,1.0696,0.27649
0.00097707,-0.61295,-0.88237,-0.6656,-0.83016,0.67133,1.528,0.40997
-0.13529,-0.43314,-1.018,-0.5711,-0.62365,0.69703,1.2863,0.27393
-0.33124,-0.55548,-0.87007,-0.72209,-1.0864,0.66747,1.1488,0.38381
-0.019055,-0.29022,-1.1272,-0.32525,-0.70794,0.97162,1.1465,0.20126
-0.53006,-0.72889,-1.0366,-0.23705,-0.76181,0.57698,1.0002,0.1341
-0.258,-0.261,-1.2489,-0.073822,-0.68925,0.72093,1.2004,0.42862
-0.23025,-0.3151,-1.1382,-0.55353,-0.65509,0.63302,1.4977,0.38836
-0.070709,-0.50631,-1.3259,-0.27038,-0.92545,0.64211,1.0489,0.39018
-0.40207,-0.91352,-1.1564,-0.37552,-0.60659,0.52526,0.95664,0.37633
-0.13726,-0.5264,-0.91046,-0.23448,-0.98657,0.41557,1.1582,-0.028508
-0.42229,-0.85144,-1.2271,-0.59492,-0.85416,0.27718,1.4179,0.22854
-0.30696,-0.60107,-0.97683,-0.34047,-0.73173,0.39176,1.107,0.60303
-0.24844,-0.74503,-1.1984,-0.34808,-1.2294,0.81472,1.2672,0.21691
-0.44724,-0.024117,-1.0371,-0.75652,-1.038,0.61477,1.4242,0.35315
-0.33262,-0.41989,-0.87987,-0.20152,-0.74424,0.77689,1.2148,0.34224
-0.18216,-0.22992,-1.1354,-0.40698,-0.7359,0.33072,1.6246,0.19839
-0.37144,0.13893,-1.5122,-0.47643,-0.65374,0.78671,0.67166,0.33816
-0.35137,-0.15556,-1.3575,-0.58874,-0.64572,0.83272,0.97389,-0.1361
-0.47407,-0.71857,-0.84752,-0.48288,-0.49845,0.91,1.2434,0.39312
-0.093757,-0.22461,-0.66203,-0.3126,-0.77843,0.8012,1.3158,0.37844
-0.23472,-0.69139,-1.0734,-0.40491,-0.81957,1.0014,0.9079,0.12961
-0.13707,-0.43621,-1.0871,-0.25128,-0.74778,0.23281,1.5269,0.19226
-0.19284,-0.38847,-1.1068,-0.24499,-0.78058,0.57635,1.1722,0.39323
-0.29686,-0.14441,-1.0161,-0.018892,-1.1315,0.44363,1.3984,0.49906
-0.28934,-0.45233,-1.0157,-0.22621,-0.61037,1.094,1.2382,0.32574
-0.46192,-0.49381,-1.1395,-0.6029,-0.54928,0.46439,1.1363,0.15358
-0.068179,-0.51146,-1.3549,-0.34391,-0.75564,0.49055,1.2433,0.31402
-0.33789,-0.66737,-1.1864,-0.50406,-0.72074,0.44126,1.2317,0.10027
-0.49473,-0.096652,-0.86021,0.032414,-0.9138,0.65119,1.3882,0.54885
-0.25015,-0.61276,-0.97361,-0.29709,-1.0014,0.79058,1.673,0.54749
0.056157,-0.39495,-1.096,-0.14768,-0.69148,0.27919,1.155,0.15495
-0.42345,-0.5346,-1.1887,-0.15365,-0.84984,0.50035,1.1552,0.33463
-0.093932,-0.72906,-1.0008,-0.18845,-1.2019,0.2796,1.1764,0.49825
-0.25137,-0.72018,-1.2734,-0.031129,-0.52719,0.58236,1.5443,0.50774
-0.2133,-0.51242,-0.9049,-0.17921,-0.60625,0.61464,1.0178,0.19153
-0.21655,-0.49301,-0.68409,-0.47473,-0.97745,0.78107,1.4487,0.48188
-0.028473,-0.43049,-0.81688,-0.34912,-0.8022,0.50196,1.3122,0.30564
-0.25068,-0.56431,-1.1726,-0.3987,-0.81634,0.74318,1.2579,0.22372
-0.55231,-0.62113,-1.131,-0.3207,-0.73339,0.51328,1.211,0.43598
-0.6473,-0.19461,-1.0761,-0.2825,-0.83126,0.52218,1.4619,0.007831
-0.14048,-0.59946,-0.74467,-0.026738,-0.63365,0.7307,1.0596,0.45582
-0.43206,-0.6046,-1.1473,-0.48121,-1.0161,0.64765,1.1481,0.49169
-0.33113,-0.54043,-1.0096,-0.323,-0.68563,0.10301,1.2477,0.67711
-0.2106,-0.45624,-0.97908,-0.44936,-0.8767,1.0025,1.7319,0.13845
-0.28368,-0.25529,-0.92218,-0.084365,-0.75859,0.55853,1.4422,0.078687
-0.60679,-0.44587,-1.1203,-0.25802,-0.85121,0.25623,1.4097,0.24134
-0.1603,-0.72019,-0.6192,0.11644,-0.94094,0.39154,1.2761,0.53692
-0.18856,-0.8358,-1.3037,-0.22311,-0.80206,0.23476,1.3759,0.25393
-0.15914,-0.59886,-0.93704,-0.24764,-0.71552,0.17828,1.2741,0.25775
-0.45273,-0.37849,-1.0345,-0.063988,-1.0922,0.3861,1.475,0.48566
-0.3841,-0.49684,-1.0685,-0.34351,-1.1244,0.35817,1.3906,0.16184
-0.11791,-0.58103,-1.0223,-0.36233,-0.94178,0.63192,1.1953,0.42674
-0.10526,-0.53323,-1.2571,-0.22375,-0.87359,0.32233,1.1147,0.21473
-0.63017,-0.6643,-1.234,-0.23542,-0.96572,0.38097,1.2012,0.47349
-0.24557,-0.66017,-0.93177,-0.15933,-0.81306,0.75962,1.1998,0.32871
-0.17411,-0.36126,-0.98062,-0.16472,-1.0779,0.36247,1.037,0.62848
-0.46676,-0.95181,-0.79009,-0.24604,-0.78382,0.27537,1.1237,0.42576
-0.17586,-0.28234,-0.82135,0.31032,-0.99315,0.42486,0.88288,0.02123
-0.35057,-0.66536,-1.1259,-0.098034,-0.65869,0.57673,1.2952,0.29631
-0.24551,-0.50857,-1.0534,-0.19163,-0.77141,0.25899,1.4061,0.1457
-0.13564,-0.39579,-1.0324,-0.21106,-0.80211,-0.034663,1.5812,0.30239
-0.14531,-0.20044,-0.99345,0.15128,-0.87676,0.18266,0.89141,0.32332
-0.1548,-0.12092,-0.87559,-0.48286,-0.95297,0.49483,1.5083,0.17572
-0.095083,-0.70079,-0.73318,0.014006,-0.77191,-0.021474,1.1981,0.54743
-0.31533,-1.1382,-1.0834,-0.030971,-0.88705,0.46999,1.4791,0.072249
-0.38366,-0.46338,-0.62989,0.020904,-1.0446,0.31757,1.2664,0.50406
-0.28532,-0.50399,-0.61429,-0.23812,-0.84902,0.51482,1.3031,0.25519
-0.1739,-0.82442,-1.1786,0.073491,-0.84439,0.49462,1.099,0.10123
-0.17085,-0.62081,-0.88468,-0.39221,-0.73115,0.17223,1.1027,0.20124
0.07671,-0.56524,-0.64017,0.0095081,-0.7179,0.33443,1.5663,0.52543
-0.34611,-0.97731,-1.1181,0.034255,-0.73739,0.54034,1.4569,0.38334
-0.17057,-0.60527,-0.80758,-0.066184,-0.92276,0.46828,1.031,0.56794
-0.71154,-0.55591,-0.8532,0.17096,-0.97242,0.48407,1.2983,0.42178
-0.41859,-0.85582,-0.75288,-0.13114,-0.84635,0.0028835,1.312,0.30883
-0.26469,-0.43532,-0.78106,-0.077256,-0.83176,0.40303,1.4965,0.3339
-0.056619,-0.76642,-0.67319,-0.21989,-0.68498,0.2227,1.2397,0.54748
-0.029817,-0.63638,-1.1294,0.093737,-1.0028,0.5921,1.5532,0.54269
-0.074778,-0.55861,-0.92412,-0.20175,-1.3414,0.4151,1.0708,0.63165
-0.34229,-0.64179,-0.75283,0.02423,-1.1637,0.26961,1.3529,0.73415
-0.34298,-0.74564,-0.57254,-0.11253,-0.7281,0.20256,1.5812,0.16799
-0.18865,-0.70042,-0.7032,0.34351,-0.89485,0.21233,1.4124,0.308
-0.57794,-0.67183,-0.59793,-0.20041,-0.83831,0.42561,1.2794,0.11563
-0.17937,-0.67898,-0.91793,0.046098,-1.0495,0.29494,1.2619,0.46279
-0.085756,-0.51381,-1.0889,0.076807,-1.1652,0.20212,1.2291,0.32155
-0.25161,-0.80763,-1.0506,0.11051,-0.64839,0.11395,1.1931,-0.081522
-0.42136,-0.86486,-0.92709,-0.037741,-0.91541,0.34398,1.373,0.59657
-0.47225,-0.51481,-1.1133,-0.042722,-1.0388,0.51331,1.1201,0.19094
-0.00062789,-0.22653,-0.93881,0.026539,-0.89563,0.072989,1.2515,0.81925
-0.4784,-0.64424,-0.56829,0.18927,-1.2223,0.55494,1.3901,0.32578
-0.38941,-0.55841,-0.76713,-0.10506,-0.97555,-0.12615,1.0854,0.3047
-0.53893,-0.62335,-0.89454,0.35962,-0.93714,0.18222,1.5275,0.057721
-0.49333,-0.93928,-1.0017,-0.022537,-0.95592,0.26898,1.3291,0.44038
-0.44752,-0.5275,-0.76848,0.1231,-1.1651,0.5945,1.3635,0.2521
-0.39165,-0.85052,-1.2492,-0.34251,-0.95515,0.59058,1.4026,0.2601
-0.24328,-0.45702,-1.0844,0.0049516,-1.2405,-0.10649,1.5146,0.33412
-0.3495,-0.5036,-0.95656,-0.068055,-1.0531,-0.044023,1.3341,0.57356
-0.24964,-0.70431,-1.1343,0.29617,-1,0.06402,1.4346,0.41383
-0.10939,-0.60861,-0.80603,-0.27416,-1.1215,0.33558,1.3477,0.47411
-0.35568,-0.90028,-0.73368,-0.17159,-1.0514,0.1462,1.4892,0.38249
0.08202,-0.50155,-0.98889,0.086813,-1.2242,0.33077,1.4322,0.24585
-0.31636,-0.6078,-0.8003,0.20509,-1.0761,0.16772,0.9594,-0.14814
-0.30734,-0.75329,-0.71201,-0.034856,-1.1529,-0.035843,1.4721,0.86845
-0.17427,-0.82408,-0.831,0.58669,-1.2228,0.46179,1.219,0.59715
-0.22095,-0.54504,-0.58574,0.19302,-1.2626,0.50222,0.86458,0.52083
-0.2608,-0.58583,-0.47674,0.16305,-1.2507,0.17242,1.6948,0.005998
-0.37682,-0.42608,-0.9494,0.21758,-1.1026,0.25836,1.6973,0.42247
-0.38795,-0.60581,-0.90638,0.25064,-1.1686,0.15595,1.196,-0.11355
-0.30304,-0.55402,-0.57844,0.34078,-0.9833,0.31714,1.5498,0.29443
-0.39228,-0.63968,-0.76328,0.017089,-1.3307,0.38704,1.0385,0.42543
-0.15044,-1.0229,-0.67106,0.114,-1.0922,0.044751,0.91673,0.3323
-0.026914,-0.47397,-0.87888,0.0058657,-1.0511,0.13122,1.3522,0.57628
-0.47066,-0.82217,-0.71246,0.29742,-1.5761,0.13536,1.1723,-0.0093877
-0.48532,-0.55677,-0.66685,0.069121,-1.361,0.029874,1.4826,0.37829
-0.081094,-0.20151,-0.66641,0.16635,-1.1251,0.071351,1.2095,0.32487
-0.22054,-0.71792,-1.0679,0.34097,-1.1475,0.18271,0.98533,0.30482
-0.24663,-0.38105,-0.60851,0.22881,-0.82571,0.38431,1.2041,0.028227
-0.34858,-0.81089,-0.57829,0.51016,-1.3683,0.44264,1.3557,0.48991
-0.38616,-0.81061,-0.95655,0.13881,-1.2547,0.063148,1.4217,0.34875
0.01172,-0.47527,-0.94304,0.32741,-0.98287,0.0071015,1.3424,0.27333
-0.24987,-0.80474,-0.59965,0.3479,-1.1819,0.42648,1.681,0.42582
-0.38571,-0.70833,-0.85117,0.019588,-0.83659,-0.064437,1.1479,0.42698
-0.28387,-0.41435,-0.8159,0.20291,-1.0402,0.18631,1.4184,0.49039
-0.26883,-0.8754,-0.86978,0.17246,-1.19,0.029815,1.0581,0.32654
-0.30435,-0.73346,-0.89885,0.0085457,-0.88118,0.15124,1.4988,0.43738
-0.33297,-0.69514,-0.87034,0.3272,-1.2538,0.19452,1.3899,0.16471
-0.28245,-0.97718,-0.84003,0.079464,-1.1399,0.17674,1.3487,0.61761
-0.32121,-0.5539,-0.58242,0.19075,-1.4641,0.15518,1.2509,0.2071
-0.24612,-0.75611,-0.81732,0.12792,-1.1667,0.063692,1.2554,0.3371
-0.31397,-0.61234,-0.66521,0.27728,-1.0384,0.15216,1.3022,0.34959
-0.013183,-0.74296,-0.81647,0.47144,-1.1429,0.35595,0.96757,0.30642
-0.3124,-0.69137,-1.1062,0.27292,-1.4127,0.12486,1.498,0.54591
-0.31176,-0.57035,-0.63528,0.16219,-1.0908,0.2664,1.182,0.51277
-0.39507,-0.82553,-0.84258,0.48077,-1.1347,-0.072254,1.0998,-0.096125
-0.44864,-0.76933,-0.7295,0.32212,-1.4822,0.20152,1.4957,0.38942
-0.34926,-0.72615,-0.82042,0.15669,-1.0197,0.16645,0.91569,0.58835
-0.08098,-0.4911,-0.59089,0.30898,-1.1074,0.086606,1.0744,-0.052327
-0.5363,-0.6001,-0.87931,0.5822,-1.4284,0.10977,1.2269,0.42932
-0.076183,-0.70575,-1.111,0.33872,-1.2343,0.096072,1.1104,0.20469
-0.15789,-0.57275,-0.98668,0.31601,-0.87659,0.18727,1.0961,0.487
-0.60881,-0.97127,-0.86451,0.0011351,-1.1855,-0.0025144,1.1657,0.19851
-0.12629,-0.68533,-0.99324,0.44811,-1.5084,0.044375,1.4478,0.17573
-0.2194,-0.79146,-0.80767,0.29831,-1.1384,0.065875,1.4672,0.57307
-0.38978,-0.515,-0.56123,0.81044,-1.4501,0.36809,1.5496,0.44815
-0.12988,-0.41381,-0.97562,0.34098,-1.2728,0.48571,1.283,0.57846
-0.32457,-0.63011,-0.75064,0.23275,-1.0164,0.34662,1.3251,0.69018
-0.35439,-0.7397,-1.187,0.35823,-1.1615,0.22114,1.4419,0.44192
-0.59306,-0.70249,-1.1389,0.044327,-0.99594,0.027287,1.5374,0.16542
-0.19765,-0.87491,-0.67559,0.20705,-1.3345,0.067601,1.2986,0.39014
-0.29252,-0.71399,-0.47105,0.60451,-1.0709,-0.14539,1.2218,0.13549
-0.13742,-0.8752,-0.92039,0.23805,-1.102,0.0204,1.3503,0.53047
-0.57157,-0.88667,-0.90882,0.17335,-0.91555,0.19079,1.3489,0.41923
-0.52165,-0.57633,-0.95062,0.37442,-1.2673,0.052065,1.4219,0.43077
-0.16125,-0.71085,-0.92443,0.43177,-1.7447,0.12891,1.233,0.19858
-0.30821,-0.49387,-0.98795,0.28638,-0.96217,0.16597,1.3989,0.41419
-0.39083,-0.54943,-0.56709,0.37113,-1.2896,0.31888,1.3678,0.10303
-0.19995,-0.90054,-0.77719,0.45072,-1.2312,0.113,1.2191,0.37316
-0.54576,-0.87577,-0.92079,0.31928,-1.1966,0.11624,0.99235,0.50292
-0.36679,-0.52598,-0.56459,0.58191,-1.1168,0.18415,1.1817,0.27361
-0.41622,-0.47632,-1.1335,0.056929,-1.163,0.087703,1.1112,0.35061
-0.39241,-0.98864,-0.68952,0.41267,-1.3981,0.21717,1.3223,0.63859
-0.42581,-0.78484,-0.81929,0.52068,-1.2229,0.10082,1.0999,0.16148
-0.26989,-0.97829,-0.67102,0.49409,-0.90406,0.078456,1.3382,0.37706
-0.10297,-0.61703,-0.61244,0.2807,-1.1084,0.18904,1.0746,0.035326
-0.10086,-0.79815,-0.86244,0.5503,-1.2921,0.026187,0.99268,0.12992
-0.45591,-0.30804,-0.76359,0.75721,-1.341,0.4129,1.4129,0.40212
-0.16855,-1.1092,-0.91183,0.4219,-1.2882,-0.023223,1.5124,0.31158
-0.30444,-0.5622,-0.98157,0.67846,-1.3325,0.00016045,1.4234,0.2516
-0.4257,-0.77658,-0.78699,0.37095,-1.2237,0.54693,1.2811,0.39463
-0.10455,-0.98912,-0.72473,0.16128,-1.2802,0.0079755,1.0539,0.043333
-0.19486,-0.52846,-0.92568,0.43296,-1.3372,0.023147,1.4551,0.43767
-0.4088,-0.90294,-0.8136,0.11719,-1.5708,-0.066028,1.6218,0.13297
-0.48183,-0.7037,-0.6772,0.45456,-1.257,0.34875,1.2843,0.61986
-0.36961,-0.91532,-0.78343,0.35422,-1.3034,-0.087908,1.3989,0.23397
-0.46187,-0.66771,-0.57752,0.27819,-1.092,0.27358,1.2583,0.56588
-0.29546,-0.52219,-1.0295,0.22647,-1.1096,-0.097645,1.2462,0.19866
-0.1884,-0.92625,-0.78765,0.46691,-1.0214,-0.14409,1.2669,0.022418
-0.38699,-0.95302,-0.68055,0.43704,-1.2162,0.30131,1.3447,0.14168
-0.53137,-0.56283,-1.0553,0.21928,-1.3279,0.36092,1.3153,0.34479
-0.62598,-0.99978,-0.62631,0.37463,-1.1772,0.17374,1.5439,0.14094
-0.67722,-0.86304,-0.79697,0.26567,-1.4107,0.13532,1.2897,0.042147
-0.43091,-0.93355,-0.92585,0.10304,-1.163,0.31988,1.5148,0.024239
-0.35312,-0.75253,-1.036,-0.086434,-1.3753,-0.015714,0.99749,0.44741
-0.10533,-0.90369,-0.66268,0.25641,-1.239,0.014383,1.5484,0.35308
-0.26727,-0.31133,-0.65966,0.14994,-1.3789,0.098084,1.4746,0.23231
-0.41972,-0.87561,-0.91478,0.14739,-1.1599,-0.16571,1.4502,0.46618
-0.39101,-0.62318,-0.88484,0.17658,-1.5633,0.43926,1.5157,0.19386
-0.22256,-0.82457,-0.73714,0.72218,-1.1243,0.22281,1.1883,0.18608
-0.16866,-0.79758,-0.55213,0.70998,-1.5951,0.099749,1.8071,0.38589
-0.55366,-0.84274,-0.92684,0.46205,-1.3558,0.23901,1.1275,0.39334
-0.079241,-0.65945,-0.56273,0.46765,-1.0623,0.2499,0.95515,0.42361
-0.48635,-1.1581,-1.0462,0.53039,-1.4607,0.2649,1.4473,0.31315
-0.12063,-1.1851,-0.93148,0.47493,-1.1923,0.17072,1.4776,0.10686
-0.019409,-0.94127,-1.0897,0.427,-1.6022,0.32935,1.2759,0.2636
-0.46335,-0.58317,-0.57822,0.35157,-1.3286,0.096325,1.2514,0.41761
-0.33736,-0.81509,-0.97593,0.73262,-1.5887,0.28708,1.2801,0.25165
-0.29927,-0.79219,-0.70812,0.45932,-1.1682,0.37752,1.4836,0.31571
-0.41794,-0.94797,-1.1303,0.5962,-1.4117,0.20254,0.96826,0.30868
-0.51368,-0.6494,-0.76286,0.27925,-1.3473,0.16366,1.6024,0.10504
-0.37086,-0.99525,-0.99817,0.80907,-1.5115,0.25049,1.4688,0.2189
-0.40936,-0.6225,-1.2017,0.50787,-1.993,0.29305,1.2879,0.49807
-0.29799,-0.45152,-0.63562,0.4371,-1.2014,0.2605,1.0104,0.675
-0.11431,-1.1218,-0.85845,0.23234,-1.368,0.53776,1.4774,0.1317
-0.17005,-0.87247,-1.0488,0.80226,-1.7868,0.24994,1.622,0.27349
-0.43334,-0.96907,-0.98165,0.40905,-1.1891,0.05317,1.4768,0.32267
-0.085325,-0.94812,-0.59899,0.26366,-1.7607,0.72811,1.3252,0.44825
-0.17136,-0.88747,-0.85914,0.23797,-1.0678,0.37161,1.2293,0.58299
-0.67879,-0.93802,-0.72018,0.24815,-1.541,0.35998,1.2771,0.25193
-0.25505,-0.89232,-0.84184,0.25169,-1.4826,0.10868,1.7129,0.52918
-0.37533,-0.94578,-0.95593,0.60203,-1.2329,0.33416,1.0818,0.51126
-0.24784,-0.6228,-0.84919,0.20379,-1.3275,0.073527,1.2927,0.23032
-0.095048,-0.95573,-0.72589,0.40073,-1.6314,0.21125,1.1315,0.18996
-0.20413,-0.86287,-0.74313,0.50801,-1.5276,0.0058216,1.328,0.021155
-0.42138,-0.74932,-0.90721,0.22297,-1.2204,0.039151,1.2393,0.18608
-0.38075,-0.98309,-0.64716,0.60847,-0.95502,-0.15816,1.6898,0.23526
-0.31393,-0.66216,-0.69585,0.22006,-1.3641,0.11458,0.80697,-0.042074
-0.30255,-1.0192,-0.90557,0.40213,-1.4224,0.32453,1.4792,0.21621
-0.41547,-0.95601,-1.0647,0.43961,-1.3196,0.34994,1.2891,0.057397
-0.18209,-0.93261,-0.58047,0.33252,-1.4206,0.23451,1.2083,0.22564
-0.51044,-0.97007,-1.2146,0.42556,-1.3725,0.248,1.1762,0.30537
-0.15054,-0.77791,-0.81586,0.3003,-1.3557,0.29438,1.324,0.090626
-0.29633,-0.71635,-0.92321,0.25548,-1.2391,0.46036,1.0335,-0.0086614
-0.071618,-1.103,-0.86847,0.34334,-1.3819,0.19309,1.2386,0.42124
-0.39733,-0.67349,-1.4338,0.22275,-1.6963,0.28356,1.3944,0.097825
-0.44499,-1.1056,-1.0124,0.44013,-1.5104,-0.12274,1.6955,0.098251
-0.37669,-0.78255,-0.97232,0.63552,-1.0399,0.39478,0.94096,0.35568
-0.63431,-0.68134,-0.77136,0.34312,-1.1055,0.37716,1.5331,0.30299
-0.37343,-1.0654,-1.0077,0.46282,-1.3999,0.42759,1.3407,0.5817
-0.022117,-0.99453,-1.0883,0.32994,-1.0884,0.13954,1.3959,0.10537
-0.0076502,-0.86801,-1.0556,0.38409,-1.1991,0.68459,1.3586,0.56415
-0.32274,-1.2375,-0.90555,0.53298,-1.3943,0.16471,1.3057,0.35841
-0.22179,-1.1479,-0.53079,0.69107,-1.4098,0.38213,1.7143,0.18302
-0.085098,-1.0833,-1.0531,0.54615,-1.427,0.51803,1.1726,0.15593
-0.12521,-0.83195,-1.22,0.029756,-1.3635,-0.11093,1.3427,0.067968
-0.20321,-0.94354,-1.1213,0.25875,-1.1457,0.24963,1.2276,0.26445
-0.28699,-0.958,-1.2357,0.45451,-1.5816,0.40891,1.4508,0.10619
-0.35323,-0.94161,-0.9718,-0.15162,-1.4405,0.73172,1.1955,0.02379
-0.46359,-0.84534,-0.93299,0.18124,-1.4433,0.54947,1.457,0.18012
-0.30871,-0.90715,-0.77548,0.36644,-1.2173,0.12617,1.3354,-0.19367
-0.1718,-0.56231,-0.97562,0.35088,-1.2866,0.1891,1.2622,-0.1425
-0.23338,-0.9355,-0.97827,0.19742,-1.398,0.044826,1.5112,0.39439
-0.46395,-0.67939,-0.88318,0.14604,-1.3926,0.36562,1.1944,0.13452
-0.0597,-1.0477,-0.71713,0.49146,-1.6896,0.18908,1.2305,0.49057
-0.17811,-0.6965,-1.1753,0.37161,-1.5427,0.35257,1.3182,0.14528
-0.16822,-0.95611,-1.0437,0.16116,-1.4577,0.17351,1.4584,0.32239
-0.12059,-0.92651,-1.0553,0.53572,-1.4585,0.32121,1.3006,0.16309
-0.33511,-1.2201,-0.66961,0.52346,-1.3626,0.21941,1.2874,0.23434
-0.37508,-0.90994,-1.3767,0.22006,-1.4846,0.32067,1.4367,0.16896
-0.16566,-0.88453,-1.0445,0.46842,-1.2132,0.033893,1.2786,0.24157
-0.15541,-1.0571,-1.0554,0.51675,-1.3551,0.35888,1.5515,0.31796
-0.55644,-0.80784,-0.6808,0.28628,-1.5425,0.69222,1.5829,0.037285
-0.56998,-0.70195,-0.80145,0.04292,-1.3582,0.080781,1.008,0.14729
-0.37929,-1.1363,-1.0017,0.67578,-1.4107,0.68065,1.5799,0.088709
-0.45838,-1.0092,-1.2288,0.077258,-1.0606,0.20931,1.4188,0.30521
-0.155,-0.9295,-0.69555,0.39632,-1.2163,0.35447,1.1192,0.034595
-0.35418,-0.77528,-0.91015,0.52558,-1.0618,0.087496,1.3848,0.1771
-0.26586,-0.85924,-0.94666,0.42568,-1.0425,0.33601,1.5629,0.056591
-0.14497,-1.1567,-1.2588,0.26618,-1.3541,0.18548,1.6173,0.32375
-0.25502,-1.0715,-0.78562,-0.080987,-1.4739,-0.051117,1.181,0.030178
-0.29458,-0.98672,-1.1062,0.29462,-1.4339,0.18431,1.3669,-0.17018
-0.27595,-1.2856,-1.0251,0.51134,-1.6439,0.53958,1.3191,0.18463
-0.53204,-0.90144,-0.91075,0.64248,-1.3909,0.49035,1.5664,-0.069505
-0.23176,-0.66121,-1.2409,0.10273,-1.4337,0.038956,1.4685,0.090555
-0.20976,-0.83732,-1.0692,0.29829,-1.5348,0.50712,1.0489,0.066847
-0.22583,-1.0213,-1.0825,0.66111,-1.3825,0.38558,1.1915,0.25623
-0.10751,-0.98352,-1.2553,0.36306,-1.0643,0.39776,1.6001,0.34346
-0.42413,-0.78928,-1.0686,0.35928,-1.4572,0.51443,1.1831,0.19172
-0.28207,-0.73945,-1.0442,0.58193,-1.1132,0.43588,1.2748,0.16664
-0.28997,-0.90945,-0.86489,0.36034,-1.6696,0.70128,1.4421,0.31033
-0.25182,-1.1609,-0.98073,0.2734,-1.3226,0.36062,1.5046,0.099282
-0.48321,-0.68297,-0.86056,0.35415,-1.1686,0.64992,1.431,-0.038165
-0.10861,-0.80184,-0.96872,0.30204,-1.5125,0.51359,1.2211,0.11262
-0.66891,-0.88634,-1.0104,0.34322,-1.4371,0.35552,1.1767,0.39452
-0.49115,-1.1762,-1.2045,0.095921,-1.5167,0.34429,1.152,0.2388
-0.4636,-0.99543,-0.88517,0.15084,-1.3523,0.7635,1.1546,-0.081819
-0.5739,-1.2802,-0.95706,-0.095176,-1.3309,0.31773,1.4135,0.12179
-0.41569,-0.97196,-1.2515,0.23457,-1.6018,0.5045,0.93997,0.22695
-0.36427,-1.0214,-0.61855,0.45027,-1.9709,0.634,1.48,0.10358
-0.14382,-1.2348,-0.96393,0.32663,-1.3836,0.68855,1.5809,0.2016
-0.012675,-0.70366,-1.1299,0.1845,-1.33,0.51026,1.2418,0.12773
-0.56885,-1.1685,-1.1458,0.3755,-1.3108,0.40237,1.2369,0.2508
-0.18289,-1.1186,-1.0304,0.27473,-1.0726,0.32834,1.6185,0.16568
-0.4201,-0.99221,-0.87066,0.058736,-1.3903,0.88611,1.0457,0.073745
-0.54729,-0.97347,-1.154,0.020734,-1.6042,0.37882,1.2708,0.35562
-0.39127,-1.0428,-0.91229,0.24225,-1.3776,0.53957,1.3337,0.38443
-0.085704,-1.1025,-0.98513,0.27241,-1.427,0.44978,1.3739,0.13837
-0.27811,-1.236,-0.88119,0.68898,-1.6006,0.68635,1.412,-0.048724
-0.2747,-0.83998,-1.1284,-0.16771,-1.142,0.39937,1.3447,0.09832
-0.061816,-0.71157,-1.1681,0.13717,-1.3157,0.54495,1.1106,0.17419
-0.38718,-1.0128,-0.77871,0.35402,-1.32,0.093972,1.4301,0.25823
-0.21702,-0.8215,-1.0625,0.28931,-1.4868,0.67193,1.2242,0.41189
-0.21595,-1.1777,-0.86947,0.13972,-1.3492,0.68311,1.3074,0.3003
-0.075485,-1.0746,-1.1756,0.22624,-1.4395,0.36132,1.081,0.14291
-0.15161,-1.4291,-0.9979,0.31158,-1.6055,0.29396,1.1595,0.17852
-0.1256,-1.4966,-1.2226,0.2913,-1.4237,0.31223,1.4592,0.16584
-0.34017,-1.2487,-1.532,0.27178,-1.2697,0.64572,1.3742,0.40573
-0.56138,-1.0239,-0.98618,0.41546,-1.2081,0.29981,1.4216,-0.054661
-0.19081,-0.85869,-0.9926,0.19443,-1.7856,0.56711,1.1731,0.49182
-0.30561,-1.0415,-1.2104,-0.028533,-1.4435,0.73622,1.4694,0.33461
-0.14891,-1.3807,-1.2511,0.15252,-1.1847,0.47912,1.5353,0.22262
-0.42064,-1.2511,-0.90745,0.13838,-1.4941,0.71428,1.4233,0.39751
-0.58149,-0.96436,-1.0899,-0.13927,-1.6598,0.35761,1.5393,0.14757
-0.52809,-1.3936,-1.2594,0.58218,-1.507,0.29391,1.4503,0.34965
-0.13322,-0.80849,-1.1719,0.25498,-1.5094,0.45274,1.3259,-0.040446
-0.30009,-0.9306,-1.1801,0.3751,-1.4301,0.56769,1.6068,0.01614
-0.20749,-1.1585,-1.0276,0.090377,-1.4754,0.74202,1.3602,0.27267
-0.30131,-0.91084,-1.0791,0.16257,-1.2849,0.51489,1.3468,0.020543
-0.26891,-1.0048,-1.1129,0.14931,-1.3393,0.053855,1.1327,-0.0057509
0.10517,-1.0197,-1.484,0.11248,-1.4068,0.79176,1.2578,0.25784
-0.29198,-1.1803,-1.3167,-0.027484,-1.4748,0.65537,1.1686,0.086451
-0.31053,-1.2932,-1.0276,0.063911,-1.3383,0.71748,1.0832,0.15595
-0.30548,-1.188,-1.1762,-0.03701,-1.4857,0.59366,1.2344,0.090206
-0.14449,-1.1116,-1.086,-0.16065,-1.6499,0.86624,1.3391,0.13743
-0.21214,-1.4289,-1.1419,0.12217,-1.6385,0.27793,1.1832,0.37536
-0.10441,-1.266,-0.89967,0.29304,-1.4314,0.62474,1.1573,0.26498
-0.36674,-1.1156,-1.3129,0.17189,-1.2453,0.64374,1.3381,-0.16389
0.0028857,-0.97064,-0.91114,0.16054,-1.4624,0.67566,1.1384,0.0335
-0.15132,-1.1219,-0.97323,0.19732,-1.0676,0.70057,1.1072,0.094376
-0.28223,-1.2646,-1.1384,-0.10229,-1.3447,0.52769,1.4207,0.2461
-0.30307,-1.211,-1.126,0.088309,-1.2346,0.89794,1.2547,0.037615
0.057343,-1.3469,-1.4455,-0.070232,-1.1886,0.92886,1.391,0.37955
-0.3634,-1.0313,-1.3008,0.091843,-1.586,0.89976,1.1897,0.40038
-0.40749,-1.077,-1.3823,0.19393,-1.3172,1.0016,1.1582,0.21523
-0.14097,-1.1703,-1.3888,0.037701,-1.391,1.0756,1.3751,-0.18723
-0.30621,-1.4105,-1.3837,-0.39325,-1.3928,0.62344,1.16,0.29892
-0.002438,-0.93009,-1.274,0.011803,-1.2749,0.86,1.2778,0.11189
-0.041459,-0.98769,-1.2293,-0.24106,-1.4894,0.68419,1.2526,0.0023101
-0.25002,-1.2921,-1.0475,0.12347,-1.3018,0.77606,1.3919,-0.16447
-0.21567,-1.2474,-1.1237,-0.26492,-1.4684,0.68804,1.5694,-0.23088
-0.1908,-0.80454,-1.1543,0.040006,-1.1934,0.67441,1.3346,0.43723
-0.18713,-0.98698,-1.2865,0.043952,-1.5923,0.65572,1.4632,0.28627
-0.38987,-1.2345,-1.3922,-0.065572,-1.328,0.60016,1.2379,0.01173
-0.32695,-1.2108,-1.3213,-0.07085,-1.3508,0.70646,1.7348,-0.11911
-0.27456,-1.1838,-1.2497,-0.32925,-1.5236,0.66153,1.2417,0.11437
-0.3622,-1.0882,-1.413,-0.14435,-1.3328,0.71611,1.1087,-0.18599
0.032055,-1.3722,-1.0117,-0.16917,-1.2314,0.62155,1.224,0.04182
-0.11048,-1.174,-1.3824,0.27366,-1.6578,0.99231,1.205,0.13465
-0.28801,-1.1101,-1.1438,-0.053711,-1.3125,0.69793,1.2971,0.075587
-0.035854,-1.406,-1.2549,-0.32188,-1.308,0.63749,1.3917,0.062199
-0.59298,-1.1788,-1.4374,-0.24181,-1.2376,0.9884,1.3159,0.12729
0.073909,-0.99598,-1.2056,-0.23318,-1.5594,0.7182,1.2347,0.063262
-0.75074,-1.2634,-1.5518,0.1722,-1.3165,0.5755,1.4146,0.10329
-0.43293,-1.185,-1.0272,0.025498,-1.2066,1.1698,1.3761,0.037969
0.0072406,-1.3562,-0.87204,0.15557,-1.4082,1.0972,1.2021,0.13916
-0.11515,-1.2118,-1.3612,0.11728,-1.6461,0.83417,1.2472,-0.10537
-0.16969,-1.5252,-1.5573,-0.11944,-1.3609,0.453,1.1955,0.083763
-0.41085,-1.2164,-1.3694,0.015918,-1.5157,0.70479,1.4263,0.080827
-0.61846,-1.0734,-1.2,-0.61171,-1.9575,0.80181,1.3058,0.058034
-0.22493,-1.403,-1.3869,-0.55067,-1.3653,0.65877,1.2884,0.086591
-0.17978,-1.1139,-1.0712,-0.052827,-1.4632,0.85915,1.2995,0.15005
-0.55782,-1.2559,-1.3633,-0.13847,-1.1522,1.0199,1.3444,-0.0085994
-0.38666,-1.1149,-1.3137,-0.37033,-1.3715,0.913,1.3398,0.078953
-0.28698,-1.3711,-0.96779,-0.010747,-1.4835,0.76702,1.1177,0.18758
-0.19816,-1.3256,-1.3824,-0.19544,-0.90113,0.68602,1.7054,0.011489
-0.34967,-1.1046,-1.1816,-0.25002,-1.3346,1.1505,1.3444,-0.19629
-0.19835,-1.0117,-1.2414,0.00189,-1.4988,0.96093,1.3249,-0.019861
-0.13559,-1.0988,-1.207,-0.2281,-1.4399,0.70093,1.3602,0.13624
-0.30018,-1.1706,-1.2164,-0.23304,-1.613,0.90722,1.2705,0.017145
0.07014,-1.3136,-1.1193,-0.21576,-1.2783,0.62134,1.3745,-0.013271
-0.11353,-1.4669,-1.2762,0.11809,-1.5744,0.80525,1.3509,-0.27477
0.037952,-0.97705,-1.3087,-0.20229,-1.2828,1.1643,1.1813,0.41457
0.054424,-1.3434,-1.2763,-0.28104,-1.1592,0.92824,1.3929,-0.21271
-0.2556,-1.1399,-1.4143,-0.28967,-1.6247,0.67445,1.624,-0.085145
-0.28176,-0.98918,-1.2705,-0.12969,-1.1644,1.0771,1.0563,-0.0037739
-0.52535,-1.4664,-1.2583,-0.28192,-1.4286,1.2783,0.99417,0.06256
-0.45877,-0.88337,-1.3637,-0.51569,-1.4028,0.9608,1.5328,0.35137
-0.172,-1.4957,-1.4231,0.010466,-1.3256,0.94723,1.1637,0.081046
0.2486,-1.1744,-1.1839,-0.61463,-1.2215,1.069,1.073,-0.099711
-0.18383,-1.2399,-1.2905,-0.11741,-1.1069,0.95233,1.1617,-0.01693
-0.0050418,-1.2848,-1.2852,-0.22141,-1.4401,0.69115,1.2187,0.26579
0.10475,-1.4128,-1.3436,-0.11839,-0.9705,0.96492,1.2076,-0.22072
-0.34602,-1.2806,-1.1785,-0.17153,-1.552,1.1419,1.1472,0.13912
-0.058441,-0.70733,-1.1791,-0.10064,-1.5078,1.0679,1.2622,-0.19642
-0.096498,-1.2345,-1.205,-0.24785,-1.3632,0.9978,1.3921,0.0095501
-0.12557,-1.2634,-1.291,-0.16611,-1.4269,1.181,1.3,0.30674
-0.15168,-1.3102,-1.3285,-0.093165,-1.487,1.1089,1.227,0.30697
-0.051871,-1.0269,-1.4135,-0.19187,-1.0008,0.96696,1.4148,-0.070424
-0.17228,-1.5404,-1.3896,-0.76164,-1.4123,1.1586,1.1923,0.32679
-0.1925,-1.3494,-1.3541,-0.26117,-1.2188,1.3054,1.3791,-0.12141
-0.10021,-1.1873,-1.4006,-0.31035,-1.0104,1.2657,1.2496,0.15777
-0.029589,-1.0087,-1.2959,-0.28688,-1.4037,1.2892,1.0702,-0.19598
-0.13931,-1.2012,-1.583,-0.34712,-1.217,1.2999,1.5959,-0.0032167
-0.021259,-0.79857,-1.2239,-0.056088,-1.4803,1.0965,1.2379,-0.0067373
-0.22505,-1.4515,-1.1705,-0.36186,-1.1124,1.2542,1.4215,0.084246
0.14595,-1.3108,-1.6429,-0.18245,-1.228,1.1012,1.286,0.15533
-0.40773,-1.3177,-1.4702,-0.55014,-1.712,0.98264,1.4924,0.058624
0.15987,-1.3252,-1.2888,-0.24645,-1.0392,1.1659,1.3478,0.083288
-0.16768,-1.1885,-1.8398,-0.66619,-1.2583,1.1761,1.246,0.070409
0.17044,-1.3428,-1.4043,-0.22839,-1.1683,1.1379,1.2439,-0.13961
-0.21459,-0.99067,-1.5728,-0.60712,-1.1839,1.2987,1.0563,-0.10157
-0.11541,-1.442,-1.2985,-0.43375,-1.0911,1.0446,1.0706,-0.094191
-0.17037,-1.4383,-1.0742,-0.1845,-1.4243,1.4627,1.5385,-0.026149
0.057769,-1.1943,-1.5772,-0.40226,-1.3133,1.1837,1.52,0.20898
0.13742,-1.4766,-1.5091,-0.33529,-1.4055,1.004,1.5628,-0.31508
-0.37374,-1.2813,-1.2403,-0.11644,-1.4251,1.1167,1.3408,0.11473
0.06688,-1.3871,-1.5041,-0.55318,-1.5228,1.3187,1.3159,-0.49055
-0.18192,-1.5973,-1.309,0.062774,-1.2865,1.4896,1.2743,-0.25301
-0.11462,-1.4263,-1.4668,-0.29409,-1.1063,1.5914,1.3281,0.023744
0.042741,-1.4266,-1.7655,-0.58001,-1.2137,1.1503,1.4434,-0.12163
-0.14489,-1.4815,-1.3748,-0.38225,-1.2349,1.1816,1.2656,0.28368
-0.50171,-1.3039,-1.4334,-0.36633,-0.97671,1.1155,1.2769,-0.18619
-0.17093,-1.5329,-1.5841,-0.68254,-1.5172,1.3527,0.78277,0.16362
-0.31675,-1.3608,-1.6342,-0.41214,-1.182,1.3514,1.0962,-0.17393
-0.019764,-1.4073,-1.6808,-0.13967,-1.4592,0.86384,1.1956,0.023737
-0.15223,-1.6882,-1.3021,-0.38788,-1.5264,1.3373,1.612,0.048184
-0.45116,-1.4171,-1.8716,-0.59464,-0.86962,1.5117,1.0313,0.080972
-0.1858,-1.5422,-1.2525,-0.64844,-1.2288,1.3821,1.4613,0.29116
-0.0055508,-1.3331,-1.4306,-0.38066,-0.91116,1.3242,0.87034,-0.033937
-0.21028,-1.2258,-1.2535,-0.76169,-1.0878,1.7499,1.483,-0.032276
-0.24244,-1.4644,-1.5474,-0.60298,-1.3594,1.4996,1.274,0.37824
0.028575,-1.4393,-1.2549,-0.91992,-1.2463,1.7199,1.0981,-0.16123
0.0021973,-1.3314,-1.2597,-0.56543,-1.406,1.4979,1.0299,-0.086816
0.011522,-1.0771,-1.4959,-0.53914,-1.4467,1.0286,1.516,-0.14426
0.07409,-1.3211,-1.3786,-0.7111,-1.2946,1.5254,1.3097,-0.036008
-0.38025,-1.2075,-1.5405,-0.56462,-1.2583,1.4467,1.0344,0.2011
-0.20697,-1.2644,-1.2844,-0.83056,-1.3323,1.6443,1.1996,-0.16707
-0.09595,-1.1767,-1.3826,-0.47599,-0.96455,1.1639,1.1789,0.091669
0.079577,-1.158,-1.393,-0.45916,-1.0868,1.276,1.093,-0.30064
-0.24475,-1.4748,-1.3468,-0.64843,-1.0583,1.5575,1.0796,0.077197
-0.093938,-1.6751,-1.6744,-0.53492,-1.1962,1.3633,1.2187,-0.1811
-0.12002,-1.6989,-1.3448,-0.71988,-0.99511,1.6538,1.171,-0.1077
-0.1964,-1.4296,-1.8126,-0.68809,-1.0382,1.6144,1.3608,-0.26374
0.18846,-1.2085,-1.4748,-0.54869,-1.1679,1.6672,1.4242,-0.21099
-0.096747,-1.3451,-1.4186,-0.5111,-0.65726,1.3675,1.0241,0.015044
