1.3009,0.76563,-0.023686,1.2886,0.62925,1.5362,0.98502,0.37728
1.355,0.2991,0.45616,1.2611,0.29986,1.4909,0.71611,0.54211
1.2696,0.43753,0.21852,1.4441,0.066488,1.7688,0.95077,0.17641
1.0731,0.22135,0.14968,1.4406,0.21255,1.6725,1.0891,0.19982
1.0106,1.0714,0.13139,1.5557,0.2598,1.498,1.4774,0.58381
1.4359,0.49559,0.61234,1.5349,0.34964,1.568,1.2393,0.64416
1.1848,0.63595,0.22142,1.29,0.26839,1.6641,0.99894,0.80306
1.6285,0.58542,0.21721,1.7043,0.029705,1.5513,1.2125,0.39584
0.95283,0.68258,0.22026,1.4342,0.44143,1.6279,1.016,0.50421
1.2692,0.4927,0.12618,1.8616,0.1388,1.6436,0.87962,0.44088
1.3086,0.80865,0.16795,1.4048,0.26358,1.5497,1.2586,0.62632
1.2832,0.25834,0.10003,1.7493,-0.1316,1.1269,1.0588,0.58231
1.114,0.69796,0.17853,1.4997,-0.1042,1.4571,1.3374,0.78328
1.1235,0.58392,0.36776,1.7226,0.1057,1.3622,0.95641,0.24481
1.2839,0.43664,0.23809,1.5299,0.16257,1.3349,1.0442,0.47621
1.1976,0.70805,0.21022,1.6705,0.248,1.5894,0.90995,0.45061
1.4499,0.53423,0.17712,1.4589,0.2155,1.2336,1.1872,0.22584
0.98914,0.55945,0.14896,1.5494,-0.020716,1.5991,1.1992,0.67022
1.2704,0.49911,0.30694,1.5299,0.31173,1.8098,0.77462,0.88044
1.3879,0.64114,0.29499,1.3911,-0.13702,1.8048,1.1266,0.66402
1.6135,0.47969,0.056977,1.5293,0.4419,1.9188,1.2023,0.80457
0.8838,0.70882,0.34962,1.7209,-0.10344,1.6811,1.0679,0.6588
1.0317,0.33192,0.050782,1.4338,-0.073143,1.5682,1.0364,0.31027
1.4721,0.68882,-0.036195,1.7119,-0.11919,1.6457,1.0655,0.52429
1.1793,0.66644,0.0080323,1.6186,0.17915,1.5735,1.4064,0.61685
1.3029,0.34917,0.14619,1.6083,-0.24845,1.3688,1.1417,0.59776
1.2703,0.43874,0.078133,1.4884,-0.090101,1.4404,1.0213,0.22381
1.4153,0.58727,0.28985,1.833,0.12171,1.1485,1.2582,0.38961
1.4322,0.62406,0.026951,1.3183,0.0681,1.7532,0.94479,0.5335
1.0254,0.57775,0.38519,1.5447,-0.17172,1.6803,1.2209,0.54861
1.3086,0.58623,0.033288,1.3777,-0.087174,1.5782,1.2201,0.67838
1.4333,0.53185,0.44016,1.1938,0.15169,1.5963,1.5714,0.64815
0.84953,0.79359,0.47275,1.4747,0.45098,1.8686,0.89328,0.77191
1.2238,0.62985,0.40515,1.6542,0.31149,1.6043,0.81802,0.66698
1.2193,0.48428,0.37231,1.7187,0.2043,1.4938,1.1856,0.5803
1.291,0.74154,0.69736,1.8005,-0.17308,1.7856,1.1988,0.61495
1.181,0.62666,0.58211,1.5159,0.1847,1.6855,1.5405,0.54884
1.2432,0.32177,0.26388,1.3325,-0.010759,1.4739,1.1751,0.71897
1.1604,0.42965,0.14624,1.1611,0.13014,1.5543,1.2531,0.46249
1.3201,0.48989,0.15176,1.4221,0.45391,1.7118,1.0293,0.63791
1.2315,0.66552,0.50008,1.5284,0.12941,1.4727,1.227,0.47037
1.3329,0.22867,0.40615,1.3333,0.15323,1.5268,1.3628,0.54191
1.2284,0.52313,0.01633,1.4582,0.24328,1.4599,1.3385,0.58235
1.4416,0.51372,0.14145,1.7488,0.032487,1.4509,1.2091,0.43491
1.3077,0.5506,0.26855,1.4874,-0.32644,1.3495,0.99884,0.59309
1.4198,0.53638,0.20219,1.6615,-0.13708,1.6153,1.0688,0.93506
1.2611,0.49004,0.13826,1.3586,-0.25599,1.7299,1.0821,0.40777
1.1137,0.51585,0.22947,1.696,0.35614,1.5318,1.0921,0.67611
1.2513,0.31845,0.38778,1.5814,0.28444,1.816,1.0873,0.59421
1.5106,0.52526,0.32496,1.5519,0.17992,1.6296,1.0307,0.69928
1.0878,0.37688,0.55303,1.7356,-0.27449,1.6619,1.155,0.74096
1.2159,0.35881,0.23668,1.103,-0.18683,1.5087,1.1411,0.71467
1.0032,0.32342,0.26248,1.7221,0.073253,1.4347,1.2125,0.6514
1.4268,0.68686,0.22054,1.3575,0.20623,1.9222,1.1124,1.0358
1.2706,0.62649,0.81426,1.5791,-0.29212,1.5025,1.2332,0.60795
1.4799,0.71674,0.39562,1.6226,0.031009,1.0522,1.0385,0.48168
1.259,0.73563,0.32304,1.3617,0.16169,1.4883,1.2129,0.77839
1.1974,0.55839,0.41271,1.6374,-0.11984,1.7066,1.2497,0.68218
1.392,0.48493,0.22918,1.2622,0.083473,1.6572,1.2921,0.79908
1.4708,0.53523,0.45556,1.6938,0.016444,1.8541,0.8589,0.6927
1.1594,0.55195,0.040056,1.5238,-0.12828,1.2752,1.1312,0.75698
1.1502,0.64829,0.26281,1.2199,-0.019252,1.4975,0.7739,0.94738
1.1676,0.24762,0.43012,1.5488,0.17287,1.5787,1.2639,0.50654
1.2991,0.69443,0.20876,1.7698,-0.12824,1.5677,0.93182,0.71777
1.3313,0.085363,0.28119,1.3291,-0.31401,1.7937,1.1443,0.74334
1.2597,0.59696,0.4168,1.4464,0.10955,1.5812,0.88672,0.76226
1.4231,0.57186,0.049236,1.5252,-0.096948,1.4226,0.81942,0.75096
0.96843,0.72987,0.56368,1.4985,0.10409,1.5445,1.328,0.90591
1.2115,0.51704,0.49081,1.2378,0.20925,1.4191,1.0638,0.46439
1.1603,0.11086,0.36343,1.4063,-0.16507,1.5008,1.2096,0.67301
1.2376,0.52156,0.36422,1.5312,0.28674,1.5026,1.0644,0.65372
1.3541,0.66045,0.28877,1.1731,0.010491,1.62,1.3594,0.6986
1.4944,0.55489,0.28514,1.4798,-0.45171,1.2117,1.3622,0.48529
1.0981,0.55373,0.41496,1.3883,-0.049425,1.4982,1.0797,0.22147
1.3565,0.28114,0.59815,1.1501,-0.13236,1.7495,1.4502,0.9517
1.3845,0.47804,0.69695,1.1437,-0.24079,1.3385,1.222,0.64387
1.5407,0.49806,0.41485,1.5477,-0.28603,1.4552,1.5542,0.92371
0.99015,0.57633,0.45057,1.545,0.068662,1.4851,1.3393,0.82547
1.3659,0.87326,0.68582,1.5745,0.32547,1.3447,1.1204,0.61347
1.2277,0.53093,0.15316,1.3262,-0.181,1.598,1.2658,0.66954
1.4686,0.57693,0.3117,1.3827,-0.25861,1.6042,1.2843,0.67761
1.3731,0.39464,0.15785,1.4933,-0.2668,1.6028,1.1441,0.50343
0.92335,0.20538,0.28763,1.4787,0.34552,1.66,1.1205,0.55947
1.3696,0.7819,0.3891,1.3088,-0.10929,1.5692,1.3068,0.72154
1.2514,0.5277,0.72563,1.5506,-0.38659,1.3473,1.1754,0.62769
1.2634,0.46703,0.51379,1.1832,0.040577,1.5339,1.077,0.78683
1.0038,0.57289,0.53359,1.2426,-0.28684,1.6505,1.1358,0.79077
1.3096,0.31045,0.42794,1.2024,-0.011448,1.5955,0.98806,0.87128
0.7412,0.60676,0.39618,1.2925,0.06795,1.2502,1.2768,0.85405
1.4739,0.65152,0.44852,1.2897,-0.32981,1.5652,1.0367,0.83431
0.96913,0.52499,0.73785,1.4146,-0.04378,1.6586,1.3267,0.58016
1.3534,0.38058,0.56585,1.1624,0.13681,1.3748,1.1479,0.42003
1.3181,0.67425,0.6816,1.5904,-0.35546,1.4517,0.95226,0.67462
1.0546,0.5422,0.48007,1.4936,0.050126,1.5047,1.5154,0.67083
1.2685,0.1727,0.35049,1.2652,-0.022494,1.6013,1.3979,0.54055
1.3379,0.27523,0.46027,1.4841,-0.079447,1.4068,1.1069,1.0511
1.0885,0.60042,0.70548,1.0162,-0.21936,1.6338,1.1296,1.0251
1.3129,0.26263,0.61063,1.2742,-0.0092677,1.5249,1.1862,0.48108
0.95811,0.6603,0.61974,1.1412,0.028053,1.2953,1.1804,0.72948
0.83115,0.43306,0.4919,1.4882,0.11859,1.4161,0.98267,0.64094
1.1442,0.51394,0.33843,1.2659,-0.06054,1.4571,1.011,0.97847
1.3192,0.36838,0.26288,1.3654,-0.18114,1.5757,0.86036,0.70073
1.2706,0.60664,0.31722,1.1739,0.32375,1.7089,1.521,0.82331
1.0398,0.51505,0.15447,1.3256,-0.13722,1.5245,1.3271,1.0073
1.2366,0.51274,0.4725,1.091,0.089795,1.3113,0.966,0.57911
1.1573,0.40614,0.37575,1.3616,0.062014,1.3235,1.2316,0.86854
0.87366,0.57154,0.37828,1.2289,0.21491,1.4031,1.2771,0.50602
1.1964,0.64937,0.38251,1.0929,-0.087046,1.0651,1.6356,0.52991
1.1925,0.37893,0.80358,1.1425,-0.48513,1.115,1.2677,1.0345
1.3026,0.10836,0.52163,1.2998,-0.17968,1.3672,1.0824,1.0478
1.0445,0.22137,0.34907,1.3182,-0.027178,1.5024,1.3296,0.52139
0.77633,0.21016,0.16658,1.5246,-0.038392,1.654,1.0649,0.47166
1.2401,-0.21322,0.70797,1.4821,0.11899,1.3638,1.322,0.86818
1.0911,0.40747,0.61601,1.5615,-0.13906,1.6286,1.2952,0.40365
1.168,0.52109,0.46748,1.3414,-0.079414,1.5166,1.3503,0.94755
1.447,0.34512,0.84254,1.118,0.23152,1.4616,1.058,0.74432
0.83733,0.6641,0.57468,1.5043,0.030146,1.8384,0.9047,0.70799
0.77478,0.35583,0.55263,1.7132,-0.076589,1.4506,1.1766,0.74276
1.2735,0.11633,0.63244,1.3253,0.29199,1.3685,1.4637,0.4201
0.96749,0.11724,0.49551,1.4504,-0.50739,1.5293,1.2287,1.0721
0.88226,0.32392,0.50563,1.2485,-0.024866,1.5106,1.1316,0.93525
1.1221,0.10475,0.53054,1.2798,-0.25793,1.4065,1.2906,0.86025
1.0793,0.60393,0.54362,1.2028,-0.068864,1.6543,1.0144,0.65236
0.89242,0.60391,0.16108,1.1814,0.0012323,1.3595,1.1684,0.57825
1.3712,0.52572,0.54281,1.2831,0.2047,1.7749,1.5937,0.66032
0.95595,0.52982,0.77058,1.3213,-0.23721,1.2924,0.86146,0.58928
1.2294,0.26238,0.31328,0.99741,-0.044829,1.5251,1.5586,0.80423
1.1269,0.49534,0.74583,1.3431,-0.30693,1.2071,0.94034,0.85655
1.5443,0.012023,0.61509,1.5343,-0.35704,1.0081,1.1999,1.0775
1.1553,0.38559,0.68856,1.2883,0.10038,1.6947,0.88443,0.76674
1.1084,0.2344,0.83727,1.4276,0.016527,1.314,0.94324,0.69154
1.0558,0.13706,0.87466,1.3792,-0.1353,1.2692,1.2388,0.94665
1.3108,0.35547,0.584,1.0547,0.4496,1.2389,1.4557,0.50825
1.1954,0.26617,0.66365,1.1598,0.07451,1.3919,1.2467,0.41741
1.0743,0.28186,0.4974,1.3081,-0.13518,1.3253,1.209,0.60985
1.1532,0.5446,0.36289,1.2793,-0.097779,1.6317,1.2362,0.23921
1.1278,0.78384,0.31041,1.2359,-0.28418,1.391,1.3487,0.7365
1.2624,0.54683,0.22169,1.3322,-0.039102,1.679,1.2839,0.86853
0.69475,0.47808,0.44851,1.3261,0.21541,1.5141,1.1575,0.49776
1.1214,0.19925,0.80683,1.1601,0.012821,1.3376,0.92088,0.81822
1.2132,0.31487,0.71456,0.79697,-0.15594,1.5231,1.2157,0.80665
0.89595,0.48535,0.62829,1.3389,-0.11807,1.6848,1.0605,0.82383
0.85934,0.26462,0.64065,0.88024,0.099564,1.6037,1.069,0.51013
1.0633,0.4314,1.1342,1.5994,0.20025,1.5027,1.137,0.79442
0.61442,0.56718,0.48446,1.4122,0.33839,1.2487,1.4009,0.68862
1.1574,0.26003,0.73961,1.4016,0.067146,1.1857,0.91682,0.8587
1.4204,0.17938,0.50217,1.195,0.21376,1.385,1.1145,0.56292
1.3712,0.56731,0.72514,1.5988,0.26818,1.5935,1.333,0.57406
1.5673,0.33163,0.95911,1.5939,-0.53661,1.4306,1.0501,0.74513
1.241,0.28145,0.55954,1.2414,-0.097891,1.2874,1.0575,0.79996
1.1127,0.54685,0.73874,1.0918,0.25335,1.2015,0.96878,0.60502
0.98419,0.17087,0.68395,1.4753,-0.10964,1.4432,1.1094,0.74206
1.2234,0.32493,0.74189,1.0937,0.18647,1.2441,1.4014,0.66837
1.1939,0.027451,0.70702,1.0374,0.045511,1.2154,1.1842,0.80416
1.0255,0.60309,0.83027,1.2205,0.060758,1.4744,1.2897,1.0267
0.99886,0.40812,0.62337,1.284,0.23312,1.3219,1.0069,0.4509
1.2855,0.71512,0.40928,1.0957,0.23674,1.5058,1.5786,0.57175
1.1501,0.28391,0.90647,1.1635,0.16607,1.3526,1.2525,0.7527
1.1588,0.69787,0.61436,1.4199,-0.048211,1.6212,1.3103,0.47943
1.0911,-0.070744,0.88906,1.2074,-0.016978,1.2821,1.1258,0.62973
1.2343,0.55451,0.5579,1.2841,0.03922,1.6212,1.2433,0.47975
1.2391,0.30923,0.52984,1.0265,0.12333,1.4281,1.25,0.87247
1.2448,0.13484,0.58676,1.1656,-0.39906,1.1284,1.3518,0.56231
1.3148,0.19538,0.69757,1.2355,-0.13771,1.244,1.4066,0.91691
0.95951,0.22293,0.51701,1.391,0.029906,1.1303,1.1856,0.94192
0.84115,0.11137,0.5895,1.0612,0.25339,1.3726,1.0723,0.43918
1.1886,0.48189,0.53042,1.4112,0.04857,2.0239,1.434,1.1013
1.1366,0.086538,0.97505,0.97144,-0.20337,1.5484,0.85891,0.49428
1.196,0.47602,0.88173,0.86624,-0.095127,1.1331,1.0879,0.58759
0.96321,0.014017,0.54941,1.2097,0.061961,1.3899,1.0997,0.62675
1.2545,0.40994,0.74485,1.0564,0.22474,1.6488,0.96711,0.85169
0.9471,0.23465,0.64199,1.5465,0.19598,1.4338,1.2255,0.66788
1.0793,0.39825,0.73505,1.1708,-0.30231,1.5652,1.3914,0.91763
0.83437,0.23161,1.0186,0.94804,0.14407,1.5505,1.3079,0.52066
1.1391,0.45655,0.61043,1.073,0.12734,1.3505,1.0159,0.77441
1.0327,0.096627,0.72457,1.0021,0.13729,1.6387,1.2412,0.71193
0.94823,0.1046,0.34202,1.474,0.026503,1.2726,0.83313,0.53368
0.87656,0.12826,0.83031,1.1762,-0.093371,1.4886,1.1623,0.7222
0.7945,0.27108,0.75642,1.164,-0.27379,1.273,0.91961,0.74104
1.1698,0.4063,0.73585,1.1582,0.15185,1.4522,0.992,0.96133
1.2379,0.35816,0.67697,1.108,0.067287,1.3226,1.0944,0.36321
1.2754,-0.16429,0.71703,1.1536,-0.090026,1.4264,1.2705,0.79494
0.98898,0.29742,0.69843,1.0855,-0.061574,1.6466,1.4541,0.81353
0.89201,0.29916,0.77408,0.90737,0.27407,1.4102,0.8991,0.75468
1.0491,0.32263,0.54714,1.443,0.42828,1.1636,0.99937,0.79805
1.4236,0.27864,0.75932,1.1853,0.55206,1.4308,0.92087,0.70717
1.1104,0.28842,0.47155,1.288,0.026347,1.5243,0.99099,0.50997
1.1623,0.17035,0.79737,0.95199,-0.07684,1.3225,1.3378,0.60508
1.1698,0.23188,0.86709,0.98461,0.22315,1.0569,0.78737,0.54767
0.88333,0.47146,1.0231,1.0919,-0.0011805,1.0627,1.0298,0.55345
1.195,0.53579,0.80034,1.0247,0.17984,1.184,1.1916,1.0193
0.96968,0.31252,0.61441,1.1897,0.27525,1.6098,0.99314,0.2814
0.81647,0.13551,0.76089,0.9248,0.068548,1.3691,0.82854,0.62522
1.1011,0.29434,0.50327,1.324,0.030382,1.369,1.3081,0.48884
0.96956,0.48102,0.74891,0.95542,-0.15602,1.4819,1.0566,0.86031
1.0185,0.33381,0.73916,1.1235,-0.199,1.0794,1.2129,0.67774
1.1297,0.12713,0.89245,1.0167,0.34496,1.6688,1.1713,0.6116
0.97215,-0.21763,0.78708,1.2006,0.24522,1.184,1.2493,0.92487
1.3951,0.10022,0.45252,0.83584,0.048526,1.4388,1.3831,0.8411
1.0837,0.37847,0.714,1.5852,0.3514,1.1957,1.0968,0.57246
0.90146,0.33928,0.47835,1.039,0.13012,1.0979,1.1736,0.61502
1.0462,0.27581,0.76868,1.1067,0.29999,1.5714,0.9123,0.72679
0.71997,0.3851,0.58844,0.82213,0.37781,1.4855,0.86847,0.31244
0.77681,-0.11533,0.85642,1.4529,-0.074627,1.3257,0.94794,0.48554
0.80327,0.31298,0.66082,1.3873,0.0066754,1.3088,1.3395,0.71747
1.3008,0.0025924,0.63907,0.70569,0.18531,1.2112,1.41,0.8693
1.3465,0.48586,1.0762,0.9889,0.61249,1.4389,1.0407,0.92768
1.1081,0.7003,0.69846,1.296,0.48002,1.0855,0.88126,0.80141
1.199,0.42437,0.7027,1.0066,0.32259,1.2901,1.2959,0.41443
1.0714,0.4965,0.76616,0.95563,0.45823,1.1385,1.0347,0.60798
1.079,0.18846,0.55443,1.2531,0.08836,1.2857,1.4224,0.70765
1.0407,-0.068077,0.56792,1.1075,0.44523,1.2795,1.1173,0.47553
0.88417,0.11965,1.1467,1.1266,0.39567,1.5363,1.0497,0.66162
1.2492,0.09035,0.79068,0.97493,0.1575,1.1451,1.3487,0.63221
1.2593,-0.18352,0.93787,1.0606,0.41762,1.2246,1.0406,0.46941
1.2868,0.25191,0.99939,1.2541,0.28413,1.2665,0.77113,0.86652
1.1978,0.19585,0.64096,1.2008,0.29081,1.2006,1.1384,0.33816
0.80298,0.018209,0.9004,1.2645,0.1324,1.0924,1.1504,0.36126
0.94115,0.35493,0.71523,0.8603,0.28946,1.4322,1.1698,0.6877
0.98003,0.19477,1.0769,1.4138,0.28661,1.1281,1.4264,0.74761
1.1781,0.13922,0.85112,1.1084,0.20185,1.3807,1.2173,0.5914
0.90671,0.052334,0.59999,0.90061,0.57221,1.1876,1.1179,0.7684
1.2307,0.1296,1.1377,1.0106,0.51644,1.1688,1.0689,0.4342
1.055,0.18858,0.87481,0.82226,-0.29997,1.2291,1.1569,0.53533
0.87189,0.34015,0.72296,1.4109,0.32308,0.8839,0.92092,0.43147
0.80148,0.40679,0.58252,1.0733,0.19457,1.3249,0.99849,1.0077
1.0964,0.4009,0.6181,1.1212,0.18219,1.2828,1.1133,0.3856
1.0841,0.11951,0.6332,1.1357,0.098301,1.1847,1.2134,0.5698
0.82409,0.13883,0.83346,1.3299,0.36255,1.3241,0.99153,0.54972
1.2819,-0.063703,0.73006,1.2148,0.38545,1.2134,0.9801,0.32218
0.77793,0.32253,0.6518,0.82577,0.43533,1.3143,1.1222,0.3477
1.2305,0.43059,0.75164,1.2756,-0.2187,1.6657,0.82044,0.7304
1.0343,0.69765,0.75568,1.0788,0.075718,1.2749,1.1737,0.66572
1.0279,0.058612,0.67026,1.0511,0.12747,1.3172,0.99416,0.68415
0.83774,0.17069,0.75405,0.68104,0.076535,1.4715,1.0719,0.50958
1.1447,0.25112,0.75202,1.1142,0.29413,1.4125,0.93431,0.61073
1.4545,0.33612,0.71343,0.84883,0.2491,1.3891,0.73114,0.7289
1.4579,-0.12696,0.66882,0.972,0.35408,1.2751,0.65167,0.74788
0.99896,0.11747,0.6684,1.0683,0.50055,1.2043,0.78848,0.44366
1.1103,0.091671,0.67051,1.2057,0.20669,1.4003,0.87311,0.43602
0.75713,-0.0063656,0.74091,0.8889,-0.16347,1.2134,0.82167,0.45491
0.88637,0.16007,0.51113,0.97684,0.085492,1.2767,0.6104,0.42693
1.0446,-0.01187,0.79826,0.70966,0.11973,1.0779,0.99077,0.46459
0.85196,-0.11749,0.85765,1.1114,0.22951,1.2544,1.2579,0.89553
1.3616,0.43585,0.67379,0.87852,0.4755,1.3953,1.0416,0.60388
1.1668,0.47887,1.0947,1.155,0.54112,1.3855,0.62333,0.54387
0.97932,-0.13778,0.83471,1.3625,0.43491,1.6971,0.85373,0.49941
1.0766,0.18051,0.57713,1.2686,0.13531,1.3907,0.75869,0.41385
1.0198,0.25302,0.8139,0.94993,0.7572,1.2174,0.96114,0.53332
1.3565,0.18359,0.74533,1.3928,0.42718,1.2059,1.2615,0.29312
1.1704,0.027548,1.1739,1.0578,0.30541,1.4796,1.1197,0.25786
1.0335,-0.18756,0.67664,0.97722,0.5734,0.96505,0.97755,0.46727
1.0083,0.13934,0.718,1.0065,0.65551,1.1587,0.9728,0.46052
1.0698,-0.065133,0.76052,1.0362,0.72922,1.5123,0.77007,0.57183
1.174,-0.040641,0.85059,0.93422,0.13135,1.0664,0.80809,0.26798
0.94012,0.15556,0.86447,1.0245,0.44577,1.1474,1.194,0.35076
0.88499,0.13815,0.57445,1.3662,0.27706,1.2293,0.99473,0.47253
0.9217,0.10239,0.47712,1.0029,0.14589,1.5852,1.0693,0.6895
1.0876,0.33057,0.54903,0.89813,0.34518,1.3948,1.0425,0.21246
0.91,0.13369,1.1058,0.9285,0.54714,1.1923,1.1026,0.22625
1.2992,0.25352,0.37474,0.87498,0.60243,0.75946,0.5519,0.39193
1.0939,-0.032662,0.67029,1.0717,0.63429,1.3043,0.63061,0.34145
0.89169,0.20327,0.51788,1.2483,0.44587,1.2284,0.93082,0.85474
0.89583,0.13276,1.0716,0.98654,0.47027,1.1239,0.76195,0.57791
0.9191,0.085452,0.71668,1.1075,0.3753,0.9909,1.0232,0.18768
1.0381,0.014086,0.9323,1.4292,0.50851,1.2137,0.85704,0.42554
0.54424,0.2097,0.76371,1.3095,0.72499,0.91061,0.76829,0.49255
0.73797,0.16116,0.70927,1.2984,0.23669,1.3416,0.8767,0.71665
1.031,0.016655,0.83591,0.83175,0.82369,1.1071,0.98102,0.22473
1.2052,0.11873,0.90759,1.3645,0.52632,1.2558,1.0091,0.36721
1.0409,0.14651,0.68886,0.79314,0.72877,0.68976,0.91543,0.45675
1.0971,0.19307,0.60502,1.1336,0.51145,0.94089,0.82189,0.45213
0.94026,0.16199,0.66477,1.1701,0.38012,1.2088,0.75348,0.46233
1.0621,0.28601,0.88075,1.2132,0.69036,1.3812,0.95617,0.53356
1.0541,0.36871,0.70387,1.3206,0.48262,1.3132,0.99309,0.20698
1.0103,-0.056346,1.0767,1.0296,0.29827,0.97456,0.84742,0.30368
1.0736,0.37831,0.96902,1.0274,0.31978,1.2247,0.99957,0.37115
0.91552,-0.0035458,0.69829,1.1721,0.66649,1.5564,0.97238,0.54672
1.3081,-0.004707,0.68372,1.2039,0.54576,1.0166,1.0051,0.55772
0.8902,-0.14893,0.39503,0.63982,0.35121,1.1239,0.90864,0.49369
1.1889,0.0091369,0.66404,1.2719,0.50257,1.5529,0.62036,0.19317
1.1674,-0.029703,0.84818,1.0205,0.71373,1.3035,0.80184,0.55027
1.1183,0.4065,0.91483,0.95125,0.3343,1.5076,0.83319,0.38859
1.1876,0.13179,0.61155,1.2581,0.94856,1.0438,0.5644,0.28193
0.87667,0.026056,0.97384,1.353,0.30452,1.3304,0.84139,0.094306
1.083,0.093743,0.56593,1.1908,0.48216,0.78581,0.96917,0.52205
1.2867,0.15589,0.55364,0.93098,0.58104,1.0742,1.0229,0.029552
1.235,0.17055,0.56855,1.3597,0.6564,1.1315,0.48469,0.077083
0.83895,-0.18624,0.71751,1.154,0.84727,1.4151,0.75036,0.56373
1.0875,-0.19333,0.9498,1.0189,0.6248,1.1285,0.88072,0.17106
1.1474,0.083533,0.84273,1.0565,0.37535,1.5202,0.41005,0.45899
1.12,0.061282,0.96834,0.9224,0.21888,1.3513,1.0084,0.35378
1.2155,0.032833,0.77663,1.3224,0.43803,1.2152,1.1041,0.4722
1.1532,0.13365,0.74497,1.1658,0.44385,1.16,0.44482,0.49917
1.244,-0.28894,1.0992,1.0796,0.52328,1.3255,0.52428,0.14542
1.058,0.38835,0.57831,1.0424,0.69601,1.1073,0.77547,0.39211
1.0693,0.36827,0.75928,1.1306,0.61967,1.1056,0.64635,0.42316
0.91884,0.3666,0.62179,1.2588,0.43317,0.80861,0.78313,0.23314
1.0658,0.20205,0.85505,1.234,0.5811,1.0904,0.59014,0.68301
1.0183,-0.0092236,0.70022,1.3319,0.65097,1.0887,0.61221,0.28862
1.0315,-0.0822,1.064,1.1467,0.34551,1.0741,0.59533,0.33972
1.2717,-0.069659,0.88446,1.431,0.40247,1.1545,0.78518,0.47644
0.92633,0.35455,0.96077,1.2208,0.48005,1.1962,0.98507,0.45164
1.2114,0.11426,0.82567,1.1539,0.71747,1.4725,0.54361,0.19989
0.83459,0.30311,0.85072,1.2274,0.48384,0.71403,0.31175,0.14896
1.0932,0.14492,0.63466,1.2111,0.3049,0.92252,0.93172,0.42967
1.2895,0.30772,0.7833,1.02,0.56441,1.2663,1.0338,0.36481
1.0843,0.11557,1.0657,0.96175,0.57717,1.3751,0.8472,0.10986
1.0164,0.11738,0.79755,1.1176,0.64292,1.2838,0.84734,0.16318
0.8013,0.073342,0.87124,0.93065,0.75575,1.1352,0.60059,0.43843
1.0489,0.37526,0.85916,1.1899,0.8106,1.03,0.94103,0.42391
1.0823,0.13532,0.71504,1.0699,0.22235,1.3395,0.6056,0.035162
0.81344,0.14036,0.32043,1.1913,0.70883,1.0905,0.69931,0.24838
0.77611,0.4053,0.61826,0.97117,0.60021,1.1388,0.54974,-0.014845
1.0646,-0.081322,0.58593,1.4162,0.88154,1.329,0.95027,0.23854
1.062,0.0078242,0.74832,1.5283,0.83543,0.88576,0.77311,0.16527
1.1,0.16374,0.96098,1.2423,0.49224,1.0048,0.89142,0.12756
1.138,-0.22653,0.9626,1.4066,0.8735,0.88428,0.59791,0.04533
1.3998,-0.057903,0.72427,0.8386,0.72971,1.1577,0.56339,0.39929
0.89717,0.24513,0.58558,1.019,0.40143,1.3193,1.0325,0.27684
0.80277,0.20108,0.75397,1.1604,0.61835,1.3441,1.1468,-0.18084
1.1054,-0.013337,0.89951,1.1603,1.0185,0.73031,0.82693,-0.091291
0.93376,0.15401,0.56073,1.2396,0.73665,1.1843,0.67585,-0.04547
0.9442,-0.16476,0.87283,1.212,0.4882,1.1318,0.54159,0.028045
1.1689,-0.037053,0.39687,0.99698,0.95331,0.86764,0.90216,0.38916
1.0463,0.24351,0.51428,1.564,0.53684,1.04,0.70346,0.078029
0.87681,0.031606,0.91934,1.0814,0.46506,1.1462,0.7639,0.37473
1.3746,-0.063657,0.90062,1.3637,0.5445,1.1664,0.63116,0.30716
0.81841,0.4553,0.66654,1.6394,0.41892,0.97564,0.75373,0.12935
1.0963,0.2226,0.61902,1.1682,0.57718,1.1536,0.5423,0.088609
1.0779,-0.01112,0.78784,1.3493,0.55039,0.70523,0.81623,0.25387
1.0003,-0.075333,0.43699,1.0458,0.86388,0.94813,0.73048,0.40304
1.2477,0.15985,0.48606,1.3743,0.81935,0.77187,0.4727,0.092166
0.88009,-0.032031,0.3672,1.356,0.69088,1.1714,1.0357,0.53758
0.94066,0.24712,0.87633,0.85486,0.62169,1.2118,0.53663,0.055225
1.3907,0.24904,0.6685,1.4692,0.81441,1.4988,0.61016,0.079586
1.0146,0.25737,0.71254,1.3667,0.86374,1.2705,0.38678,0.054908
1.2487,0.37066,0.6066,1.1673,0.87725,1.3997,0.88631,0.20836
1.0644,0.20543,0.39558,1.285,0.47737,0.92646,0.92336,0.082494
1.1589,0.11328,0.76581,1.2244,0.69077,1.2448,0.76191,0.067757
1.1733,0.31613,0.55912,1.3026,0.94406,1.0452,0.72114,0.3683
1.1447,-0.054878,0.74688,1.3541,0.68077,0.99595,0.77952,0.21516
1.1377,-0.02242,0.57753,1.2982,0.64607,0.80702,0.48224,0.14564
1.1354,0.30296,0.79031,1.2417,0.53209,0.99286,0.71444,-0.22908
1.129,-0.062695,0.57376,1.1548,0.5601,0.90609,0.60136,0.061492
1.172,0.27527,0.54268,1.3118,0.45644,1.2593,0.83617,-0.051531
0.63637,0.051789,0.81191,1.5274,0.99841,0.88736,0.70343,0.043125
1.2751,0.11845,0.53969,1.3431,0.80099,0.75879,0.56675,-0.06866
0.89265,0.15154,0.48255,1.2353,0.89428,0.70166,0.80598,0.27193
1.2967,0.21489,0.59301,1.2598,0.98621,1.0181,0.47198,-0.044298
1.0585,0.12472,0.47555,0.94315,0.7812,0.91478,0.90663,-0.07649
1.0036,0.37396,0.57386,1.3315,0.71627,0.78597,0.69937,-0.068496
1.537,0.46831,0.76814,1.2484,0.68504,1.3643,0.46301,0.12407
1.0146,0.23075,0.61042,1.3969,0.77511,1.036,0.98135,-0.03962
1.2011,-0.0049051,0.56922,1.181,0.97582,1.0688,0.88777,0.13558
0.8332,0.29385,0.41724,1.1893,0.48841,1.1709,0.59763,0.12921
0.91469,0.070974,0.47882,1.1423,0.78416,1.2329,0.88453,0.31318
0.8025,0.1144,0.6666,1.2294,0.50159,1.3176,0.75606,-0.15948
1.1656,0.1159,0.43696,1.0631,0.93292,0.99424,0.91061,0.10569
1.1564,-0.23443,0.554,1.4233,0.86667,1.0825,0.84876,0.2035
1.2899,0.28573,0.57198,1.1481,0.90789,1.2461,0.25964,0.097569
1.0293,-0.11322,0.59722,1.3418,0.67886,1.0201,0.50543,-0.18869
0.88104,0.12047,0.41811,1.2524,0.67002,0.80889,0.41692,0.32254
0.94769,0.20113,0.65705,1.1009,1.1283,0.58547,0.75002,-0.15739
0.97696,-0.10905,0.44687,1.3007,0.75363,1.2821,0.4252,-0.17925
1.0335,0.0065518,0.51044,1.5032,1.0373,1.0938,0.65044,-0.15732
0.97406,0.051267,0.28672,1.6615,0.72304,0.79072,0.81849,-0.1735
1.0613,-0.021398,0.48894,1.2276,0.63597,0.95988,0.75103,-0.048131
1.1481,0.12312,0.25525,1.5895,0.66569,1.1509,0.78578,0.016556
1.3473,0.38376,0.49585,0.9814,1.0391,0.97657,0.74306,-0.068541
1.0703,0.25715,0.79996,1.4652,0.83305,0.97464,0.9064,-0.046234
0.73504,0.39615,0.54763,1.2728,0.78604,1.2289,0.73724,-0.15058
1.7272,0.37305,0.33185,1.2777,0.73463,1.103,0.72165,-0.00096525
1.4717,0.23114,0.6655,1.1945,0.7628,1.1361,0.24809,-0.16865
1.2223,0.089611,0.69137,1.3825,0.75525,1.4034,0.45336,-0.46046
0.91326,0.12486,0.45884,1.4161,0.67574,1.1418,0.7293,-0.24143
1.2088,0.26212,0.75485,1.1118,0.59972,0.92326,0.87108,0.050447
1.3312,0.15467,0.57036,1.3614,0.39492,1.2209,0.80937,-0.21608
1.3604,0.306,0.36089,1.5758,0.68243,0.90574,0.59402,0.11836
1.3925,0.30372,0.28617,1.4237,0.92342,1.0396,0.35208,-0.19405
1.0156,0.34673,0.55838,1.5082,0.85134,1.0657,0.7015,-0.068427
1.0737,0.11073,0.57911,1.6326,0.65335,1.0644,0.76503,-0.056366
1.1049,0.0913,0.27413,1.5377,0.28315,0.71959,0.82079,-0.16867
1.377,0.071568,0.61432,1.5506,0.74099,1.2444,0.64907,-0.2046
1.0693,0.21153,0.39822,1.3365,0.59897,0.80753,0.53032,-0.26265
1.2261,0.40402,0.63892,1.5458,0.87601,1.1594,0.49876,-0.48442
1.1634,-0.11199,0.5443,1.3083,0.48647,1.0358,0.36061,-0.097912
1.1263,0.3709,0.15156,1.2195,0.7179,1.0915,0.45243,-0.032212
0.90246,0.25408,0.69319,1.1463,0.547,0.89905,0.86939,-0.21693
1.2373,0.23703,0.18878,1.447,0.54867,0.88424,0.88111,0.086645
1.3176,0.28015,0.71325,1.7091,0.96508,1.0021,0.66646,-0.36672
1.1304,0.19007,0.36079,1.2842,0.8765,1.0175,0.57137,-0.060303
1.0732,0.28736,0.56003,1.2822,1.0043,1.0114,0.55223,-0.21819
1.3186,0.016725,0.46246,1.6026,0.54379,0.95506,0.86916,-0.21781
1.4506,-0.19028,0.27161,1.6024,0.84506,1.426,0.57469,-0.17652
0.94259,0.25643,0.32157,1.3258,0.85604,1.299,0.41284,-0.21178
1.4147,-0.099165,0.37205,1.4334,0.67901,0.99704,0.76232,-0.40416
1.2768,0.24175,0.36094,1.6249,0.69601,0.83924,0.6317,-0.50432
1.2481,0.20075,0.18924,1.2772,1.0407,0.87872,0.91135,-0.19998
1.4039,0.014773,0.41423,1.7569,0.58054,0.93728,0.47418,-0.26028
1.2878,0.13602,0.32563,1.3683,0.65559,1.3647,0.61498,-0.13461
1.5521,0.49748,0.16151,1.4554,1.0498,1.4049,0.63268,-0.37523
1.0078,0.37201,0.50867,1.5488,0.53949,1.049,0.50191,-0.21737
1.5949,0.37116,0.59467,1.5824,1.1224,0.72475,0.7105,-0.27955
0.88072,0.23427,0.29065,1.2412,0.52423,1.1902,0.76745,0.17831
1.0072,0.664,0.40033,1.4771,0.74322,1.0809,0.83437,-0.30213
1.357,0.35258,0.19304,1.0576,0.59217,1.33,0.52526,-0.54782
1.2714,0.053726,0.44061,1.3397,0.88721,1.0546,0.49881,-0.19348
1.3254,0.59147,0.2335,1.2517,0.74437,0.96841,0.52756,-0.59993
1.1864,0.19254,0.51887,1.6966,0.98495,0.83619,0.58612,-0.42453
1.3765,0.12614,0.41999,1.4509,0.74601,1.0825,0.65886,-0.47588
1.2486,0.36688,0.81002,1.1519,0.92702,1.0232,0.54399,-0.15251
1.0981,0.30471,0.28739,1.3096,0.78262,1.1542,0.34145,-0.34523
1.4971,0.1429,0.12676,1.2706,0.65104,0.85077,0.61885,-0.31254
0.98016,0.41683,-0.00023435,1.5201,0.62003,1.2904,0.43866,-0.25936
1.1807,0.41562,0.25886,1.4436,0.77266,1.1355,0.44555,-0.1911
1.5588,0.41904,0.18911,1.4872,0.99255,1.057,0.59552,-0.19098
1.2406,0.07592,0.45873,1.0729,0.96759,0.9009,0.60118,-0.35023
1.482,0.068471,0.41068,1.5386,1.0585,0.78783,0.84681,-0.30932
1.1103,0.55573,0.48535,1.2739,0.92501,1.1635,0.47454,-0.34688
1.4394,0.3297,0.32723,1.7882,1.0243,0.99046,0.68835,-0.19867
1.3895,0.25591,0.28224,1.21,0.9423,0.81119,0.43713,-0.33275
1.6004,0.36017,0.24413,1.2343,0.66256,1.0811,0.4037,-0.15069
1.4869,0.083227,0.37571,1.4386,0.61368,1.0118,0.74088,0.00028608
1.3889,0.54922,0.29059,1.4464,1.0534,1.1012,0.50612,-0.29218
1.1709,0.31182,0.15965,1.4236,0.48274,0.95989,0.2166,-0.11612
1.3346,0.32455,0.3189,1.4845,0.95458,1.1432,0.66173,-0.38966
1.3669,0.30272,0.27309,1.6017,0.6213,1.0559,0.48531,-0.44621
1.4556,0.29832,0.25847,1.5844,0.97485,0.68584,0.32071,-0.358
1.5721,0.51718,0.082376,1.5328,0.76833,1.2826,0.53232,-0.43273
1.3433,0.41378,0.25236,1.7599,0.38688,0.9849,0.58536,-0.17174
1.3442,0.32939,0.59416,1.366,0.46905,0.65897,0.60002,-0.36308
1.5152,0.38048,0.49507,1.399,0.62821,1.1126,0.50322,0.10045
1.4078,0.20942,0.428,1.4055,0.74803,1.1213,0.44738,-0.48189
1.4289,0.21261,0.11094,1.3729,0.58202,0.99669,0.46452,-0.33023
1.1188,0.34976,0.56176,1.5397,1.0596,1.0761,0.42652,-0.55138
1.3949,0.56063,0.39317,1.5331,0.83038,0.96248,0.56482,-0.39652
1.4467,0.33803,0.1422,1.3775,0.81188,0.9817,0.37299,-0.53176
1.3251,0.28103,0.3215,1.2602,0.96349,0.79839,0.8432,-0.46376
1.2548,0.033197,0.25216,1.6057,0.90259,0.80938,0.71299,-0.73162
0.99247,0.21223,0.19273,1.5688,0.74699,1.0368,0.40227,-0.33385
1.4475,0.61279,0.20194,1.603,0.68384,0.99324,0.4516,-0.096641
1.3383,0.81868,0.39431,1.735,0.63428,0.87402,0.80986,-0.46831
1.2222,0.24687,0.53958,1.805,1.0032,0.8389,0.99937,-0.55916
1.5604,0.61425,0.44383,1.5039,0.7541,0.94706,0.3438,-0.32259
1.2113,0.35306,0.69762,1.4833,0.71891,0.81621,0.57614,-0.70824
1.5842,-0.048302,0.28971,1.2682,0.63651,0.66812,0.5455,-0.3077
1.6562,0.3862,0.39401,1.3452,0.83626,0.78676,0.53521,-0.57923
1.2506,0.31356,0.49434,1.6803,0.679,1.2566,0.57521,-0.46871
1.4658,0.31623,0.043271,1.5313,0.87685,0.92967,0.82028,-0.72831
1.7255,0.33332,0.10737,1.1758,0.55655,0.83299,0.68306,-0.20738
1.3629,0.32568,0.23663,1.7697,0.86077,1.0193,0.5448,-0.61611
1.3647,0.43117,0.0016097,1.7378,0.6065,0.70871,0.67028,-0.1473
1.4123,0.59987,0.11016,1.6263,0.59827,1.0682,0.56782,-0.94996
1.5762,0.38441,0.15986,1.3683,0.53152,1.3842,1.1256,-0.63295
1.35,0.19091,0.18229,1.6481,0.72054,0.85656,0.61985,-0.77878
1.6084,0.36096,-0.051861,1.2592,0.85013,1.1573,0.88877,-0.31463
1.3438,0.46924,0.12025,1.5231,0.69263,0.93678,0.52215,-0.37401
1.5158,0.4133,0.16395,1.4087,1.0326,0.91066,0.4571,-0.36272
1.2616,0.47356,0.35942,1.6503,0.51488,0.70039,0.27394,-0.48009
1.5714,0.17077,0.34302,1.3768,0.83706,1.0014,0.14665,-0.54389
1.2829,0.33598,0.11825,1.5356,0.67972,0.64035,0.41635,-0.23107
1.5031,0.40095,0.31017,1.2561,0.9716,0.59347,0.18214,-0.65541
1.2496,0.57947,0.28992,1.369,0.47171,0.91631,0.47807,-0.48121
1.3107,0.65591,0.11338,1.8074,0.94295,0.7548,0.39234,-0.67146
1.5996,0.24988,-0.00089761,1.6182,0.43794,0.87167,0.65462,-0.61925
1.1974,0.44627,-0.016678,1.3879,0.81539,0.72717,0.24138,-0.51442
1.61,0.4355,0.10831,1.2078,0.78973,1.0047,0.49243,-0.51393
1.294,0.28386,0.13022,1.2778,0.67532,0.90561,0.49509,-0.52367
1.6085,0.29073,-0.19786,1.2809,0.81358,0.97001,0.66177,-0.66994
1.4097,0.18603,0.1514,1.4482,0.49001,0.39869,0.79846,-0.5078
1.4376,0.49057,-0.090384,1.4339,0.82539,0.64484,0.26133,-0.71439
1.3546,0.7375,0.20106,1.5135,0.89497,0.9205,0.66048,-0.34032
1.5243,0.56859,-0.12624,1.2146,0.80213,0.91791,0.75996,-0.61665
1.4579,0.057148,-0.041645,1.4538,0.33164,0.74675,0.73868,-0.55323
1.8316,0.60917,0.22734,1.4008,0.53042,0.93564,0.69262,-0.42858
1.6696,0.24041,-0.087842,1.4077,0.92676,1.1029,0.81574,-0.50187
1.342,0.47509,0.13079,1.4557,0.55165,0.95122,0.54737,-0.50459
1.6508,0.54249,0.018992,1.625,0.65298,1.1138,0.046269,-0.74291
1.2288,0.44524,0.064185,1.6686,0.78469,0.91904,0.93215,-0.58153
1.4035,0.53283,-0.11532,1.655,0.94962,1.1131,0.40464,-0.6376
1.2494,0.39529,0.13651,1.55,0.42907,0.80472,0.57172,-0.67032
1.6552,0.43979,0.010992,1.5515,0.51321,0.99256,0.52254,-0.60243
1.6326,0.65878,0.039773,1.6319,0.8973,1.0572,0.6354,-0.92519
1.6249,0.40122,-0.068424,1.6012,0.72928,0.51466,0.46987,-0.51743
1.7313,0.62343,-0.0042558,1.8833,0.59947,0.88215,0.77785,-0.88878
1.2624,0.18543,0.068944,1.551,0.86195,0.64325,0.48144,-0.39996
1.5987,0.35731,-0.089282,1.5496,0.86216,0.72025,0.54925,-0.25995
1.6507,0.73516,-0.075526,1.7874,0.5924,0.62685,0.51003,-0.52113
1.3168,0.34663,0.086679,1.6655,0.3901,0.95082,0.67404,-0.75476
1.5654,0.67308,-0.25017,1.722,0.89622,0.69423,0.36038,-0.9535
1.3858,0.59523,-0.076528,1.7187,0.73231,0.42036,0.34452,-0.65256
1.8408,0.54646,-0.30438,1.626,0.62727,0.51692,0.82806,-0.47135
1.7191,0.10536,0.083888,1.2924,0.87699,0.97362,0.39705,-0.8025
1.8572,0.62621,-0.1537,1.3908,0.4371,0.66585,0.97775,-0.71776
1.8082,0.47625,-0.023579,1.5714,0.59833,0.63555,0.73014,-0.77669
1.3961,0.40132,0.038501,1.5199,0.68627,0.65371,0.23653,-0.60599
1.7921,0.57447,0.043339,1.5022,0.494,0.69802,0.44321,-0.31055
1.5923,0.56747,-0.079176,1.6194,0.48821,0.83276,0.43281,-0.42703
1.4607,0.35874,-0.062125,1.4394,0.37461,0.90899,0.68744,-0.51227
1.371,0.59622,-0.057325,1.3534,0.69332,0.73742,0.41513,-0.68938
1.6423,0.63098,0.008126,1.7716,0.1629,0.58366,0.36538,-0.72151
1.6624,0.64536,0.13819,1.2737,0.69317,0.85262,0.70502,-0.84261
1.2841,0.60869,0.022039,1.6866,0.51473,0.79386,0.4784,-0.74571
1.6534,0.7684,0.0092632,1.4252,0.38624,0.85644,0.53646,-0.95812
1.6383,0.37922,-0.39556,1.4515,0.34002,0.98051,0.45614,-0.60979
1.6387,0.56448,0.11496,1.9152,0.56783,0.76919,0.52313,-0.97245
1.729,0.64726,0.20741,1.4569,0.69938,0.84744,0.77888,-0.67313
1.5956,0.099182,0.24203,2.0268,0.69303,0.62953,0.59748,-0.78269
1.5662,0.93026,-0.041425,1.5588,0.5982,0.56513,0.54179,-0.36072
1.4853,0.65558,-0.032274,1.5727,0.80994,0.87716,0.83782,-0.46278
1.0526,0.52775,-0.28774,1.3709,0.7055,0.57786,0.47355,-0.66023
1.3842,0.53915,-0.10084,1.6191,0.46114,0.87862,0.55298,-0.27851
1.5603,0.51998,0.15783,1.7014,0.41303,0.55238,0.48794,-0.48286
1.5159,0.57666,-0.27672,1.4237,0.65099,0.56962,0.7921,-0.45623
1.2189,0.48728,-0.18516,1.0876,0.53414,0.52047,0.62479,-0.76579
1.6199,0.83628,-0.10321,1.404,0.38039,0.61714,0.5619,-0.31186
1.7334,0.50927,-0.16111,1.8174,0.67284,0.56779,0.57023,-0.83421
1.7011,1.035,0.017959,1.5631,0.53522,0.28009,0.5168,-0.79421
1.6168,0.80414,-0.50742,1.5453,0.43439,0.37777,0.40259,-0.5505
1.4384,0.91848,-0.21654,1.26,0.53401,0.80663,0.52273,-0.87506
1.8743,0.68444,-0.033617,1.6386,0.37608,0.93978,0.14991,-0.82746
1.4371,0.47545,0.013572,1.3201,0.458,0.63189,0.80728,-0.81834
1.7675,0.46927,-0.10329,1.4595,0.50357,0.56551,0.48173,-0.69454
1.6158,0.53002,0.05238,1.2989,0.48852,0.64605,0.80839,-0.7641
1.7317,0.47232,-0.43553,1.2651,0.21568,0.45969,0.79832,-0.85888
1.6857,0.37895,-0.30789,1.4231,0.71281,0.71225,0.54498,-0.7224
1.6241,0.74985,-0.048104,1.5655,0.57317,0.59876,0.7882,-0.78016
1.3263,0.63035,-0.26834,1.8568,0.6482,0.50785,0.72288,-0.41088
1.5964,0.42434,-0.036812,1.4099,0.70147,0.55211,0.8601,-0.74249
1.3321,0.63207,-0.037611,1.4174,0.5699,0.89241,0.53531,-0.55735
1.9051,0.64367,-0.070298,1.7745,0.54283,0.69576,0.92559,-0.66356
1.6983,0.69344,0.037176,1.7625,0.64438,0.78716,0.41055,-0.82248
1.6257,0.76031,-0.39264,1.683,0.41457,0.86717,1.0026,-0.69088
1.5926,0.73961,-0.12862,1.6189,0.50583,0.68592,0.62068,-0.87681
1.5571,0.2732,-0.27877,1.408,0.31644,0.67154,0.89703,-0.84598
1.5325,0.67967,-0.47307,1.7781,0.42406,0.47562,1.0067,-0.46858
1.7608,0.96281,-0.46482,1.2915,0.57595,0.60945,0.62408,-0.62863
1.383,0.65548,0.25201,1.5067,0.62884,0.54117,0.55357,-0.75516
1.4507,0.74311,-0.16184,1.2641,0.69484,0.49948,0.5101,-0.98942
1.7086,0.87126,-0.20922,1.3925,0.13807,0.2443,0.9404,-0.51954
1.8084,0.44502,-0.30645,1.6268,0.51755,0.21868,0.43448,-0.80589
1.4313,0.60062,-0.11276,1.4789,0.70132,0.95308,0.62156,-0.55441
1.5256,0.84128,-0.27417,1.7051,0.45113,0.093464,0.77847,-0.46515
1.7343,0.78673,-0.19869,1.5881,0.63521,0.27493,0.8144,-0.48619
1.6243,0.67822,-0.25136,1.5008,0.53149,1.0345,0.51585,-0.96705
1.7985,0.82884,-0.19913,1.2579,0.23949,0.78034,0.56927,-0.90944
1.7156,0.70193,-0.26305,1.5845,0.29736,0.44352,0.61819,-0.94663
1.3539,0.8017,-0.047639,1.6217,0.28975,0.43485,0.41417,-0.71867
1.778,0.67068,-0.24862,1.5381,0.24798,0.38961,0.93106,-0.66376
1.414,0.52472,-0.33165,1.3513,0.29781,0.33473,0.55105,-0.69327
1.6605,0.69861,-0.20752,1.6707,0.39313,0.34485,0.85409,-0.61333
1.2949,0.54755,-0.14088,1.3734,0.37605,0.45594,0.8313,-0.89499
1.5412,0.63344,-0.42207,1.3819,0.46767,0.62833,0.74915,-0.75478
1.8533,0.73399,-0.39682,1.3629,0.10075,0.093501,0.89627,-0.40262
1.6657,0.66987,-0.60833,1.4016,0.87685,0.63679,0.73195,-0.78065
1.8029,0.34374,-0.13415,1.3709,0.3237,0.5511,0.42596,-0.72472
1.573,0.85818,-0.28804,1.5132,0.2695,0.5607,0.63858,-0.77471
1.8632,0.72338,-0.41374,1.6205,0.34001,0.31828,0.76451,-0.5776
1.7908,0.63174,-0.27428,1.3926,0.83447,0.37775,0.62584,-1.0074
1.6855,0.8891,-0.32663,1.3759,0.49962,0.45406,0.8161,-0.73101
1.6926,0.99623,-0.36887,1.0052,0.18168,0.5281,1.1992,-0.72995
1.8238,0.63985,-0.47233,1.4153,0.27377,0.48803,1.2035,-0.67069
1.6023,0.96272,-0.36246,1.4434,0.20974,0.53371,0.82145,-0.68792
1.646,0.55184,-0.4653,1.5764,0.49333,0.20662,0.89567,-0.88048
1.831,0.58572,-0.40184,1.6143,0.3788,0.12854,0.81142,-0.72595
1.9471,0.72208,-0.04759,1.7012,0.46311,0.35189,0.51449,-0.45718
1.6509,0.8959,-0.39903,1.4388,0.26767,0.59013,0.83918,-0.80144
1.5065,0.73793,-0.25258,1.1899,0.44171,0.36331,0.52357,-0.83825
1.562,0.67618,-0.38503,1.4063,0.68732,0.35369,0.82116,-0.7987
1.3662,0.61332,-0.1489,1.6446,0.21181,0.22783,0.58176,-0.83282
1.5381,1.0461,-0.19734,1.3873,0.52868,0.37868,1.1585,-1.0535
1.5424,1.0151,-0.35764,1.4143,-0.10426,0.32911,0.94963,-0.69057
1.6266,0.59296,-0.71795,1.6295,0.19241,0.4311,0.91834,-0.56906
1.9998,0.88332,-0.55919,1.5757,0.59294,0.17081,0.64217,-0.59765
1.4375,0.84149,-0.37198,1.6098,0.1106,0.39499,0.83814,-0.80601
1.7783,0.77402,-0.46746,1.1142,0.40629,0.55379,0.55241,-0.86609
1.5894,0.94232,-0.22448,1.1823,0.38394,0.42858,0.72862,-0.26547
1.7724,0.8925,-0.6046,1.5765,-0.0027488,-0.088856,0.67369,-0.961
1.7003,0.91789,-0.3294,1.6192,0.51265,0.3334,0.8203,-0.58292
1.6992,0.9538,-0.32566,1.4946,0.0072472,0.58641,0.80482,-0.41758
1.9483,0.74848,-0.30429,1.36,0.20997,0.29727,0.43901,-0.58878
1.5901,0.83057,-0.31959,1.2103,0.39602,0.4235,1.1313,-0.6077
1.6811,0.55442,-0.53681,1.4721,0.45739,0.38048,0.75089,-0.67508
1.5698,0.80251,-0.78003,1.3134,0.29906,0.50589,0.56073,-0.24934
1.8499,0.66591,-0.78141,1.1247,0.24569,0.1843,1.1696,-1.0068
1.6677,0.51979,-0.64972,1.3869,0.23813,0.33052,0.89401,-0.70839
1.9624,0.66122,-0.73848,1.0666,0.53271,0.66255,0.67099,-0.91667
1.9757,0.80588,-0.60072,1.3943,0.29498,0.25287,1.0021,-0.81027
1.6381,0.6097,-0.55654,1.2725,0.41195,0.29804,1.0007,-0.83528
1.8138,0.81897,-0.6864,1.6144,0.19674,0.61177,0.8114,-1.2115
1.8955,0.70908,-0.80613,1.2087,0.53855,0.40681,0.90816,-0.82571
1.7781,0.97937,-0.31845,1.1897,0.053907,0.65576,0.82469,-0.35037
1.6342,0.78366,-0.63187,1.0855,0.70957,0.25986,0.90381,-0.87956
1.6884,0.71541,-0.78283,1.202,0.44808,0.23185,0.93058,-0.66136
1.6682,0.84231,-0.58067,1.6353,0.43785,0.54058,0.95944,-0.68494
1.5483,0.9175,-0.63885,1.3047,0.49175,0.20034,1.2292,-0.74459
1.7342,0.58737,-0.56442,1.4521,0.508,0.34826,0.96545,-0.5006
1.6689,0.58867,-0.51511,1.3912,0.078834,0.2681,0.82842,-0.65073
1.6768,0.93297,-0.69308,1.1508,0.1008,0.2022,1.3231,-0.69112
1.5892,1.2194,-0.56774,1.4552,0.28669,-0.061814,0.79217,-0.62649
1.818,0.86388,-0.31555,1.1811,0.22364,0.54333,1.2252,-0.73379
1.6914,0.77666,-0.39406,1.4347,0.41494,0.31597,0.93466,-0.61549
1.6848,1.1506,-0.72429,1.1568,0.064687,0.34394,0.78724,-0.86088
1.5168,0.78644,-0.76248,1.5815,0.21123,0.41917,0.99223,-0.56242
2.0019,0.84836,-0.40437,1.1184,0.021887,0.4059,0.74356,-0.54227
1.5143,0.99992,-0.51347,1.3752,0.31158,0.52032,0.85549,-0.82155
1.6686,0.63262,-0.25877,1.1476,0.21135,0.31031,1.0137,-0.90331
1.7086,0.59225,-0.82212,1.4521,0.22841,-0.025926,0.97057,-0.8118
1.92,0.76468,-0.51513,1.3972,0.45295,-0.059032,0.89505,-0.69194
1.8588,0.89329,-0.67003,1.0714,0.26553,0.34196,1.2028,-1.0788
1.8492,0.39622,-0.64253,1.6008,0.59129,0.30375,0.95892,-0.71461
1.7654,0.86773,-0.59899,1.1417,0.28933,0.20176,0.79612,-0.75403
1.5497,1.0137,-0.67833,1.4786,0.42851,0.26381,1.1003,-0.95985
2.0083,0.91577,-0.34888,1.0537,0.24526,0.32502,1.2107,-0.66669
1.6915,1.052,-0.39013,0.95339,0.59755,0.0349,0.85757,-0.67013
1.8675,1.101,-0.10914,1.1413,0.38517,0.20121,0.82319,-0.39638
1.8558,0.64091,-0.60045,1.3763,-0.17603,0.12359,0.75676,-0.92152
1.6817,0.72219,-0.28683,1.4187,0.1551,0.002944,0.69113,-0.49386
1.3416,0.9282,-0.43665,1.2189,0.24845,0.22324,1.0115,-0.52716
1.714,0.70284,-0.21419,1.2101,0.32915,0.35131,0.98006,-0.6109
1.821,0.84871,-0.5712,0.94149,0.24594,0.3346,1.0298,-0.5846
1.9273,1.1284,-0.70585,1.5821,0.13952,0.12142,0.79832,-0.15982
1.4831,0.69259,-0.27732,1.364,0.20891,0.11031,1.0142,-0.44444
1.6742,0.94087,-0.6137,1.113,0.058236,0.34336,1.2524,-0.65492
1.7287,1.3436,-0.96632,0.93288,0.33086,0.10343,1.0328,-0.51238
1.6428,0.7594,-0.41844,1.1171,-0.21036,0.4298,0.87035,-0.85922
1.6638,0.84448,-0.71406,1.3173,0.2415,0.0036837,0.89246,-0.84081
1.5952,0.87429,-0.44177,1.1981,0.29228,0.018737,0.90316,-0.95908
2.0889,1.004,-0.46771,1.4643,0.27022,0.33736,1.2358,-0.5548
1.6999,0.80636,-0.637,1.3812,0.34529,0.31841,1.0323,-0.72571
1.3734,0.93786,-0.83106,1.159,0.24271,0.29549,1.2069,-0.80513
2.0876,0.91302,-0.74679,1.2622,0.30334,0.13105,1.1338,-0.93045
1.3041,0.89646,-0.67265,1.3799,0.32045,0.45783,1.1096,-0.79761
1.4724,1.1278,-0.39167,0.89392,0.034571,-0.12916,1.1672,-0.64841
1.3479,1.0741,-0.63075,1.1752,0.27996,0.29326,0.57398,-0.4506
1.7279,0.99258,-0.51395,1.3131,0.38967,0.33323,0.75904,-0.63911
1.6859,0.92974,-0.78595,0.96502,0.32264,0.10977,0.81166,-0.59659
1.4289,0.94886,-0.48839,1.2733,0.16685,0.10456,0.97028,-0.92298
1.4137,0.77249,-0.82944,0.88414,0.034287,0.50192,1.1539,-0.44484
1.6546,0.94587,-0.93123,0.82973,0.10457,0.018943,0.85109,-0.70756
1.1914,0.86214,-0.66071,0.77684,0.31001,-0.18434,1.1191,-0.42159
1.5861,0.66529,-0.77171,1.1239,0.31555,0.25235,1.1004,-0.84402
1.8872,0.92389,-0.80051,1.2239,-0.0015401,-0.040108,0.78131,-0.67912
1.5861,0.94165,-0.82234,1.096,0.22512,0.37672,1.2402,-0.66956
1.8174,1.099,-0.75763,1.111,0.17314,0.17765,1.1664,-0.87529
1.5149,1.2369,-0.62961,1.0568,0.22965,0.076069,1.1396,-0.55209
1.8763,1.0989,-0.79133,1.2234,0.14579,0.0031635,1.068,-0.85014
1.6172,1.2118,-0.76506,0.92455,-0.093397,0.25779,1.0014,-0.9508
1.6323,0.62566,-0.94683,1.5378,0.27561,0.060623,0.83639,-0.64894
1.4814,0.91431,-1.0285,1.5448,0.16021,0.11337,1.0489,-0.88026
1.6334,0.5762,-0.81969,1.4312,0.027088,-0.066451,1.3811,-0.46772
1.449,0.78693,-0.72067,1.2972,0.19799,0.65511,1.1129,-0.27682
1.2828,0.85046,-0.62518,0.95243,0.082879,-0.03751,1.0014,-0.69983
1.442,0.93657,-0.80745,1.0656,0.18034,0.086631,1.1056,-0.66323
1.229,0.57205,-0.9193,1.3708,-0.072455,0.024412,1.2335,-0.42275
1.487,0.79996,-0.88046,1.3847,0.17697,-0.14683,1.1352,-0.35004
1.6141,0.69033,-0.64438,1.0567,0.34879,-0.23331,1.3678,-0.389
1.5285,0.9544,-0.30946,0.66641,0.105,0.21753,1.2019,-0.5849
1.4986,1.1363,-0.79382,1.1589,0.20027,0.14241,1.3363,-0.81014
1.7295,1.2428,-1.001,1.0692,0.147,0.055927,0.7858,-0.64203
1.7483,1.0376,-0.55401,1.0368,0.63473,-0.1705,1.008,-0.52531
1.4801,1.231,-0.77956,0.93194,0.19593,0.24515,1.3523,-0.66211
1.5636,0.99302,-0.75254,0.8258,0.2713,-0.0084291,1.1676,-0.42857
1.6773,0.78587,-0.86916,0.67032,0.3448,0.19392,1.1226,-0.47405
1.6183,0.51852,-1.0084,0.88974,0.088729,0.20025,1.4029,-0.82979
1.7051,1.1645,-1.0231,1.3171,0.25665,-0.05207,1.0807,-0.61573
1.3779,1.1311,-1.1141,1.1426,0.028457,0.25661,1.1292,-0.75166
1.6212,1.1348,-0.89088,1.0104,0.40098,0.05421,1.149,-0.9036
1.8396,0.61982,-0.57696,1.0937,0.46416,-0.14047,1.5704,-0.97476
1.4712,0.71953,-0.57386,0.72356,0.35307,0.12963,1.0795,-0.4943
1.5384,0.97026,-0.67902,0.95929,0.10079,0.2143,1.3344,-0.51045
1.435,0.99713,-1.1911,1.1611,0.14628,0.19658,1.0479,-0.718
1.6623,0.88763,-1.205,1.0048,0.0017864,0.19764,1.2294,-0.62752
1.5308,0.82736,-1.0241,0.98019,0.1711,-0.28,0.88836,-0.58086
1.6156,0.87553,-0.88519,0.76717,0.37741,0.30912,1.2359,-0.52299
1.6923,0.92695,-0.66982,1.1508,0.33066,0.36363,1.4801,-0.53786
1.6224,1.1646,-0.72733,1.132,-0.063566,0.053823,1.2489,-0.47049
1.3336,1.3442,-0.62573,0.71149,-0.058406,0.30308,0.98504,-0.49386
1.6388,1.1124,-0.78957,0.85321,0.4143,-0.060956,1.0412,-0.61486
1.6062,0.80038,-0.60591,0.84733,0.1066,-0.1813,1.137,-0.51197
1.4319,1.1357,-0.92216,0.90403,0.076161,0.25344,1.0471,-0.50969
1.3128,1.1135,-0.73991,0.98439,0.08775,0.27952,0.95981,-0.71958
1.3985,0.98189,-1.018,1.024,0.16403,-0.034357,1.1273,-0.52778
1.3846,0.68298,-0.86684,1.0593,0.22165,-0.19027,1.209,-0.71912
1.5613,0.74166,-1.0315,1.3565,0.14767,0.30605,0.99348,-0.81462
1.3745,0.83618,-1.0063,0.94918,0.27587,0.14603,1.2556,-0.65203
1.8212,1.2749,-0.93612,1.0755,0.0056989,-0.020914,0.99313,-0.40612
1.4109,1.0803,-1.0622,0.7852,0.2571,0.019121,0.81805,-0.77569
1.5674,0.98563,-0.81789,0.89645,0.27102,-0.30161,1.1889,-0.12417
1.7177,0.79759,-0.98509,1.2204,0.41818,-0.054201,0.9276,-0.63175
1.3788,0.74979,-0.91324,1.0194,0.039552,-0.14133,1.4101,-0.45317
1.7823,1.0267,-0.82668,0.9903,0.16047,-0.33892,1.3225,-0.40596
1.5251,1.3252,-1.1605,0.57774,0.25323,0.051131,1.0524,-0.7209
1.2601,1.2169,-1.065,0.96201,0.17748,0.039609,1.1671,-0.49559
1.2707,0.81677,-1.0607,0.77011,0.030751,0.0099658,0.8821,-0.3435
1.62,0.97323,-0.75313,1.045,0.076275,-0.076742,1.2718,-0.58054
1.6059,0.8932,-0.70269,0.91791,0.061693,-0.21589,1.1805,-0.18354
1.3517,0.98522,-0.75087,1.096,0.18496,-0.043595,1.4023,-0.42185
1.5522,0.90227,-1.0557,1.0485,-0.032733,-0.067476,1.348,-0.64738
1.2122,1.1176,-0.71358,1.1421,0.25102,0.10504,1.1237,-0.38761
1.3926,0.7689,-0.78293,0.90217,0.26763,0.072427,1.2341,-0.71361
1.6148,0.83565,-0.7563,1.2343,0.26286,-0.17288,1.3712,-0.66313
1.2528,0.9236,-0.62881,1.0498,0.27577,0.054538,1.2905,-0.61545
1.5754,1.0418,-0.62027,0.86378,0.19056,0.0036,1.2953,-0.54809
1.1651,0.86485,-0.67905,0.86157,0.034729,0.15705,1.197,-0.69526
1.4277,0.66158,-0.72445,0.95167,0.5707,-0.15567,1.4832,-0.44541
1.1602,0.90275,-0.82602,0.91658,0.14465,0.11461,0.91388,-0.52115
1.4535,0.94265,-1.0031,1.0972,0.46918,-0.079199,1.0303,-0.37269
1.1876,1.0542,-1.1617,0.71826,0.39997,0.013906,1.1285,-0.56273
1.6907,1.0341,-1.1193,1.3248,0.38242,-0.21597,1.3666,-0.33953
1.4779,0.64726,-1.0545,0.96753,-0.16723,0.045846,1.3929,-0.58241
1.4752,0.82122,-1.0737,1.2126,0.57329,-0.12738,1.1348,-0.54
1.4021,0.8907,-0.67617,0.92662,0.48431,0.053714,1.4555,-0.31294
1.3885,1.0663,-0.61777,0.74115,-0.0097704,-0.03465,0.89794,-0.55933
1.4857,0.72226,-1.2778,0.90096,0.5001,-0.1047,1.0366,-0.41766
1.2931,1.4374,-0.83473,0.88317,0.16189,0.07894,1.1974,-0.65749
1.1759,0.99925,-1.1657,0.85317,0.018524,0.028041,1.2081,-0.25452
1.4349,1.0721,-1.2608,0.67843,0.040988,-0.0056145,1.0196,-0.68538
1.5651,0.89806,-0.86276,0.75952,0.20259,0.002471,0.82888,-0.37846
1.453,0.87054,-1.4907,0.80763,0.090584,-0.25662,0.96296,-0.1385
1.3677,1.5203,-1.072,0.63899,0.22504,-0.11257,1.167,-0.97277
1.2196,0.79887,-0.88275,0.90111,0.39452,-0.0092659,1.0937,-0.036344
1.573,0.86392,-1.0099,1.0155,0.18037,0.17216,1.2185,-0.45823
1.4461,0.7733,-0.70525,0.7336,0.51207,0.11651,1.5797,-0.25652
1.3581,0.99241,-0.88741,0.71995,0.53606,-0.052627,1.3257,-0.28753
1.4357,1.132,-0.94413,1.0611,0.4582,0.0025448,1.1223,-0.22738
1.4065,1.3339,-0.97279,1.0682,0.32627,-0.15826,1.1436,-0.4718
1.7511,0.92453,-0.92837,0.73663,0.45275,-0.039461,1.4,-0.28187
1.2767,1.3154,-1.2173,0.62182,0.47824,-0.015444,1.3433,-0.10134
1.422,0.92386,-1.1233,1.0923,0.36038,-0.0030409,1.4193,-0.73478
1.4839,1.1531,-0.9367,0.55072,0.13769,-0.4889,1.2696,-0.36086
0.91524,0.76695,-1.0876,0.48356,0.30112,-0.21561,0.95023,-0.39764
1.6056,0.80103,-0.90133,1.2022,-0.046816,-0.025495,1.2061,-0.31071
1.0802,1.3213,-0.91654,0.6032,0.28214,0.091927,1.0061,-0.41191
1.0936,0.99017,-0.71096,0.83828,0.25443,0.3761,1.2168,-0.4634
1.2157,1.1082,-0.78882,0.83092,0.099009,0.032325,1.3138,-0.21608
1.3705,1.0702,-0.85897,0.53986,0.30193,-0.032983,1.3202,-0.72413
0.90485,0.6363,-1.089,0.94821,0.37352,0.39211,1.3594,-0.62423
1.0296,1.0914,-1.0183,0.83276,0.28684,-0.21423,0.99717,-0.46905
1.3992,1.0455,-0.84217,0.71127,0.28189,0.06909,1.2032,-0.51759
1.1542,0.75485,-1.1057,0.916,0.25367,-0.11891,1.2618,-0.17216
1.5676,1.143,-0.69638,1.0034,0.44332,-0.1988,1.256,-0.52619
1.6164,1.1282,-1.0088,1.0632,0.53201,-0.30284,1.118,-0.28007
1.4106,0.96312,-0.80676,0.47777,0.30508,-0.25561,1.4936,-0.29409
1.18,1.5772,-0.87908,0.75667,0.39867,0.24739,0.96607,-0.36861
1.4954,0.82387,-0.76464,0.61413,0.31311,0.13941,1.2512,-0.62581
1.2093,1.2672,-0.86081,0.78727,0.4245,-0.27091,1.3114,-0.29976
1.1401,1.203,-1.0223,0.70323,0.51897,-0.24296,1.4986,-0.41248
1.3963,0.62504,-0.83908,0.99849,0.24763,-0.35348,1.3881,-0.41319
1.5652,0.95757,-0.93455,0.79798,0.68027,0.058392,1.1008,-0.4535
1.5304,0.95754,-1.1322,0.75386,0.33393,-0.40666,1.1886,-0.54153
1.0798,0.97072,-0.81943,0.99872,-0.038133,-0.15106,1.1784,-0.39357
1.1787,0.82346,-0.92387,0.68935,0.45957,-0.18546,1.1574,-0.55666
1.4115,0.91826,-1.2571,0.90629,0.24883,-0.080791,1.4005,-0.34724
1.3903,0.89112,-1.2461,0.53913,0.43787,-0.16317,1.4901,-0.58115
0.66239,0.96561,-0.81338,1.107,0.5644,0.032094,1.3167,0.01774
1.4118,0.81769,-0.78023,0.85093,0.55824,0.04471,1.3146,-0.14672
1.5153,0.96893,-0.95922,0.84497,0.56006,-0.058881,1.1663,-0.016251
1.0824,0.85367,-1.0447,1.0991,-0.02697,0.032513,1.1763,-0.34548
1.2675,1.0034,-1.01,0.6767,0.34512,-0.1818,1.2677,-0.34823
1.2963,0.84079,-0.94146,0.92035,0.24075,0.035784,1.4517,-0.023632
1.3727,0.92431,-1.0814,0.67138,-0.095468,-0.21376,1.1832,-0.32933
1.2444,0.6834,-0.94733,0.65545,0.62101,0.087873,1.0096,-0.094239
1.342,0.85049,-1.2363,0.70954,0.45378,-0.18338,1.4674,-0.34972
1.2105,0.86606,-1.0527,0.67508,0.72516,-0.25256,1.3536,-0.40214
1.2772,0.83483,-0.85524,0.74011,0.52164,-0.00031121,1.6083,-0.24225
0.99074,1.07,-1.2772,0.8945,0.25711,-0.10578,1.4265,0.17604
1.1278,0.82097,-0.95039,0.91962,0.43075,-0.16127,1.1656,-0.095839
1.0804,0.77603,-0.99408,0.9982,0.68973,0.095553,1.2661,-0.040312
1.1936,0.89051,-1.3447,0.81159,0.40403,-0.15894,1.019,-0.36053
1.2432,1.0654,-1.0828,0.65614,0.51042,-0.35272,1.2535,-0.12628
1.234,0.89992,-0.93102,0.56504,0.36972,0.047286,1.121,-0.24044
0.95014,0.74779,-1.2539,0.70145,0.49931,0.08742,0.96312,-0.17344
1.2868,1.2588,-0.8891,0.89472,0.53022,-0.48624,1.318,-0.15976
0.98466,0.95364,-1.0526,0.68602,0.31811,-0.065231,1.5648,-0.090504
1.0736,1.0662,-1.2248,0.71335,0.238,-0.28394,1.1052,-0.38426
1.2965,1.1641,-0.61996,0.61244,0.11553,-0.17811,1.3159,-0.21057
1.3508,0.82509,-1.1156,0.73608,0.5679,-0.050059,1.3253,-0.17089
1.3268,1.2886,-0.993,0.91887,0.84851,0.35585,1.1411,-0.32105
0.90407,0.83433,-1.205,0.68565,0.99005,0.19553,1.2637,-0.040096
0.79055,0.88996,-1.3432,0.78074,0.53026,-0.19185,1.2866,-0.30214
0.88718,0.67156,-1.3272,0.89681,0.72416,0.16464,1.0358,-0.19534
1.1791,1.2458,-0.8187,1.0874,0.56085,-0.19258,1.2667,-0.41048
0.96679,0.72776,-1.1282,0.92684,0.48364,0.010895,1.5249,-0.028441
1.024,0.78707,-0.78943,0.69597,0.41028,0.26365,1.289,-0.20382
0.8814,1.1601,-1.3104,0.9551,0.31337,-0.10851,1.2883,-0.2273
1.4666,0.83457,-0.97046,0.82473,0.63792,0.18831,1.4217,-0.083469
0.98946,0.87017,-1.0156,0.61233,0.63981,0.034424,1.0641,-0.15815
0.78767,1.0451,-1.0032,0.76125,0.74074,0.21912,1.2726,-0.33928
1.0376,0.80507,-1.0475,0.95943,0.85144,-0.18046,1.1472,-0.29664
1.2547,0.93244,-1.3192,0.78984,0.85791,0.2669,1.1934,-0.088242
0.88885,1.145,-1.3146,0.76506,0.76763,-0.62153,1.2849,-0.017411
1.0892,1.0063,-1.0975,0.99094,0.41343,0.044177,1.0849,-0.40208
0.66922,1.1139,-0.69186,0.62695,0.73789,0.19151,1.432,-0.048822
0.97736,1.0168,-1.1279,0.88221,0.58736,-0.0078939,1.1654,-0.36872
0.87586,0.76801,-0.95925,0.95641,0.37275,-0.055521,1.2973,-0.25139
1.1219,1.1433,-0.73233,0.77648,0.58025,0.0888,1.3534,-0.14813
1.1173,1.1462,-1.0278,0.86998,0.31507,-0.13695,1.3547,-0.34178
0.80558,0.82032,-1.224,0.76872,0.75395,-0.0063335,1.2735,-0.052069
0.86472,0.76819,-1.4465,0.69933,0.72221,-0.014854,1.2827,-0.16957
0.90738,0.92554,-1.0901,1.1681,0.76942,-0.022812,1.0798,0.058765
1.0395,0.98729,-1.2885,1.2824,0.25793,-0.026682,0.96068,-0.19291
0.93732,1.0936,-1.3186,0.68858,0.52815,0.14968,1.188,0.10452
1.3549,0.9135,-1.0703,0.64443,0.79901,-0.22397,1.0758,-0.39467
0.9432,1.1624,-1.0153,1.0761,0.48277,-0.13107,1.1864,-0.088453
0.85531,0.98488,-0.97619,0.78603,0.81172,-0.010094,1.0066,0.017471
1.2421,1.0329,-0.89668,0.57898,0.66532,-0.053422,1.2363,-0.13222
0.80652,1.1915,-1.0592,0.90304,0.55063,0.10821,1.2791,-0.16129
0.77912,0.95296,-1.251,0.96222,0.50272,-0.21811,1.0139,-0.22456
1.1083,1.1851,-1.2068,0.74266,0.75568,-0.1371,1.294,-0.12462
0.94488,0.72168,-1.0696,0.81445,0.55985,-0.1784,1.2821,-0.21528
0.67285,0.88053,-1.1944,0.65836,0.40157,0.049133,1.2428,-0.1801
0.902,0.58569,-1.0474,0.40603,0.64214,0.06757,1.3385,0.082826
0.82465,0.88017,-0.9631,0.5812,0.54666,0.11571,1.1586,-0.10302
1.043,0.67604,-0.93031,0.48913,0.42871,0.084159,1.1287,-0.5122
0.42477,0.83325,-0.93035,0.87839,0.15187,0.019763,0.96098,-0.19262
1.1662,1.1657,-0.87307,0.93122,0.69034,-0.17355,1.1035,-0.20199
0.74696,0.37971,-0.89637,0.62421,0.62662,0.12893,1.3866,-0.20732
0.95237,0.61749,-0.94081,1.0483,0.48738,-0.098481,1.5206,-0.42601
1.1077,1.1873,-0.86402,0.45052,0.923,-0.26048,1.3325,0.33047
0.65569,0.91856,-1.2355,0.92455,0.4885,-0.095714,1.4164,-0.15853
0.96461,0.69572,-1.0781,0.99548,0.39886,-0.25672,1.4962,0.17596
1.0384,0.51893,-1.1816,0.89925,0.83321,-0.057408,1.1627,-0.16328
1.1955,0.74851,-1.0741,0.73852,1.152,-0.12518,1.0723,0.090653
0.90626,0.6059,-1.1233,0.71699,0.66991,-0.086261,1.0649,-0.16386
1.049,0.73745,-1.0845,0.92745,0.83367,0.01258,1.3703,0.18374
0.98258,1.0671,-1.169,0.89325,0.44769,0.11101,0.99504,-0.024609
0.94173,1.0629,-1.2285,0.97318,0.591,-0.32669,1.2992,-0.24793
0.82698,0.73801,-0.83047,0.90359,0.73731,0.41773,1.2618,0.027942
0.77615,0.88962,-0.86835,0.82587,0.84396,0.39016,1.4147,0.073539
1.0527,0.72449,-1.0475,0.60807,0.59332,0.051154,1.175,-0.31485
0.87948,0.85827,-1.0101,1.0745,0.71119,-0.16107,1.4938,-0.035496
0.90703,0.87049,-1.0658,0.77658,0.4493,0.42627,1.3539,0.011826
0.73383,0.86584,-1.2149,0.62174,0.98658,0.12293,1.0156,0.28707
0.89939,0.59964,-0.9749,0.7368,0.83125,0.085438,1.3284,0.30541
0.89098,0.74631,-0.95602,0.77964,0.6602,0.0034993,1.1725,0.038423
0.77014,1.038,-1.2397,0.91016,0.72864,-0.066402,1.2332,-0.14451
0.70382,0.67524,-0.99567,1.0147,0.88239,0.38892,1.191,-0.061055
0.52701,0.97773,-1.3162,0.58997,0.88913,0.049338,1.4483,-0.012329
0.56132,0.66038,-1.2882,0.78285,0.95491,0.33871,1.4392,-0.12422
1.0474,0.86525,-1.2101,0.80505,0.87782,0.3601,0.8993,-0.12577
0.80302,0.27632,-0.93641,1.1668,0.88144,-0.10727,1.2299,0.067368
0.77927,0.71635,-1.1819,1.0038,0.66641,0.0019923,1.0233,0.19355
0.89554,0.78606,-0.97895,0.58047,0.7151,0.29291,1.1805,-0.011393
0.54243,0.72466,-1.0683,1.0847,0.99449,-0.11348,1.1488,-0.11043
0.87047,0.8994,-1.003,0.98648,0.62594,0.24622,1.2635,-0.041812
0.58864,0.55766,-0.90125,0.8722,1.0308,0.13407,1.4048,0.011632
0.71173,0.39982,-1.0932,1.2676,0.96007,0.24519,1.2311,-0.21509
0.75543,0.54336,-1.1135,0.91482,1.1063,-0.011292,1.2436,-0.20095
0.54802,0.47511,-1.017,0.87248,0.67679,0.1995,1.1624,-0.071681
0.67586,0.7047,-0.81296,0.90696,0.53392,-0.013904,1.0605,0.1523
0.88657,0.91262,-0.93004,1.1413,0.58047,-0.054345,1.4003,0.11241
0.6708,0.56635,-0.70916,0.80533,1.0734,0.087171,1.3732,-0.08335
0.44211,0.94681,-1.3912,1.3394,0.79268,0.17914,1.3174,-0.14305
0.73997,0.88832,-1.1749,0.96991,0.72003,0.14798,1.1016,0.21226
0.80465,0.77266,-1.188,1.1066,0.80509,-0.027741,1.0325,-0.20229
0.79149,0.60435,-0.94809,0.86545,0.82951,0.24393,1.167,0.082348
0.64751,0.55757,-1.2788,0.84292,0.96837,0.15533,1.1848,-0.2424
0.51437,0.58025,-0.94597,0.82134,0.4604,-0.10972,1.1314,0.098305
0.79742,0.31253,-1.192,0.77043,0.65844,0.13418,1.0241,-0.36188
1.0422,0.59686,-0.89504,1.222,0.75997,0.32784,1.3066,-0.12841
0.89531,0.95355,-1.0141,0.71413,0.97865,0.11516,1.0539,0.31059
0.91371,0.48142,-0.91344,1.1006,0.87659,-0.15495,1.0953,0.050827
0.78588,0.80875,-1.1909,0.70662,1.181,0.31593,1.1102,0.10147
0.60786,0.29911,-1.0144,0.70497,1.1948,0.15468,1.1097,-0.15647
0.74708,0.79836,-1.0139,1.2155,0.9176,0.18709,1.3345,0.18192
0.3916,0.61826,-1.3167,0.98553,1.2754,-0.19154,1.286,0.26656
0.8885,0.5431,-1.2676,0.94448,1.1692,0.3494,0.96515,0.032244
0.53878,0.62145,-1.1486,1.0417,1.1217,0.15857,1.3234,0.058643
0.52158,0.5808,-0.80199,1.0533,0.86936,0.24485,1.0674,0.20387
0.84985,0.68396,-1.2752,1.2001,1.4442,0.29867,1.1931,-0.010806
0.35239,0.77272,-1.4783,1.1375,0.82741,0.17555,1.1367,0.36108
0.75883,0.85742,-0.80102,0.93947,1.142,0.025706,1.3482,0.07027
0.7472,0.50772,-1.193,1.3341,0.85119,0.35131,0.99524,-0.11135
0.79816,0.53736,-1.3545,0.97501,0.82176,0.21317,1.2959,-0.22465
0.7911,0.74806,-0.83452,1.0843,0.99796,0.052871,1.0744,0.32494
0.63858,0.82785,-0.79899,1.0612,1.0036,0.21919,1.153,0.11338
0.68021,0.61514,-1.0426,0.94141,1.0125,0.14146,1.3795,-0.026905
1.0291,0.56312,-0.79137,1.0272,1.3038,0.37238,1.0923,-0.11646
0.96904,0.45985,-0.82402,0.91609,0.93339,0.076872,1.1238,-0.16471
0.80152,0.4277,-1.5835,1.0652,0.85749,0.46377,1.0332,0.26221
0.46681,0.54984,-1.2027,1.1164,1.117,0.36369,1.3017,0.10172
0.75232,0.7379,-0.84981,0.81513,1.2812,0.12065,1.0431,0.23037
0.7684,0.51972,-0.8067,1.4654,1.025,0.44679,1.4216,0.15331
0.71363,0.27614,-1.0643,1.0021,1.0839,0.021819,1.2621,-0.051435
0.64551,0.61017,-1.2502,0.76934,0.83861,0.34119,1.1983,0.16439
1.3749,0.31947,-1.2039,1.1746,1.0118,0.12233,0.84361,0.12216
1.0234,0.40984,-0.94927,0.82805,1.1509,0.30314,0.89912,0.24565
0.5778,0.22496,-0.78663,1.3885,1.1299,0.1028,0.7839,0.20377
0.83771,0.26807,-1.1872,1.0931,1.2994,0.21202,1.2447,0.049382
0.8403,0.52341,-1.1371,1.3154,1.2479,0.46534,1.3434,0.27078
0.41297,0.83344,-1.0236,1.0845,0.99718,0.17467,1.2572,-0.41249
0.49148,0.66656,-0.94942,1.2214,0.89426,0.15523,1.2899,0.21664
1.0014,0.3223,-0.87023,0.95985,0.81823,0.32377,1.0868,0.10005
0.76423,0.52356,-1.072,1.1584,0.76133,0.084229,1.3871,0.15379
0.9155,0.4977,-0.89606,0.9501,1.1781,0.1214,1.2773,-0.19237
0.67473,0.57878,-1.057,1.1235,0.85981,0.52914,1,0.24106
0.62102,0.208,-1.4141,0.66494,0.74608,0.32313,1.057,0.01102
0.77121,0.51166,-0.90472,1.3994,1.1207,0.1796,1.2535,-0.069155
0.84241,0.33522,-0.88374,1.2927,1.0278,0.27254,1.2176,0.010709
0.73887,0.47657,-1.1352,1.0288,0.85496,0.72365,1.1557,-0.26058
0.52999,0.21273,-0.98822,1.1538,1.3197,0.3325,1.1709,-0.0060883
0.67625,0.51308,-1.3225,1.2924,0.54761,0.084713,0.87757,-0.10458
0.80621,0.61585,-1.1564,1.0293,0.85686,0.075986,1.2903,0.12486
0.49734,0.39101,-0.88721,1.3231,0.94472,0.2777,1.0378,-0.13838
0.57788,0.36448,-0.91028,1.3091,1.1744,0.30477,1.0989,-0.022729
0.77712,0.2505,-0.93561,1.3479,1.114,0.70574,1.388,-0.027032
0.81361,0.49232,-1.0414,1.012,0.90198,0.29578,0.9883,0.13782
0.80001,0.13749,-1.0786,0.93278,0.9433,0.38237,1.0448,0.061195
0.88412,0.32247,-0.89823,1.0975,0.97978,0.27063,1.4633,0.33665
0.69922,0.24801,-1.0145,1.3458,1.1427,0.33819,1.3714,0.23309
0.95135,0.35833,-1.0353,1.2742,0.97555,0.61323,1.2927,-0.24585
0.37086,0.4697,-0.9493,1.2383,0.85825,0.21396,1.399,0.22705
0.66097,0.39469,-0.92949,1.4437,1.1395,0.59221,1.2556,-0.17177
0.80416,0.21981,-1.2284,1.0257,1.0303,0.30877,1.4256,0.044364
0.59246,0.69406,-1.4271,1.0568,1.209,0.39519,1.1985,0.14177
0.77428,0.25205,-1.0772,1.0364,0.86579,0.61171,1.244,0.059407
0.59477,0.50747,-1.2305,1.29,1.2038,0.38843,1.4607,0.22107
0.8196,0.339,-0.9942,1.1721,1.1918,0.06705,1.2963,0.19849
0.71464,0.38516,-1.2973,1.1457,1.2284,0.64512,1.3288,0.0057066
0.56028,0.63239,-1.1201,1.2227,1.3094,0.38322,1.0964,0.021425
0.65931,0.72273,-1.0847,1.518,1.3146,0.54993,1.3833,0.26387
1.0298,0.34173,-1.2389,1.2008,0.99203,0.49192,1.2213,0.14727
0.51304,0.46703,-0.93093,1.2458,1.3302,0.43921,1.3828,0.13544
0.82504,0.27119,-0.98772,1.1929,1.4698,0.54729,1.1184,0.13302
0.48936,0.57924,-0.94635,1.2536,1.183,0.37036,1.154,-0.24238
0.47176,0.39365,-0.84709,1.2602,1.432,0.92351,1.0614,-0.04798
0.52951,0.19105,-1.179,1.6273,1.2093,0.68425,1.2337,0.154
0.98669,0.4092,-0.73938,1.0005,1.3928,0.32838,1.1807,0.017455
0.9916,0.5026,-0.78087,1.2019,1.1092,0.65055,1.0554,-0.026643
0.49518,0.5304,-0.6349,1.7438,1.0029,0.58698,0.81857,-0.12597
0.75367,0.57487,-1.1092,1.3021,1.3998,0.54416,1.1398,-0.10492
0.59943,0.42402,-0.97655,1.3009,1.5003,0.29494,1.1349,0.12627
1.0521,0.47223,-0.97226,1.533,1.3438,0.78596,1.4133,0.15283
0.76123,0.36337,-1.0406,1.3416,1.1614,0.36976,0.8989,-0.04517
0.47817,0.59989,-1.2301,1.4622,0.8352,0.5957,1.1996,-0.29816
0.44426,0.13024,-1.1426,1.4327,1.5442,0.54627,1.1904,0.14966
0.8674,0.25245,-1.0938,1.5126,1.4811,0.54309,1.2067,-0.32791
0.45029,0.14102,-1.0902,1.5103,1.4051,0.73908,1.3158,-0.2231
0.65902,0.33068,-1.3293,1.221,1.1939,0.68584,1.487,-0.021157
0.73864,0.43536,-1.0539,1.5016,1.3589,0.40454,1.1774,0.29369
0.70505,0.20475,-1.1181,1.6356,1.2232,0.71369,0.71696,0.00065228
0.70333,-0.063572,-1.055,1.6614,1.3503,0.49681,1.1645,0.087697
0.77786,0.27854,-1.1122,1.5671,1.3876,0.70583,1.1394,0.082417
0.74019,0.68391,-1.1964,1.6127,1.1433,0.3319,1.2555,0.23234
0.7419,0.29237,-1.0125,1.4988,1.3991,0.6729,1.3099,-0.075187
0.67612,0.60796,-0.7539,1.2628,1.5045,0.42296,1.0355,0.4128
0.74252,-0.083226,-1.1557,1.7567,1.4092,0.70052,1.3867,0.25206
0.63494,0.13868,-0.91127,1.4362,1.2009,0.40187,1.4749,-0.070927
0.98737,0.31055,-1.0286,1.4556,1.211,0.44017,0.93234,-0.029622
0.83242,0.4572,-1.2421,1.155,1.1724,0.71662,1.3312,0.24439
0.78836,0.22249,-0.7585,1.4816,1.2111,0.42429,1.4072,0.14317
0.81503,0.46207,-1.106,1.4983,1.3033,0.6916,1.2156,0.05788
0.48008,0.25765,-1.1309,1.4019,1.2352,0.74835,1.0128,0.14373
0.73609,0.31948,-0.92327,1.2855,1.3795,0.66235,0.98867,0.056562
0.84003,0.42364,-0.74972,1.5047,1.1355,0.64699,1.2935,0.036892
0.6923,0.52832,-0.92603,1.5589,1.6895,0.66964,1.1721,0.06681
0.65928,0.49499,-0.75312,1.7905,1.3835,0.78396,1.1794,0.27716
0.7956,0.28808,-0.92507,1.8591,1.2805,0.48856,1.2969,0.27336
0.93091,0.59006,-0.93656,1.6625,1.1372,0.78612,1.2624,0.19676
0.60575,0.045854,-0.89653,1.5948,1.3093,0.78871,1.2694,0.074718
0.56263,0.15674,-1.2079,1.4088,1.4238,0.63063,1.266,0.1392
0.45715,0.29587,-1.2093,1.6955,1.5462,0.67695,1.2393,-0.13373
0.31471,0.15291,-0.9219,1.4741,1.4056,0.56827,1.2722,-0.067348
0.63609,0.16366,-1.1449,1.5168,1.4023,0.75136,0.88291,-0.36286
0.6685,0.34551,-0.76703,1.4573,1.5494,0.84552,1.4404,0.12434
0.87879,-0.053593,-0.9957,1.5297,1.4048,0.53103,1.3794,0.02016
0.65579,0.22166,-0.77351,1.6104,1.3705,0.74021,1.1184,0.25125
0.43978,0.4513,-0.87601,1.4853,1.3459,0.75572,1.3581,-0.0091377
0.69347,-0.010048,-0.90745,1.7313,1.4704,0.86496,1.1297,0.32498
0.68786,0.54828,-0.73229,1.5079,1.289,0.80938,1.2281,0.060015
0.79877,0.14176,-1.212,1.5562,1.1703,0.37442,0.96158,0.12287
0.43408,0.22456,-0.85102,1.6321,1.1529,0.87073,1.3439,0.011784
0.56444,0.14014,-1.124,1.8212,1.5177,0.48753,1.2903,-0.22037
0.72182,0.39392,-0.88837,1.7877,1.5362,0.76463,1.2573,0.31018
0.38956,0.60574,-0.97857,1.9435,1.251,0.51709,1.245,0.25975
0.75884,0.46753,-1.2236,1.9283,1.3922,0.71619,0.89508,-0.21394
0.49983,0.50354,-0.75587,1.6819,1.4462,0.68572,1.2803,-0.13079
0.54562,0.36825,-1.1742,1.4019,1.9268,0.5226,1.4681,0.01777
0.86953,0.26216,-0.98123,1.6803,1.3315,0.85519,1.2388,-0.010902
1.2413,0.20491,-0.86251,1.8059,1.5424,0.83068,1.0921,0.019491
0.87965,0.017202,-0.64036,1.8793,1.0579,0.71015,1.0822,0.30963
0.68103,0.16596,-0.69601,1.556,1.1448,0.93066,0.86775,0.17549
0.16564,0.043662,-1.0647,1.5697,1.6578,0.75198,1.1815,-0.20754
0.71901,0.029451,-0.89818,1.9862,1.3793,0.55542,1.1052,-0.17115
0.52961,0.21699,-1.039,2.1802,1.3328,0.64324,1.0036,-0.1329
0.75191,0.16735,-0.86757,1.826,1.6155,0.96798,1.2953,0.17793
0.77337,-0.066857,-0.91283,1.983,1.4048,0.76854,1.1805,0.038841
0.48422,0.10241,-0.55226,2.0521,1.427,1.1268,1.3523,0.26425
0.45567,0.64575,-1.0695,1.846,1.8029,0.91724,1.2518,-0.11723
0.5958,0.10507,-1.0749,1.5286,1.724,0.78222,1.2607,0.10423
0.96741,0.37167,-0.90769,1.7032,1.2965,0.91516,1.3935,0.048945
0.71208,0.21768,-0.74063,1.5849,1.8138,0.89398,1.3404,0.056395
0.5373,-0.28545,-0.87847,1.7206,1.0803,0.86667,1.1159,-0.20908
0.79018,0.21697,-0.74461,1.9916,1.4645,0.88941,1.095,0.26945
0.61043,0.26958,-1.0717,1.5658,1.3759,1.1724,1.014,-0.045427
1.0775,0.59673,-0.69724,1.6138,1.6777,0.84944,0.98891,0.077128
0.74762,-0.18805,-0.83304,1.9321,1.1144,0.81905,1.4051,-0.22323
0.6535,0.24544,-0.88572,2.0982,1.0639,0.91041,0.95434,0.13057
