-1.2233,-0.16973,0.77253,-1.1111,0.27421,-0.55098,1.8233,-0.11071
-1.7371,-0.28667,1.0712,-0.84901,0.52084,-0.75387,1.7931,-0.18582
-1.3533,0.037514,0.55919,-0.86705,0.6982,-1.0438,2.0206,-0.15043
-1.7992,-0.27282,0.4511,-0.74091,0.51355,-0.83121,1.8226,-0.025741
-1.2226,0.14816,0.53702,-0.92024,1.0033,-0.4776,2.0585,0.23458
-1.6003,-0.21034,0.39217,-1.1963,0.62575,-0.7233,2.0041,0.15454
-1.4799,-0.1914,0.74562,-1.1994,0.69477,-0.65852,1.9102,-0.02453
-1.9107,-0.11048,0.34186,-0.98814,0.54305,-0.61968,1.9779,0.025441
-1.4901,0.037938,0.40508,-0.62703,0.61151,-0.52414,1.9139,0.14729
-1.7219,-0.28202,0.72406,-0.94583,0.42192,-0.9627,2.3356,-0.18795
-1.5921,-0.20663,0.79928,-1.0279,0.98837,-0.58953,1.6552,0.1433
-1.2044,-0.20146,0.56386,-1.2322,0.78317,-0.76027,1.6076,-0.33491
-1.6274,0.16694,0.41836,-1.1831,0.26123,-0.35844,1.8826,-0.19257
-1.7152,-0.098106,0.67227,-0.80777,0.68389,-0.54926,1.9476,0.051509
-1.3902,-0.1366,0.65995,-1.3455,1.0382,-0.68061,2.1081,-0.45213
-1.7316,0.14651,0.6854,-1.303,0.96916,-0.99077,1.5567,0.088803
-1.5653,-0.068546,0.61171,-1.0185,0.62228,-0.90077,2.0024,0.19282
-1.5488,0.096526,0.78606,-0.94319,0.78444,-1.0593,2.0053,-0.31758
-1.4994,0.17696,0.75497,-1.0612,0.93918,-0.70957,2.0735,-0.10588
-1.4621,0.13582,0.7169,-1.0858,0.65263,-0.74249,1.8665,0.092612
-1.7355,-0.048738,0.57642,-1.0824,0.67723,-0.72419,1.8635,-0.020616
-1.7012,0.11011,0.84629,-1.4379,0.72126,-1.0028,1.6435,-0.087185
-1.7107,0.0071538,0.39772,-0.95883,0.48999,-0.80256,1.7818,0.16203
-1.6129,-0.19305,0.56873,-1.0703,0.7444,-0.77487,2.0722,-0.054248
-1.7093,-0.10947,0.64392,-1.1076,0.77885,-0.79611,1.9179,0.12094
-1.5603,-0.16069,0.39382,-1.0486,0.63327,-0.54594,1.8831,-0.20888
-1.5616,0.20261,0.63146,-0.85774,0.68365,-0.68299,2.2095,0.095191
-1.4218,-0.24014,0.23255,-1.1722,0.50781,-0.79248,1.8551,0.20074
-1.4732,-0.025979,0.64543,-1.0708,0.54747,-0.61566,2.2388,-0.18888
-1.5168,0.032808,0.84282,-0.92955,0.70927,-0.86659,1.5165,-0.12442
-1.8511,-0.091791,0.81127,-0.84414,0.45255,-0.81418,2.1881,-0.34582
-1.4541,-0.046041,0.49281,-1.0064,0.88384,-0.77798,1.7148,-0.23429
-1.4025,-0.0025468,0.873,-1.0957,0.72875,-0.52611,2.0976,0.26922
-1.5295,0.041091,0.78387,-1.2195,0.68315,-0.85607,2.1211,-0.39702
-1.3193,-0.24397,0.32009,-1.1736,0.60278,-0.72274,1.8743,0.22081
-1.701,0.39557,0.72323,-1.1692,0.57404,-0.97742,2.1153,0.015549
-1.6089,0.19336,0.55948,-1.1194,0.82451,-0.77616,1.9959,-0.0020035
-1.2155,-0.18258,0.45682,-1.0053,0.74476,-0.68359,1.7809,-0.095369
-1.2807,-0.24324,0.3723,-1.0728,0.74452,-0.65162,1.8974,0.098536
-1.7483,-0.034022,0.64432,-1.274,0.56054,-0.73789,1.86,-0.031396
-1.3334,-0.024683,0.55997,-1.2077,1.0409,-0.80696,1.7487,-0.057419
-1.4463,-0.39357,0.71142,-1.1411,0.52606,-0.63348,2.1448,-0.1655
-1.3892,-0.37668,0.49146,-0.97268,0.75882,-0.57027,2.0565,-0.41915
-1.2243,0.039455,0.58809,-1.2042,0.63018,-0.79977,1.8564,-0.0326
-1.0916,-0.36714,0.44869,-1.1912,0.94974,-0.7692,2.0686,-0.39649
-1.3086,0.050033,0.43289,-1.3156,0.66927,-0.64205,1.9977,-0.17645
-1.2425,-0.047746,0.57698,-1.1897,0.99982,-0.73038,1.763,-0.024223
-1.6652,-0.14759,0.4746,-1.1126,0.70766,-0.51502,2.0252,-0.1294
-1.3435,0.059069,0.50539,-1.1604,0.68037,-1.0249,2.2031,0.11383
-1.1589,0.11569,0.82793,-1.0645,0.82612,-0.45469,1.9714,-0.024694
-1.5164,-0.28553,0.78815,-1.0888,0.31417,-0.67615,1.789,-0.3055
-1.6312,-0.54042,0.57156,-1.2335,0.80965,-0.86873,1.5886,-0.14662
-1.1146,0.048258,0.72725,-1.3019,0.72019,-0.49284,2.0291,-0.56148
-1.4413,-0.19636,0.62216,-1.3483,0.99264,-0.81553,1.8772,-0.54465
-1.5552,-0.032884,0.73603,-1.179,0.42003,-0.74979,1.9389,-0.27234
-1.3279,-0.14396,0.7782,-1.3999,0.78448,-0.72416,1.8824,-0.13178
-1.2823,0.21488,0.77736,-1.5175,0.81556,-0.92559,1.8348,-0.068184
-1.3114,-0.26296,0.65532,-1.299,0.31908,-0.73697,2.0743,-0.13136
-1.0551,0.11072,0.80761,-0.97956,0.8567,-0.72061,1.9055,-0.057103
-1.3998,-0.26877,0.39608,-0.69642,0.9397,-0.32233,1.8812,0.042194
-1.4882,0.11145,0.58217,-1.0172,0.49969,-0.72566,2.164,-0.16033
-1.2133,-0.007591,0.73408,-1.2557,0.57998,-0.66113,2.0573,0.11403
-1.1349,0.026622,0.66368,-1.0837,0.77137,-0.3446,1.7499,-0.47491
-1.2244,0.24451,0.77958,-1.542,0.66887,-0.36755,2.0198,0.088979
-0.84435,-0.078278,0.6221,-0.95259,0.93406,-0.27651,1.7335,-0.010958
-1.535,-0.11621,0.24452,-0.99626,0.76352,-0.52771,1.9475,-0.23281
-1.258,-0.093585,0.70616,-1.2838,0.84262,-0.77706,1.6643,-0.26452
-1.3107,0.087268,0.81338,-1.3883,0.79355,-0.96013,2.5213,-0.42073
-1.4296,-0.0023068,0.68474,-1.1726,0.45004,-0.88824,2.3982,-0.10951
-1.1751,-0.095124,0.86388,-1.288,0.79913,-0.91186,1.8009,-0.07757
-1.2699,-0.33746,0.7607,-1.1265,0.83401,-0.62415,1.9443,-0.50702
-1.1158,0.0088356,0.87416,-1.2124,0.60502,-0.91195,1.9242,-0.28141
-1.1235,0.037192,0.4252,-1.0535,0.82962,-0.57725,1.7332,-0.1395
-1.4703,-0.015329,0.69375,-1.3501,0.74016,-0.67618,1.8845,-0.13309
-1.1275,-0.22377,0.69817,-1.3132,0.83061,-0.29177,1.9399,-0.071943
-0.93103,-0.25859,0.7001,-1.5018,1.0589,-0.43155,2.1389,-0.27263
-1.1503,0.074791,0.47638,-1.13,0.94542,-0.27013,1.9406,-0.14248
-1.1823,-0.10895,0.63521,-1.0232,0.61879,-0.62851,1.8994,-0.20582
-1.097,0.076103,0.83544,-1.2218,0.70904,-0.68863,2.0122,-0.16805
-0.67832,0.093876,0.74546,-1.4255,0.57047,-0.38765,1.9038,-0.052902
-1.0529,-0.010181,0.47171,-1.1504,0.69852,-0.57236,1.7641,-0.2184
-0.95388,0.17648,0.68556,-1.0419,0.73577,-0.47657,1.6111,-0.4977
-1.0175,-0.18686,0.58159,-1.3327,0.72355,-0.62362,1.8781,-0.25804
-1.2366,0.33429,0.55499,-1.1281,0.72477,-0.52181,2.0842,-0.72404
-1.2261,0.32623,0.54863,-1.1328,0.7979,-0.71279,1.9838,-0.23601
-1.1095,-0.00034372,0.78179,-1.2533,0.50846,-0.57478,2.2394,-0.34263
-1.0971,0.19315,0.61131,-1.3718,1.0876,-0.36667,1.9633,-0.34327
-0.96092,0.14649,0.59023,-1.3606,0.84429,-0.44131,2.0291,-0.10771
-1.0233,0.30878,0.82995,-0.98767,0.65092,-0.6461,1.7352,-0.4846
-0.91332,-0.020092,0.37953,-1.4464,0.91124,-0.29232,1.9228,0.0011496
-0.81401,-0.16134,0.84965,-1.4389,0.56221,-0.88012,2.0788,-0.20301
-1.191,0.11247,0.74501,-1.4395,0.83494,-0.55245,1.8059,-0.015939
-1.0744,0.075088,0.57015,-1.3598,0.7093,-0.68078,1.7495,-0.086719
-0.94291,-0.13202,1.0544,-1.1732,0.80928,-0.59457,1.7726,-0.34074
-0.89947,0.15227,0.60395,-1.5453,0.84892,-0.94735,1.9702,-0.46451
-0.94335,0.074354,0.76126,-0.95155,0.69378,-0.82434,1.8642,-0.07012
-0.73625,0.03538,0.6512,-0.99412,0.83667,-0.59752,1.6715,-0.2599
-0.92963,-0.082712,0.68525,-0.99043,0.94518,-0.67505,2.0349,-0.5168
-1.0889,0.11181,0.51531,-1.2843,0.45654,-0.46125,2.0372,-0.44209
-1.1106,0.10377,0.85829,-1.241,0.7197,-0.54215,1.9416,-0.074159
-0.89948,-0.032279,0.82713,-1.6605,0.4867,-0.38473,1.835,-0.19221
-0.89745,0.23578,0.79807,-1.1184,0.77485,-0.58,1.7809,-0.53987
-1.0452,-0.09486,0.80532,-1.1134,0.70064,-0.78096,1.6904,-0.4445
-0.72964,-0.18136,0.9719,-1.0572,0.71206,-0.36791,1.9595,-0.086255
-0.88605,-0.11492,0.74779,-1.3811,0.78871,-0.77974,1.9299,-0.25543
-0.60439,-0.26799,0.53858,-1.5373,0.80868,-0.52105,1.8545,-0.74341
-0.95765,0.088866,0.89301,-1.6033,0.77956,-0.79774,1.6313,-0.27596
-0.74301,0.28763,0.55666,-1.252,0.80603,-0.72794,1.6478,-0.10183
-0.9035,-0.22196,0.86011,-1.3563,0.82579,-0.38328,1.6181,-0.52418
-0.50522,0.13621,0.46304,-1.1345,1.0535,-0.82638,1.9871,-0.34642
-0.88975,0.074625,0.7834,-1.7034,0.74942,-0.5875,1.9455,-0.23385
-0.52923,0.17024,0.50961,-1.5089,0.59987,-0.43816,2.2064,0.038292
-0.50184,0.29527,0.64019,-1.4876,1.0075,-0.79556,1.9956,-0.16359
-0.78269,-0.21832,0.39419,-1.1453,0.74398,-0.19869,1.6975,-0.26784
-1.0098,0.35452,0.90289,-1.2724,0.71716,0.0135,1.7725,-0.51288
-0.87667,-0.10716,0.42548,-1.6109,0.74356,-0.7547,1.7429,-0.71083
-0.55215,0.1517,0.58634,-1.4158,0.83683,-0.57023,1.658,-0.37258
-0.92677,0.27519,0.60465,-1.4522,0.66173,-0.79625,1.9492,-0.21473
-0.76075,0.11383,0.49665,-1.1335,0.64442,-0.52651,1.807,-0.41151
-0.70796,-0.12847,0.80718,-1.1052,0.91213,-0.61613,1.6421,-0.18148
-0.60123,0.18785,0.71753,-1.4262,0.8754,-0.71467,1.7795,-0.1992
-0.94079,0.23029,0.68504,-1.2684,0.98899,-0.58644,1.7579,-0.24185
-0.73184,0.22671,0.61708,-1.3683,1.1159,-0.59197,1.867,-0.62203
-0.71173,-0.10684,0.76422,-1.2941,0.59978,-0.48984,1.4391,-0.44147
-0.78845,0.012338,0.5147,-1.3742,0.67779,-0.83172,1.6955,-0.52566
-0.61657,0.0059103,0.21358,-1.3313,0.8643,-0.38608,2.0154,-0.56874
-0.3769,0.26888,0.54652,-1.2636,0.68055,-0.59954,1.6986,-0.24598
-0.87164,-0.095932,0.57819,-1.4988,0.86714,-0.70391,1.5705,-0.27922
-0.84585,0.19683,0.73238,-1.5373,1.1273,-0.79932,1.6917,-0.15433
-0.61926,-0.10572,0.58005,-1.5589,0.88074,-0.59422,1.7251,-0.13406
-0.5096,-0.0037463,0.78559,-1.007,0.34274,-0.53429,1.7324,-0.64815
-0.93476,0.027791,0.59454,-1.318,0.96721,-0.42332,1.8716,-0.042264
-0.72387,-0.070243,0.7279,-1.1475,1.1268,-0.7314,2.0516,-0.1621
-0.20437,0.086861,0.90159,-1.6098,0.57541,-0.45574,2.0369,-1.0123
-0.41283,0.18298,0.82188,-1.324,0.88216,-0.31067,1.5605,-0.42376
-0.72353,0.26944,0.55947,-1.4258,0.81573,-0.53623,1.7285,-0.42174
-0.57655,0.019114,0.88923,-1.4203,0.86026,-0.51143,1.4876,-0.44593
-0.66758,0.24462,0.69207,-1.4075,0.82401,-0.34498,2.0077,-0.57181
-0.75662,0.30906,0.74519,-1.2617,0.79833,-0.3123,1.7024,-0.32834
-0.43038,0.31205,0.95936,-1.2446,0.83624,-0.77454,1.3857,-0.74002
-0.59147,0.21635,0.89576,-1.2393,0.85109,-0.72182,1.7826,-0.77498
-0.5328,0.0044774,0.61715,-1.5124,0.73157,-0.53101,1.9334,-0.71027
-0.15739,0.034419,0.62054,-1.1612,1.1766,-0.20389,1.8577,-0.05208
-0.39563,0.19874,0.66202,-1.4545,0.93068,-0.39439,1.6199,-0.53042
-0.4181,0.16329,0.73586,-1.3741,1.1318,-0.59635,1.6133,-0.49736
-0.35989,0.20744,0.65056,-1.4136,0.95316,-0.54432,1.5911,-0.61316
-0.60938,0.35268,0.81313,-1.3127,1.0699,-0.45229,1.8422,-0.36948
-0.4485,0.3617,0.74697,-1.4616,1.1977,-0.66082,1.7301,-0.58673
-0.66703,0.090269,0.85505,-0.8859,0.93261,-0.58372,1.7164,-0.15777
-0.79406,0.10901,0.78258,-1.2119,1.0406,-0.4085,1.6338,-0.32137
-0.51316,-0.08579,0.78638,-1.0015,0.95249,-0.57444,1.5649,-0.41059
-0.49339,0.10903,0.92848,-1.3316,0.67145,-0.5925,1.4824,-0.72149
-0.60101,0.25513,0.68098,-1.3532,0.55457,-0.39162,1.5692,-0.76312
-0.7598,-0.15996,0.78487,-1.2395,0.91501,-0.26583,1.724,-0.26264
-0.43976,-0.24042,0.6251,-1.3545,0.94379,-0.20434,1.5899,-0.58229
-0.55769,0.13575,0.82449,-1.0877,1.0832,-0.61762,1.8214,-0.3045
-0.48135,0.38114,0.84324,-1.6673,0.75722,-0.3933,1.4582,-0.44176
-0.46351,0.094221,0.59937,-1.0367,0.96748,-0.37598,1.6599,-0.40025
-0.58393,-0.17397,0.7429,-1.0924,0.94835,-0.63509,1.7466,-0.74396
-0.3044,-0.02777,0.90446,-1.096,1.1582,-0.38377,1.8158,-0.72897
-0.34925,0.61148,0.52775,-1.0866,0.9393,-0.62143,1.4509,-0.61859
-0.31721,0.50258,0.53198,-1.191,0.5031,-0.65086,1.62,-0.54264
-0.39644,0.23476,0.35389,-1.1105,1.0769,-0.55346,1.9572,-0.87623
-0.20905,0.333,1.1908,-1.3091,1.0006,-0.29441,1.658,-0.58558
-0.12203,0.32016,0.81894,-1.3982,0.86643,-0.77043,1.5198,-0.30167
-0.30108,0.32115,0.78593,-1.4413,0.76722,-0.41095,1.7255,-0.47078
-0.59652,0.42432,0.51033,-1.5078,0.93992,-0.58469,1.8094,-0.45004
-0.34541,0.20316,0.77572,-1.1482,0.9245,-0.254,1.2812,-0.41726
-0.32119,0.52964,0.81361,-1.5465,0.913,-0.2896,1.5315,-0.31848
-0.25418,0.15494,0.70104,-1.1672,1.0897,-0.58029,1.5554,-0.50619
-0.46389,0.1025,0.86988,-1.4124,0.98182,-0.47941,1.2339,-0.32531
-0.73405,0.30352,0.43276,-1.4765,0.91123,-0.55375,1.5892,-0.71051
-0.16055,0.34192,0.51154,-1.2939,0.80394,-0.38786,1.6035,-0.24167
0.018541,0.49624,0.69583,-1.2178,0.67149,-0.62258,1.5262,-0.50154
-0.52937,0.097462,0.58328,-1.4709,0.91501,-0.42399,1.3984,-0.7078
-0.40671,-0.040319,0.60117,-1.4203,0.7874,-0.45848,1.7075,-0.56435
-0.43769,0.20461,1.0432,-1.2341,0.81369,-0.7929,1.5359,-0.70762
-0.18829,0.57289,0.50708,-1.4569,1.1007,-0.22527,1.3995,-0.65191
-0.07935,0.19705,0.70837,-1.2354,1.1111,-0.70535,1.4682,-0.31576
-0.2849,-0.040981,0.93688,-1.3375,0.71066,-0.59255,1.4659,-0.44827
-0.18389,0.36845,0.65827,-1.216,0.95833,-0.47563,1.3667,-0.5826
-0.46708,0.36165,0.47718,-1.4433,1.1474,-0.28434,1.5588,-0.82655
-0.10689,0.085964,0.61162,-1.3913,1.1571,-0.40016,1.4964,-0.35459
-0.2257,0.3077,0.90011,-1.0785,1.2002,-0.391,1.432,-0.554
-0.2068,0.45017,0.92811,-1.1495,0.51848,-0.53614,1.6843,-0.40207
-0.27801,0.046975,1.021,-1.5169,0.85566,-0.55272,1.4762,-0.62753
-0.26684,0.26686,0.54075,-1.0269,0.63472,-0.1525,1.3024,-0.66197
-0.17003,0.29432,0.79887,-0.86159,0.94223,-0.42611,1.0129,-0.51898
-0.37422,0.39177,0.81077,-1.3342,1.1137,-0.10308,1.5024,-0.59838
-0.60113,0.071141,0.87951,-1.3008,0.87083,-0.28317,1.35,-0.53515
-0.1595,0.22053,0.58926,-1.1825,1.4332,-0.4996,1.1448,-0.80195
0.0084725,0.60831,0.67945,-1.4451,0.67463,-0.59328,1.408,-0.58561
-0.23292,0.066298,0.60118,-1.1022,1.1366,-0.19641,1.2293,-0.86198
-0.097776,0.32115,0.73286,-1.4466,1.1707,-0.12547,1.5452,-0.7675
-0.51122,0.52609,0.58275,-1.4052,0.78983,-0.61037,1.1844,-0.61309
-0.34008,0.13112,0.83202,-1.1665,0.84463,-0.029902,1.4351,-0.24466
-0.18632,0.45264,0.7149,-1.088,0.79052,-0.21716,1.3741,-0.90012
-0.19389,0.16395,0.46278,-1.0597,0.84675,-0.19242,1.7173,-0.46685
-0.10353,0.32316,0.66836,-1.3219,0.8801,-0.14662,1.544,-0.76757
-0.013555,0.45743,0.74441,-1.2193,1.0887,-0.26949,1.5097,-0.51247
-0.17719,0.1351,0.64343,-1.214,0.95497,-0.15864,1.3535,-0.74218
-0.51928,0.10892,0.62241,-1.0734,0.93105,-0.12798,1.4328,-0.38409
-0.094055,0.026265,0.7735,-1.4165,1.209,-0.44173,1.7443,-0.37601
-0.057814,0.30439,0.57357,-1.2951,0.99824,-0.025825,1.2338,-0.53019
-0.024248,0.38229,0.67109,-1.2139,0.86848,-0.65965,1.2424,-0.99006
-0.34951,0.12098,0.86513,-1.4551,0.8358,-0.46873,1.5546,-0.22484
-0.14284,0.35044,0.93189,-1.2347,0.76333,-0.46497,1.1227,-0.81083
-0.36586,0.045163,0.58784,-1.4825,1.0393,-0.21593,1.4102,-0.4935
-0.085272,0.15814,0.69659,-1.2804,1.2295,-0.49725,1.175,-0.77654
-0.40456,0.34533,0.75432,-1.7394,0.97574,-0.45517,1.5319,-0.46881
0.059975,0.5218,0.86173,-1.2536,1.0683,-0.32817,1.5075,-0.76004
0.017457,0.15655,0.91407,-1.3068,0.67278,-0.12857,1.1327,-0.44167
-0.4657,-0.037916,1.0252,-1.5562,0.77601,-0.20372,1.6605,-0.48298
-0.37208,0.50865,0.44509,-1.0869,1.3209,-0.14012,1.4333,-0.52859
-0.30733,0.28936,0.44924,-1.3171,0.76219,-0.035518,1.3734,-0.49858
-0.091639,0.1406,0.55706,-1.1905,1.0744,-0.50086,1.5152,-0.70006
-0.043284,0.18819,0.59545,-1.6428,1.1089,-0.55016,1.3312,-0.62563
-0.31461,0.4591,0.90116,-1.6211,0.8595,-0.31576,1.3675,-0.26135
-0.14394,0.43215,0.93323,-1.1692,0.83542,-0.36263,1.3601,-0.82819
-0.25774,0.65329,0.72474,-1.2497,0.78169,-0.52906,0.95963,-0.63982
-0.47123,0.079688,0.29724,-1.2417,1.387,-0.4585,1.4122,-0.49263
-0.025347,0.34852,0.64739,-1.248,1.2001,-0.27236,1.1719,-0.67969
-0.032989,0.24648,0.64805,-1.2479,1.0288,-0.51753,1.3433,-0.55423
-0.19149,0.39966,0.74945,-1.559,1.061,-0.18202,1.5498,-0.44634
0.004203,0.15491,0.48978,-1.165,0.99535,-0.64694,1.398,-0.77409
-0.15972,0.088445,0.78017,-1.0011,1.1503,-0.29351,1.2042,-0.57956
0.11177,0.29033,0.3837,-1.4665,0.79045,-0.25658,0.98273,-0.89199
0.16505,0.58326,0.81869,-1.2955,1.2434,-0.2253,1.039,-0.7865
-0.19728,0.35439,0.73905,-1.0726,1.2655,-0.55567,1.6113,-0.57104
-0.065961,0.14575,0.58456,-1.4148,0.82478,-0.35327,0.83811,-0.49209
0.20039,0.20277,0.73653,-0.99234,0.90204,-0.28691,1.349,-0.80006
0.22944,0.70694,0.47645,-1.0338,0.90816,-0.50159,1.1292,-0.6419
-0.17734,0.82698,0.9045,-1.3002,1.0452,-0.28221,1.2691,-0.31091
0.0060786,0.35148,0.92945,-1.2514,1.1797,-0.45566,1.0629,-0.71107
-0.24566,0.21154,1.0059,-1.5664,0.94008,-0.26663,1.1527,-0.60337
0.02785,0.4351,0.80553,-0.86266,0.7546,-0.73412,1.4237,-0.81871
-0.05166,0.64801,0.50797,-1.453,1.2046,-0.35611,1.33,-0.58234
-0.17291,0.30198,0.7997,-1.0678,1.2662,-0.5689,1.1135,-0.67119
0.051429,0.48308,0.66934,-1.2105,1.1921,-0.49639,1.1705,-0.67323
-5.2642e-05,0.52318,0.59408,-1.2615,1.0222,-0.13027,1.3469,-0.90584
0.18234,0.7455,0.53335,-1.0875,0.9209,-0.50658,1.1219,-0.6738
0.18363,0.56662,0.68719,-1.2901,0.96606,-0.36215,0.93496,-0.90428
-0.18029,0.31801,0.74281,-1.3354,1.0273,-0.18621,1.4016,-0.48873
-0.45181,0.57604,0.77385,-1.2186,1.2084,0.072457,1.0961,-0.8501
-0.092505,0.38629,0.60532,-1.2289,1.0723,-0.50183,1.3896,-0.84515
-0.045385,0.69949,0.50983,-1.5992,0.98992,-0.35798,1.0994,-0.60133
0.075967,0.47017,0.3191,-1.2731,0.94209,-0.46058,1.372,-0.45949
-0.12798,0.60879,0.50585,-1.2112,1.0476,-0.43561,1.3737,-0.57605
-0.23199,0.36508,0.6238,-1.4598,1.1113,-0.48802,0.9098,-0.75412
-0.2844,0.5051,0.69028,-1.0914,0.94618,-0.30293,0.87446,-0.43465
-0.34799,0.54279,0.56327,-1.0581,1.1084,-0.062318,1.2497,-0.92341
0.043644,0.56938,0.84058,-0.95624,0.95311,-0.25339,0.87895,-0.35671
0.57233,0.11624,0.70268,-0.94354,1.1661,-0.3825,0.84198,-0.89023
-0.12217,0.35208,0.60781,-1.4167,1.2684,-0.18989,0.99218,-0.63623
-0.031901,0.39548,0.64355,-1.4767,1.1439,-0.5529,0.97131,-0.67992
-0.37033,0.53952,0.74567,-1.2851,0.91829,-0.21853,0.93972,-0.88884
-0.37722,0.61784,0.33853,-1.3743,0.8395,-0.094051,0.92355,-0.80754
-0.23088,0.67134,0.93366,-1.2447,1.2235,-0.17229,0.84853,-1.1373
-0.35047,0.53313,0.51675,-0.9734,1.0726,-0.35408,0.97504,-0.75897
-0.0060862,0.19431,0.7639,-0.95791,0.99266,-0.46794,1.247,-0.81555
-0.065106,0.63465,0.22752,-1.1437,0.849,-0.66219,0.93514,-1.1034
0.059986,0.30597,0.34004,-1.1598,0.53167,-0.25295,1.2129,-0.40131
-0.33009,0.44706,0.67568,-1.1469,0.81496,-0.48262,1.0211,-0.537
0.091974,0.62295,0.62569,-1.446,0.6971,-0.282,1.238,-0.86427
0.0015614,0.92644,0.79825,-1.1895,1.4683,-0.41503,0.84032,-0.73775
0.247,0.38711,0.69411,-1.1389,1.0275,-0.38082,0.93523,-0.63788
-0.01554,0.53853,0.30475,-1.2833,0.87293,-0.19314,1.204,-1.0376
0.060459,0.37831,0.60582,-1.0204,0.94447,-0.18437,1.0701,-0.68344
-0.029874,0.54324,0.42533,-1.1436,0.81628,-0.12486,0.91747,-0.82281
-0.16669,0.6261,0.46491,-1.0326,0.99856,-0.021134,1.1259,-0.8658
-0.461,0.32524,0.73307,-1.0342,0.92073,-0.19002,1.0977,-0.61792
-0.050565,0.63482,0.96371,-1.1817,1.0589,-0.23272,0.90255,-0.53953
0.25163,0.22019,0.40274,-0.93403,0.69252,-0.32349,0.78382,-0.80261
-0.056892,0.37037,0.60156,-1.4893,0.94236,-0.14366,1.3017,-0.60982
-0.34941,0.40744,0.5043,-1.1388,1.1759,-0.12865,0.84918,-0.92721
-0.22323,0.6723,0.49763,-1.0371,0.98884,-0.48376,0.91315,-0.91278
-0.24391,0.54027,0.48014,-1.1253,0.99961,-0.20588,1.0334,-0.62632
-0.011628,0.67393,0.5203,-1.167,1.1216,-0.16291,1.1059,-0.90888
-0.17309,0.47343,0.4877,-1.1134,1.0428,-0.17143,1.3278,-0.66773
-0.2235,0.78193,0.32232,-0.92014,1.0078,-0.39126,0.82518,-1.0135
-0.70499,0.41189,0.72315,-1.2231,1.0364,-0.46163,0.6604,-0.89697
-0.11749,0.6136,0.76267,-1.1301,1.0115,-0.10923,0.93714,-0.71686
0.17902,0.55265,0.66159,-1.2434,0.88054,-0.2986,0.97638,-0.53981
-0.027421,0.56004,0.28545,-1.1204,1.0358,-0.20039,0.65957,-0.97166
-0.4095,0.47933,0.35169,-1.0033,1.1842,-0.067953,0.92237,-0.58306
0.12343,0.52336,0.49895,-1.2661,1.0474,-0.29353,0.94599,-0.76029
-0.12358,0.56386,0.52851,-1.2503,1.4213,-0.064484,1.032,-0.7477
-0.16154,0.74579,0.63901,-1.1216,1.2101,-0.35524,0.93957,-0.68918
-0.15317,0.66439,0.35965,-1.0826,0.86568,-0.2609,1.0847,-0.84253
-0.20026,0.40165,0.56727,-1.2419,1.2966,-0.47807,1.0857,-0.42949
-0.34673,0.35776,0.27917,-1.005,1.2332,-0.40983,0.59535,-0.67799
-0.24567,0.24132,0.59843,-0.95304,1.1357,-0.27365,0.78346,-1.0768
-0.12116,0.52509,0.53704,-0.85484,0.9261,-0.39351,0.95046,-0.79482
-0.13488,0.51532,0.58492,-0.83215,0.5605,-0.26077,0.92897,-0.76139
0.24383,0.29603,0.55086,-1.1021,0.82305,-0.65505,1.1309,-0.60662
-0.07799,0.77393,1.0525,-1.1978,0.92843,-0.27441,0.85552,-0.54353
-0.05322,0.5664,0.38032,-1.2937,0.99445,-0.11809,0.89611,-0.61018
0.021047,0.7734,0.73398,-0.96086,0.8949,-0.048959,0.75569,-0.48153
-0.21405,0.56673,0.42868,-0.87395,1.1188,-0.23337,0.8822,-0.8799
-0.28999,0.89059,0.47956,-0.94594,0.97605,-0.4376,0.70447,-0.77499
0.074837,0.46335,0.075056,-1.0532,0.62304,-0.23131,0.79168,-0.784
-0.11603,0.24295,0.29808,-1.1103,1.0534,-0.094897,1.1105,-0.79497
0.15022,0.63193,0.30367,-0.90124,0.84015,-0.54231,1.0632,-0.63175
-0.089366,0.44136,0.22029,-1.1995,0.8905,-0.34629,0.64449,-0.87495
-0.22689,0.3231,0.52044,-1.2023,1.3446,-0.22023,0.82602,-0.70105
-0.2705,0.69997,0.56976,-1.3657,0.91222,-0.29458,0.8857,-0.67511
-0.09072,0.71353,0.31747,-0.85636,1.1612,-0.29593,0.85834,-0.93416
-0.13434,0.74181,0.58632,-1.2115,0.78117,-0.46188,0.87209,-0.96099
-0.2901,0.72689,0.69046,-0.99222,1.1339,-0.1448,0.88718,-0.86954
-0.17021,0.70916,0.70548,-1.5563,1.0589,-0.26755,0.838,-0.66241
-0.49921,0.76422,0.37351,-0.99364,1.1456,-0.10227,0.91118,-0.52565
-0.16472,0.46798,0.45245,-0.89391,1.0733,-0.31558,0.59175,-0.68608
-0.39964,0.91,0.24899,-1.2369,0.65276,-0.3715,0.78697,-0.82899
-0.16437,0.76607,0.58923,-0.94224,0.87415,-0.37283,0.44431,-1.0407
-0.12941,0.82806,0.43662,-1.0869,0.76426,-0.27939,1.0765,-0.59315
-0.39456,0.84172,0.63213,-1.0867,0.5111,-0.4479,0.66178,-0.68004
-0.15707,0.53178,0.36991,-0.89472,0.77981,-0.34631,1.0238,-0.81483
-0.18668,0.55236,0.60691,-1.1511,1.113,-0.39198,0.52943,-0.89581
-0.35847,0.40229,0.56018,-1.1521,0.902,-0.12127,0.97366,-0.9175
-0.10559,0.67953,0.33546,-1.1743,1.0466,0.01438,0.78727,-0.64297
-0.51039,0.58541,0.30461,-0.80222,1.0425,-0.18158,0.90564,-0.79889
-0.1656,0.69283,0.68203,-0.94956,1.0752,-0.40417,0.91306,-1.0544
-0.20607,0.53475,0.35286,-1.0769,1.0315,-0.18322,0.76066,-0.51418
-0.10485,0.44559,0.13663,-1.0422,0.98492,-0.32384,0.78084,-0.69475
-0.092738,0.47347,0.36535,-0.77694,1.2255,0.080813,0.51748,-0.9775
-0.15682,0.46666,0.69263,-1.0455,0.85377,-0.22201,0.67455,-0.56836
-0.17852,0.642,0.30497,-0.84995,0.79736,-0.16735,0.68117,-0.72402
-0.3472,0.53034,0.51427,-1.2543,1.1214,-0.54544,0.83943,-0.61289
-0.28403,1.0114,0.54874,-1.4225,1.2863,-0.081744,0.84242,-0.91027
-0.26476,0.37594,0.43306,-1.1631,0.98538,-0.21458,1.0074,-0.66591
-0.34264,0.41301,0.46655,-0.80347,1.175,-0.39432,0.87998,-0.97496
-0.63611,0.76963,0.29266,-0.70896,1.2422,-0.33194,0.79442,-0.93665
-0.2701,0.49596,0.63948,-1.2625,1.2161,-0.39587,0.95183,-0.78923
-0.19341,0.5644,0.30692,-0.89684,0.99431,-0.29525,0.80952,-0.79748
-0.48667,0.54922,0.073833,-0.96109,0.95407,-0.098691,0.56393,-0.46296
-0.36692,0.52276,0.40481,-0.917,0.78548,-0.46692,0.7564,-0.49287
-0.16278,0.75797,0.1909,-0.57797,1.2176,-0.3202,0.76372,-0.59631
-0.33427,0.42636,0.38761,-1.0339,0.87131,-0.31614,1.2731,-0.91109
-0.40716,0.57476,0.19997,-0.87421,0.74114,-0.18814,0.88722,-0.69061
-0.2971,0.52665,0.44874,-1.3708,0.98777,-0.46361,0.77734,-0.8202
-0.15243,0.31781,0.36919,-1.151,0.99239,-0.25165,0.69268,-0.73133
-0.27975,0.68728,0.28143,-0.86314,0.93174,-0.37922,0.85516,-0.61673
-0.5355,0.5342,0.21176,-1.1832,1.0819,-0.27564,0.68713,-0.50398
-0.6325,0.50918,0.24043,-0.60643,0.61581,-0.22292,1.0228,-0.78882
-0.34636,0.45018,0.77546,-0.90314,0.80918,-0.12691,0.7573,-0.93382
-0.56078,0.55152,0.28085,-0.75844,1.1029,-0.32918,0.51524,-0.5957
-0.40742,0.82936,0.32744,-0.55915,0.77917,-0.40951,1.0295,-0.7068
-0.35462,0.72301,0.25459,-0.70063,1.0012,-0.44523,0.98429,-0.72167
-0.37628,0.65037,0.58448,-0.86757,0.98044,-0.6052,0.71189,-0.64136
-0.48311,0.84111,0.1731,-0.91284,0.81355,-0.24721,0.84982,-0.70496
-0.43978,0.63328,0.27777,-0.86843,0.90382,-0.41721,1.0262,-0.90016
-0.76669,0.58948,0.29464,-0.93559,1.1974,0.10681,0.92177,-0.71433
-0.73222,0.46271,0.66545,-1.5867,1.2026,-0.065594,0.69383,-0.63346
-0.97984,0.81211,0.48773,-0.86505,1.0983,-0.14753,0.67899,-0.76474
-0.47003,0.64116,0.16328,-0.80796,0.98568,-0.54455,0.7416,-0.5075
-0.018812,0.71744,0.35541,-0.68973,0.51338,-0.35855,0.79331,-0.62225
-0.36422,0.59667,0.37252,-1.234,0.91145,-0.042871,0.97344,-0.63918
-0.29603,0.50952,0.2817,-0.85541,1.0443,-0.45748,0.82251,-0.58741
-0.40111,0.47018,0.38114,-1.1737,0.9291,-0.15721,1.0248,-0.48514
-0.34795,0.88889,0.33575,-1.0911,1.3057,-0.2959,0.62655,-0.63406
-0.62386,0.83234,0.23178,-0.99705,0.56213,-0.16667,0.83357,-0.54456
-0.45643,0.64371,0.53345,-0.70627,0.8967,-0.41549,0.88193,-0.415
-0.41952,0.52157,0.16219,-0.66672,0.87601,-0.34957,0.99551,-0.62356
-0.75843,0.49832,0.50105,-0.94322,0.78844,-0.21957,0.67601,-0.30407
-0.77382,0.55611,0.46446,-0.5605,1.106,-0.22552,0.56519,-0.76029
-0.71124,0.83479,0.12251,-1.1699,1.0999,-0.07843,0.60643,-0.54201
-0.42591,0.54226,0.46486,-0.8735,0.91728,-0.053148,0.8301,-0.76645
-0.62848,0.69688,0.064415,-0.85917,0.9711,-0.33434,0.8664,-0.82034
-0.39114,0.55072,0.88521,-1.0106,0.71752,-0.29921,0.96556,-0.62436
-0.87378,0.41018,0.058872,-0.99143,0.87021,-0.34544,0.92901,-0.93363
-0.5806,0.43926,0.43225,-1.0764,1.0524,-0.56248,1.2375,-0.77618
-0.82607,0.42642,0.50359,-0.60586,0.8106,-0.1149,0.7727,-0.79831
-0.77378,0.79429,0.34217,-0.76156,1.1074,-0.12661,0.59496,-0.45972
-0.77547,0.8241,0.41847,-0.79966,1.049,-0.45311,0.46709,-0.68494
-0.59622,0.62928,0.12703,-0.73741,0.88224,0.0013692,0.53961,-0.48816
-0.78289,0.85818,0.47861,-0.73528,0.76794,-0.21413,0.9042,-0.63598
-0.80339,0.65217,0.21482,-0.73688,0.99262,-0.26719,0.70546,-0.55809
-0.70804,0.58296,0.27373,-0.78856,0.95779,-0.56106,0.65502,-0.40648
-0.37153,0.51909,0.54858,-0.7519,0.84289,-0.18037,0.37215,-0.65834
-0.51201,0.97447,0.28967,-0.91495,0.65476,-0.1832,0.45482,-0.21208
-0.88434,0.93145,0.45024,-0.92282,1.2768,-0.41944,0.81728,-0.67142
-1.0347,0.35479,0.40631,-1.0164,1.0805,-0.24021,0.57003,-0.73631
-0.87304,0.76621,0.39087,-0.86721,1.2586,-0.21473,0.70886,-0.32174
-0.60649,0.35411,0.026771,-0.53736,1.0074,-0.3777,0.92321,-0.6221
-0.67379,0.67932,0.55531,-1.0195,1.3288,-0.36267,0.87106,-0.5027
-0.77922,0.7329,-0.20134,-0.65343,0.94757,-0.23861,0.70157,-0.66904
-0.85354,0.58021,0.14218,-0.86392,0.82602,-0.29196,0.84428,-0.65495
-0.62597,0.59834,0.20781,-0.88377,0.96026,-0.30768,0.68054,-0.71735
-0.75412,0.4516,0.20242,-1.0116,1.0045,-0.28627,0.75304,-0.32773
-0.74397,0.84304,0.15918,-0.4047,0.93637,-0.36685,0.5356,-0.69339
-1.0255,0.70993,0.42785,-0.77029,0.63075,-0.45266,0.8263,-0.55316
-0.72745,0.61827,0.018356,-0.94378,0.87224,-0.28692,0.47752,-0.63002
-0.71208,0.60565,0.052808,-1.0438,0.83757,0.016524,0.84804,-0.48724
-0.97705,0.89681,0.52584,-0.42638,1.0455,-0.19569,0.76227,-0.84655
-0.546,0.81585,0.29585,-0.76082,1.0503,-0.40816,0.94393,-0.69208
-0.74625,0.54679,0.27085,-0.90187,1.0767,-0.16809,0.77738,-0.20567
-0.87008,0.80522,-0.083357,-0.79614,1.198,-0.56639,0.93524,-0.71812
-0.80245,0.69095,0.27798,-0.81777,1.0986,-0.031616,0.9973,-0.73617
-1.147,0.67199,0.042701,-0.84732,1.28,-0.15303,0.96,-0.61891
-0.64417,0.60778,0.30469,-0.66236,0.8149,-0.36835,0.88101,-0.397
-0.99458,0.69378,0.18142,-0.85795,0.59346,-0.33898,0.5092,-0.51761
-0.90946,0.28686,0.28051,-0.76671,0.80657,-0.64484,0.45551,-0.41694
-0.68159,0.51732,0.26951,-0.91818,0.95937,-0.15197,0.78947,-0.70349
-0.70947,0.69716,0.57972,-0.63942,1.2675,-0.39091,0.84007,-0.64125
-0.70649,0.35645,0.037744,-0.45849,0.6523,-0.41481,0.825,-0.57872
-0.91713,0.72103,0.042324,-0.9167,0.4558,-0.20133,0.71397,-0.74573
-1.0961,0.69896,0.48766,-0.79912,0.84429,-0.07699,1.0959,-0.36816
-1.0568,0.87905,0.029717,-0.52016,0.82743,-0.32786,0.51555,-0.41942
-0.78083,0.88162,0.038724,-0.79067,0.88438,-0.23737,1.0144,-0.41714
-0.75998,0.6425,0.12231,-0.80855,0.76469,-0.46396,1.0778,-0.55561
-0.82739,0.34059,0.37347,-0.7618,1.2405,-0.28192,0.74549,-0.41368
-1.0583,0.67329,0.09257,-0.61525,0.9217,-0.63648,1.0365,-0.58081
-0.99163,0.40903,-0.052693,-0.75738,0.95656,-0.50424,0.83161,-0.22193
-1.0286,0.65254,0.19771,-0.83418,0.78595,-0.30386,0.80264,-0.51344
-1.1978,0.64323,0.36672,-0.58795,0.66355,-0.084651,0.96763,-0.44094
-1.3111,0.5463,0.052563,-0.57016,0.75679,0.0277,1.0024,-0.51577
-1.0728,0.3028,0.12386,-0.63018,0.90047,-0.36613,0.94067,-0.57523
-1.0207,0.57964,0.31964,-1.15,0.80928,-0.4453,0.84848,-0.63588
-0.98379,0.84859,0.27447,-0.82181,0.80778,-0.095019,1.0957,-0.67301
-1.1489,0.2779,0.046777,-0.65326,0.92835,-0.14411,0.64503,-0.43473
-0.93999,0.68484,0.036521,-0.71906,0.90457,-0.13426,0.92016,-0.41884
-0.91218,0.62343,0.31461,-0.79466,0.99364,-0.51709,0.88256,-0.62881
-0.9754,0.59552,0.26389,-0.73225,1.0747,-0.32628,0.74852,-0.90458
-1.1283,0.57242,0.18978,-0.88095,0.87895,-0.13765,0.55553,-0.55208
-1.1522,0.54575,0.0198,-0.73443,0.82771,-0.32699,0.95313,-0.21072
-0.97516,0.45904,-0.1402,-0.8163,0.84528,-0.65308,0.97864,-0.66665
-0.62641,0.61112,-0.0041343,-0.5821,0.85285,-0.43876,0.88481,-0.37237
-1.1907,0.45346,0.3749,-0.20297,0.91348,-0.013449,0.47383,-0.46566
-1.1721,0.67759,0.3371,-0.28293,0.9847,-0.19989,0.74604,-0.14903
-1.2953,0.63299,0.024822,-0.78863,0.75417,-0.062471,1.1814,-0.34886
-1.0284,0.50548,-0.031056,-0.84781,0.73442,-0.11757,0.86913,-0.68648
-0.98304,0.4455,0.1194,-0.67778,0.71139,-0.45863,0.8694,-0.34141
-1.0629,0.26253,-0.14671,-0.67332,0.94556,0.062849,0.85004,-0.3561
-1.179,0.765,-0.27519,-0.45605,0.66994,-0.345,0.8482,-0.63342
-0.77638,0.55309,0.068762,-0.74071,0.9186,-0.16523,0.75973,-0.35093
-1.0756,0.58366,0.014858,-0.70859,0.72045,-0.31624,1.068,-0.62991
-1.2689,0.58622,0.092367,-0.72698,0.70085,-0.45521,1.1132,-0.11007
-1.2244,0.77125,-0.08599,-0.58829,0.72212,-0.15259,0.95002,-0.23626
-1.083,0.61449,0.1865,-0.63547,0.72691,-0.20298,0.93264,-0.48114
-1.1039,0.31434,-0.086072,-0.76485,0.78193,-0.14228,1.0343,-0.27356
-1.3851,0.30314,0.2136,-0.51506,0.97524,-0.20336,0.69071,-0.41466
-1.1312,0.50224,0.12742,-0.96223,0.61075,-0.25416,0.91789,-0.41593
-0.97471,0.70192,0.18915,-0.87963,1.0183,-0.21728,1.067,-0.46007
-1.4201,0.4809,-0.2031,-0.84071,0.85093,-0.16909,0.775,-0.18402
-1.0852,0.52369,0.2024,-1.0355,1.0997,-0.2647,0.94952,-0.43508
-1.3522,0.436,-0.13403,-0.64578,0.89343,-0.048524,1.0001,-0.15674
-1.0961,0.45691,-0.19281,-0.78129,0.78514,-0.22794,0.80252,-0.47734
-1.3621,0.45591,0.14943,-0.64923,0.37386,-0.22093,0.8645,-0.25098
-1.1972,0.47851,-0.21121,-0.53805,0.80332,-0.34513,0.73384,-0.35036
-1.4134,0.59407,-0.17193,-0.93052,1.1088,-0.27014,0.92213,-0.53559
-1.1702,-0.078624,-0.014954,-0.32996,1.0764,-0.11961,0.49965,-0.11686
-0.95432,0.44701,0.38384,-0.57875,0.76965,-0.20432,1.0714,0.054285
-0.93229,0.63828,0.089968,-0.6577,0.59808,-0.28438,1.1507,0.076959
-1.2992,0.53996,0.12859,-0.53892,0.66876,-0.24358,0.80673,-0.055964
-1.2983,0.40925,-0.11377,-0.80076,0.31831,-0.24218,1.1397,-0.61955
-1.3641,0.52328,0.15739,-0.5576,0.70234,-0.39351,1.0529,0.0090811
-1.3221,0.42774,-0.0095213,-0.75815,0.62789,-0.55265,1.0907,-0.31213
-1.2009,0.51404,-0.22594,-0.71356,0.85361,-0.1244,1.2134,0.030946
-1.3663,0.51139,0.36098,-0.68666,0.9513,-0.37363,1.0144,-0.46299
-1.4081,0.56164,0.37874,-0.91024,0.8518,-0.36519,0.97407,-0.22129
-1.2153,0.27479,0.25078,-0.58387,0.61284,-0.49088,1.0018,0.026502
-1.5275,0.47673,0.41144,-0.89768,0.66987,-0.19218,1.2674,-0.38403
-1.4,0.25638,0.047414,-0.77414,0.83823,-0.5554,1.5049,-0.52295
-1.2769,0.59513,0.0012948,-0.4813,1.001,-0.32884,1.3833,-0.13793
-1.3582,0.48754,0.16249,-0.55568,0.88467,0.16513,0.88493,-0.36442
-1.5695,0.58937,0.14506,-0.78712,0.83516,-0.11965,1.0968,-0.43526
-1.5686,0.18101,0.17065,-0.56625,0.80833,-0.44951,1.0516,-0.22741
-1.8206,0.44227,-0.15162,-0.68868,0.87269,-0.38152,0.92176,-0.16541
-1.2694,0.17541,0.066954,-0.62223,0.91785,-0.46994,1.0762,-0.22969
-1.7017,0.59318,0.26213,-0.72921,0.77687,-0.079342,1.4131,-0.27686
-1.4377,0.55306,0.050166,-0.56969,0.66465,-0.099545,1.2727,-0.32024
-1.2522,0.35726,-0.14603,-1.016,0.51175,-0.57681,0.93051,0.067584
-1.3973,0.73645,-0.082565,-0.83014,0.86041,-0.22536,0.94572,-0.049711
-1.2645,0.58769,0.11291,-0.62889,0.72984,-0.20835,1.1377,-0.28199
-1.1681,0.36801,-0.031389,-0.90903,0.87306,-0.38417,1.2146,-0.21569
-1.5729,0.51323,-0.1666,-0.45694,0.79142,-0.46046,0.86942,0.040854
-1.5483,0.34177,0.11967,-0.59414,0.69618,-0.39601,1.234,0.16526
-1.4645,0.34163,-0.30665,-0.64326,0.61455,-0.2663,1.3228,-0.44329
-1.469,0.53572,-0.0080206,-0.68328,0.70493,-0.63177,1.0292,-0.19612
-1.394,0.37243,-0.33314,-0.66487,0.58534,-0.40765,0.95855,-0.052997
-1.2967,0.52972,0.050941,-0.34677,0.60339,-0.18939,0.92886,-0.37215
-1.0635,0.25703,0.30528,-0.70586,0.46518,-0.51166,1.3494,-0.18756
-1.3699,0.54032,-0.056087,-0.58229,0.70761,-0.1778,0.85363,-0.016429
-1.3523,0.43642,-0.24721,-0.55523,0.57927,-0.27753,1.5299,-0.58967
-1.3698,0.4057,0.19013,-0.68199,1.2044,-0.26475,1.2475,-0.057285
-1.6209,0.41317,0.079524,-0.73054,0.85546,-0.22371,1.0405,-0.20279
-1.3182,0.35395,0.15712,-0.77,1.0115,-0.028061,1.3075,0.024635
-1.3625,0.30706,-0.11368,-0.7119,0.81928,-0.19853,1.1667,-0.21099
-1.6891,0.062738,-0.074095,-0.67114,0.61472,-0.7506,0.82799,-0.13258
-1.5512,0.20765,-0.26264,-1.188,0.9893,-0.21658,1.1975,-0.24818
-1.5567,0.49218,-0.037429,-0.84703,0.81425,-0.20302,1.168,-0.029096
-1.1963,0.082718,-0.14585,-0.52451,0.64384,-0.083425,1.069,-0.12908
-1.1595,0.17337,-0.21916,-0.27906,0.70541,-0.47099,1.1282,0.19024
-1.5466,0.059588,-0.043294,-0.65241,0.29741,-0.039306,0.92263,-0.0048276
-1.5084,0.51102,0.17095,-0.58112,0.7569,-0.11805,1.5132,-0.096119
-1.6955,0.25996,-0.46325,-0.42681,0.68371,0.22249,1.0324,-0.040274
-1.8786,0.40209,0.11577,-0.83455,0.75749,0.096216,1.0212,0.14728
-1.7768,0.38569,0.10954,-0.81988,0.74125,-0.18801,1.1418,-0.0061566
-1.4769,0.34845,-0.19578,-0.97272,0.64497,-0.19761,1.4947,0.042915
-1.91,0.36729,-0.016795,-1.0647,0.62853,-0.2903,1.2396,-0.103
-1.5609,0.14378,0.03205,-0.67292,0.75093,-0.33924,1.3463,-0.31085
-1.2791,0.12629,-0.20429,-0.83902,0.56302,-0.49179,1.1978,-0.041069
-1.6329,0.27567,0.22851,-1.021,0.92337,-0.013579,1.317,-0.064324
-1.7616,0.51347,0.071818,-0.77024,1.1751,-0.66429,1.0821,0.11593
-1.6982,0.61792,0.45099,-0.37798,0.62705,-0.097238,1.5854,-0.042746
-1.8088,0.48222,0.41821,-0.24811,0.95763,-0.36234,1.0255,-0.013606
-1.8004,0.29968,-0.006503,-0.44428,0.57873,-0.42996,1.2856,-0.081596
-1.8271,0.1897,0.12962,-0.73934,0.42989,-0.2583,1.3735,-0.16418
-1.5821,0.26796,-0.068693,-0.63902,0.82741,-0.44012,1.3842,0.029923
-1.6616,0.0025614,-0.058313,-0.45977,0.60268,-0.40367,1.0209,-0.30355
-1.7169,0.57762,-0.21834,-0.66681,0.3476,-0.20719,1.3908,-0.053873
-1.6049,0.29532,-0.1194,-0.73142,0.66098,-0.36256,1.6571,0.032536
-1.6083,0.2917,-0.32077,-0.37809,0.87128,-0.1931,1.4213,0.062958
-1.6661,0.13866,0.01825,-0.79989,0.8084,-0.19091,1.7553,-0.030726
-1.7012,0.30832,-0.023181,-0.63995,0.98606,-0.32014,1.3969,-0.27512
-1.4209,0.27443,-0.076027,-0.64961,0.79674,-0.36758,1.3067,0.19609
-1.8099,0.28448,0.12931,-0.49972,0.75603,-0.22813,1.296,-0.051711
-1.8857,0.31792,-0.18145,-0.51034,0.77826,0.041132,1.392,-0.27636
-1.3186,0.37517,-0.10046,-0.79855,0.54449,-0.30754,1.6064,0.25709
-1.4988,0.25629,0.047299,-0.6819,0.73216,-0.08729,1.1652,0.0081547
-1.5886,0.22513,0.39628,-0.67595,0.52817,0.11968,1.4922,0.036469
-1.5851,0.057259,-0.028807,-0.71713,0.5813,-0.44509,1.6049,0.15865
-1.7704,0.22556,-0.33297,-1.1631,0.89343,-0.67127,1.3174,0.16245
-1.8667,0.18894,-0.13013,-0.67668,0.83402,-0.57214,1.7644,-0.2954
-1.4268,0.16736,0.026519,-0.85608,0.63048,-0.37029,1.5574,-0.18086
-1.6546,0.065368,-0.31628,-0.41473,0.34975,-0.33255,1.2308,0.043959
-1.6044,0.08486,-0.27401,-0.93258,0.93786,-0.058857,1.7046,-0.048117
-1.671,0.029706,-0.29776,-0.36917,0.46979,-0.41207,1.4496,0.13289
-1.8111,0.32437,-0.11075,-0.76927,0.58995,-0.30076,1.4349,-0.059371
-1.6206,0.26042,-0.12599,-0.88481,0.53418,-0.19907,1.5061,0.12346
-1.8262,0.52265,0.063691,-0.72331,0.72338,-0.58821,1.4586,0.13497
-1.5499,-0.20493,0.25553,-0.42532,0.70319,-0.28176,1.7403,0.28577
-1.6925,0.071321,0.082268,-1.0628,0.47298,-0.23782,1.5556,-0.027121
-1.6376,0.09871,0.31027,-0.7118,1.0794,-0.0079959,1.432,0.0062046
-1.9531,-0.023143,-0.15349,-0.54288,0.7758,-0.14683,1.5367,0.39347
-1.4491,0.22218,0.083369,-1.0737,0.74654,-0.16593,1.7028,0.054199
-1.801,0.33556,-0.070778,-0.76736,0.4945,-0.35585,1.4373,0.46389
-1.8128,0.055532,0.06335,-0.58083,1.0174,-0.45181,1.4055,-0.1257
-2.0634,0.15424,-0.21467,-0.476,0.73212,-0.26024,1.7789,-0.28329
-1.6293,0.0053074,0.0051053,-0.71575,0.92814,-0.2976,1.3014,-0.22077
-1.4872,-0.098447,0.21818,-0.53588,0.74647,-0.078671,1.5873,0.045596
-1.8288,0.3886,0.16703,-0.60444,1.1062,-0.11042,1.4801,-0.33281
-1.9767,0.17821,-0.04586,-0.55135,0.52117,-0.32973,1.4774,0.16014
-1.3034,0.26023,-0.34875,-0.34081,0.34638,-0.1053,1.5079,0.1607
-1.48,0.40239,0.18205,-0.83684,0.64236,-0.27121,1.8038,-0.09449
-1.7565,0.45252,0.10163,-0.70951,0.78507,-0.39486,1.8028,0.00090508
-1.8992,0.1733,0.29505,-0.61475,0.83386,-0.65643,1.4414,0.08837
-1.7739,0.17155,0.1993,-0.70837,0.68328,-0.51739,1.5528,0.56707
-1.535,-0.34878,0.2768,-0.65489,0.68439,-0.243,1.5484,-0.072225
-1.7392,-0.024557,-0.091235,-0.6029,0.45373,-0.084481,1.1717,0.038693
-1.6592,-0.019911,-0.40021,-0.76167,0.97528,0.22226,1.4078,0.0549
-1.7938,0.06237,-0.026242,-1.0461,0.85436,-0.53096,1.8604,0.15938
-1.7729,0.1169,0.049902,-0.41247,0.69007,-0.15594,1.6615,0.17786
-1.7086,0.42871,-0.18154,-0.42152,0.86508,-0.34571,1.5124,0.069091
-2.0621,-0.2712,-0.051215,-0.80438,0.7656,-0.5425,1.6212,0.20241
-1.8874,0.067715,0.21248,-0.51143,0.55721,-0.59289,1.3711,-0.069167
-1.7247,0.1279,-0.12393,-0.6417,0.33797,-0.15044,1.9705,0.11714
-1.8719,0.24741,-0.1908,-0.64958,0.54668,-0.59168,2.0094,-0.02715
-1.9528,-0.0016951,0.12463,-0.73414,0.96203,-0.4356,1.6184,-0.08791
-1.5493,0.063404,-0.18856,-0.91442,0.82246,-0.132,1.7913,0.17242
-1.7453,0.2193,-0.0084876,-0.66558,0.6578,-0.41516,1.8821,0.48156
-1.7681,-0.092724,0.20016,-0.4488,0.93056,-0.081919,1.9184,0.30092
-1.5619,0.17534,-0.39136,-1.0535,1.1111,-0.18616,1.6509,0.41114
-1.9485,0.075071,-0.27283,-0.84313,0.57193,-0.14361,1.5959,-0.075883
-1.3909,-0.12578,0.11681,-0.73601,0.41463,-0.34099,2.1906,0.049837
-1.9429,0.071035,-0.028918,-0.8521,0.75506,0.034188,1.6318,0.31166
-1.6825,-0.026324,-0.10686,-0.48219,0.91205,-0.44078,1.6466,0.15333
-1.7081,-0.20864,-0.047938,-0.55064,0.79429,-0.44957,1.7095,0.060629
-1.594,-0.087747,-0.42418,-0.64955,1.0247,-0.35326,1.5224,0.13938
-1.7181,0.31615,-0.25181,-0.57123,0.88083,-0.22059,1.7566,0.42245
-1.5824,-0.16814,-0.056764,-0.96286,0.67003,-0.0072149,2.0233,0.1415
-1.8719,0.36637,0.17617,-0.55594,0.6984,0.0071396,1.991,0.0074509
-1.4754,0.25232,-0.13083,-0.78839,0.58653,-0.29902,1.6181,0.16934
-2.2707,0.0059411,-0.12847,-0.84993,0.9697,-0.17819,2.0024,0.21762
-1.7036,0.16135,0.099219,-0.79962,0.78604,-0.45056,1.8883,-0.017611
-2.142,0.36715,0.23796,-0.62848,0.89261,-0.67759,1.5799,0.31251
-1.8358,-0.0097822,-0.030511,-1.0931,1,-0.22318,1.6109,0.027581
-1.6573,-0.064076,0.23439,-0.98322,0.47872,-0.274,1.9222,0.17855
-1.8667,-0.10887,0.021721,-0.64973,1.015,-0.3348,2.0912,0.34184
-1.7609,0.15642,0.10169,-0.56584,0.5319,-0.26785,1.6402,0.14077
-1.818,0.09241,-0.18298,-0.96198,0.70195,-0.12624,1.9346,0.082078
-1.6645,-0.16328,-0.1311,-0.84799,0.66827,-0.1289,1.8308,0.11956
-2.009,-0.12215,-0.08551,-0.71065,0.69258,-0.28275,1.7278,0.11617
-1.4542,0.12041,0.27544,-0.70472,0.71439,-0.17441,1.7231,0.16093
-1.5461,0.34289,0.01745,-0.68558,0.76819,-0.27843,1.7721,-0.019179
-1.9657,-0.25652,0.031182,-0.60246,1.0977,-0.21441,1.5878,0.46653
-1.7101,0.23437,0.31445,-0.94187,0.76494,-0.35164,1.9288,0.32345
-1.891,0.082849,0.28147,-0.65672,0.50701,-0.2965,1.4966,0.06922
-1.7504,0.13072,-0.0079401,-0.56103,0.67951,-0.5482,1.6859,0.26952
-1.9977,0.04183,-0.18148,-0.53083,0.65909,-0.34462,1.7504,0.55289
-1.6579,0.016198,0.0038028,-0.59544,0.70005,-0.39397,1.8517,0.57568
-1.6163,-0.3151,0.1678,-0.62435,0.90124,-0.31121,1.907,0.18099
-1.7465,0.19864,0.31086,-0.71536,0.69239,-0.30111,2.2691,0.38864
-2.1333,0.37713,-0.19575,-0.6479,0.74036,-0.21273,1.8644,0.3102
-1.5346,-0.08703,-0.35701,-0.62405,0.84139,0.051903,1.8795,0.34348
-1.7051,0.11788,-0.12126,-0.76613,0.89777,-0.20121,1.7701,0.47317
-1.6396,-0.11587,0.16796,-0.6143,0.77162,-0.54191,1.7765,-0.027667
-1.6204,-0.10067,0.065563,-0.87515,0.63713,0.06499,1.8322,0.35176
-2.0855,0.077442,0.29429,-0.89043,0.87375,-0.24996,1.8096,0.4727
-1.4963,-0.42226,-0.061742,-0.93629,0.68467,-0.41023,1.8035,0.020139
-1.5888,-0.050528,0.027957,-0.68272,0.66904,-0.35865,1.5476,0.20292
-1.8353,-0.085895,-0.055135,-0.57267,0.73106,-0.44021,2.2064,0.36025
-1.9403,0.050716,0.028829,-0.81933,0.88299,-0.47232,1.5591,0.64478
-1.7654,-0.14961,-0.029827,-0.54997,0.76096,-0.15204,1.8045,0.40628
-1.4615,-0.076683,-0.12773,-0.60873,0.82573,-0.44302,1.9238,0.32588
-1.6227,0.059013,0.046382,-0.48263,0.43356,-0.032539,1.9583,0.45117
-1.7105,0.2758,0.42541,-0.59678,0.79435,-0.20696,1.964,0.36087
-1.3631,-0.090693,-0.19951,-0.96095,0.80616,-0.20718,1.9006,-0.11546
-1.687,-0.21941,-0.17608,-1.1173,0.80702,0.080859,1.7411,0.068257
-1.3531,0.2462,0.008249,-0.4855,0.54946,-0.16284,1.9288,-0.1336
-1.5371,0.0003928,-0.37926,-0.77091,0.8191,-0.29221,1.9446,0.35966
-1.6043,-0.0083274,0.18493,-0.79883,0.94776,0.019539,1.954,0.53255
-1.4971,-0.030714,0.20557,-1.062,0.78517,-0.37618,2.4569,0.06904
-1.3473,-0.095598,0.25354,-1.0239,0.66276,-0.10566,2.109,0.37511
-1.5552,0.12166,0.44307,-0.76715,0.83573,-0.38589,2.1335,0.20306
-2.1868,-0.43486,-0.049728,-0.56427,0.92115,-0.3127,1.946,0.21428
-1.6838,-0.28486,0.075324,-0.74149,0.4842,-0.02802,2.1294,0.32355
-1.2777,0.27291,-0.030022,-0.90178,0.75623,-0.40258,2.2308,0.37212
-1.5092,0.1216,0.14641,-0.98927,0.72337,-0.19729,1.8713,0.49328
-1.6427,-0.31667,0.05704,-0.81131,0.66908,-0.48003,2.0033,-0.081098
-1.763,-0.15286,0.16355,-0.7973,1.0053,0.084749,2.3167,0.27866
-1.5505,-0.029514,0.2805,-0.6632,0.77174,-0.050247,2.0494,0.22065
-1.532,0.072102,-0.010724,-0.70228,0.7264,-0.14365,1.9403,0.29832
-1.3301,-0.056156,-0.071291,-0.86027,0.67007,-0.31431,2.0666,0.095724
-1.5266,-0.42297,-0.060213,-0.86066,1.0536,-0.085213,2.0952,0.45191
-1.4215,-0.10584,-0.16102,-0.98486,1.0229,-0.13419,2.5258,-0.054056
-1.352,-0.085858,-0.14864,-0.87436,0.58969,-0.35038,1.8944,0.42422
-1.582,-0.27596,0.22895,-0.76276,1.0867,-0.25319,1.9811,0.36478
-1.3908,-0.20103,0.44073,-0.89291,1.0876,-0.32011,2.0071,0.071647
-1.4059,0.10498,0.082269,-0.79907,0.8763,0.020407,2.0846,0.44414
-1.9073,-0.44109,-0.13469,-0.87056,0.6251,-0.13464,2.4203,0.3186
-1.313,-0.090476,0.30572,-0.84074,0.77855,-0.45857,2.1572,0.20453
-1.4018,-0.22807,0.24163,-0.74255,0.66607,-0.29141,2.2263,0.057024
-1.5344,-0.22089,0.090863,-0.59086,0.65216,-0.46455,1.8744,0.14237
-1.758,-0.29118,0.19142,-0.99241,0.66601,-0.29074,2.0918,0.19904
-1.7578,-0.13422,0.36823,-1.0771,0.86894,-0.23812,2.118,0.24832
-1.5559,-0.48378,0.29985,-0.8195,1.0567,0.03656,2.0801,0.094156
-1.5632,-0.79528,-0.23661,-0.5317,0.73366,0.10791,2.2508,0.10895
-1.6498,0.17114,0.23527,-0.96459,0.70557,-0.3604,1.8319,0.39508
-1.585,0.096167,0.33575,-1.0311,1.0535,0.11415,2.1636,0.23076
-1.3758,-0.30947,0.28474,-0.90089,1.0291,-0.041914,1.9498,0.20645
-1.4885,-0.33196,0.37747,-0.91103,0.75941,-0.17195,2.2214,0.15102
-1.3765,-0.22633,0.30732,-0.93209,0.93374,-0.37994,2.194,0.31075
-1.5023,-0.39338,0.14195,-0.6974,0.95632,-0.076676,2.0027,0.31279
-1.5191,-0.30441,0.14451,-0.84944,1.1224,-0.37458,1.7017,0.31404
-1.4986,-0.26052,0.33974,-0.89718,0.93937,-0.6304,2.0643,0.47391
-1.5,-0.2711,0.0021375,-0.96256,0.81322,-0.36219,2.2372,0.32089
-1.7632,-0.085542,0.33583,-0.66403,1.0497,-0.025513,2.1113,0.33394
-1.4151,-0.061163,0.45245,-0.7689,0.98269,-0.11073,2.0297,0.25304
-1.3668,-0.25746,0.31625,-0.92587,1.031,-0.049024,1.9941,0.47995
-1.3624,-0.10599,0.39411,-0.71421,1.0666,-0.13062,2.3036,0.67583
-1.5383,-0.34593,0.11613,-0.91671,0.78934,-0.39887,2.2059,0.40843
-1.1999,-0.59231,-0.36627,-0.89292,0.67312,-0.29219,2.2744,0.43714
-1.2407,-0.37857,0.34767,-0.97124,0.84867,-0.26194,2.0605,0.3477
-1.6267,-0.19248,0.069048,-1.1705,0.89367,-0.36531,2.118,0.47983
-1.092,-0.12022,0.081972,-1.053,0.75485,-0.57542,2.0501,0.47886
-1.3891,-0.095726,0.18951,-0.94091,0.64687,0.21047,2.1478,0.27844
-1.092,-0.21357,0.44678,-0.84118,0.78286,0.097622,2.3297,0.43914
-1.0688,-0.18096,-0.19835,-0.85938,1.0563,-0.3678,2.2921,0.40761
-1.1777,-0.57163,0.3707,-0.90418,0.87392,-0.029437,2.3087,-0.207
-1.1988,-0.5223,0.37932,-0.71515,0.48554,0.0070181,2.2979,0.19293
-1.1116,-0.064196,0.16527,-0.67325,1.0971,-0.27295,1.9532,0.46515
-1.2975,0.035052,0.068902,-1.1511,0.60302,-0.072777,2.349,0.25283
-1.7236,-0.36219,0.39898,-1.0784,0.90359,-0.45591,1.9314,0.17857
-1.1202,-0.0065559,0.30514,-1.0542,1.0701,-0.42695,2.3031,0.39857
-1.3953,-0.34005,-0.0086481,-1.0361,0.61739,-0.46306,2.3613,0.15852
-1.3652,0.2048,0.25704,-0.78063,0.8797,-0.21092,1.9929,0.44389
-1.0355,-0.49768,0.002915,-0.90165,0.97293,-0.32393,2.2008,0.40551
-1.1022,-0.13564,0.28136,-1.1017,0.9124,-0.018253,2.1312,0.59593
-1.3043,-0.38745,0.44702,-1.3745,0.61139,0.051841,2.3658,0.32372
-1.3361,-0.051341,0.2114,-0.77844,1.1639,-0.38853,2.5606,0.34936
-1.423,-0.41828,0.46047,-0.80063,0.61031,-0.23325,2.3013,0.38023
-1.4316,-0.20853,0.22941,-0.97226,0.66364,-0.54134,2.3145,-0.071402
-1.4284,-0.10886,0.34617,-0.86588,0.87383,-0.36273,2.2537,0.15633
-1.2597,-0.45262,0.19868,-1.2152,1.097,-0.3466,2.0883,-0.03025
-1.3304,-0.046307,0.16101,-0.9667,1.1525,-0.2654,2.1664,0.52647
-1.0706,-0.31371,0.46352,-0.96976,0.50299,-0.38696,1.9567,0.13867
-1.1349,-0.23813,0.58565,-1.3175,0.9495,-0.17707,1.9806,0.31927
-1.2334,-0.082004,0.15358,-0.5196,0.78803,-0.23522,2.2172,0.16181
-1.2134,-0.3203,0.45775,-0.75443,0.89812,0.029412,2.2382,0.11221
-1.3211,-0.31421,0.36146,-1.0614,1.0724,-0.079098,2.4638,0.2314
-1.3005,-0.37946,0.33478,-0.88784,1.256,-0.29409,2.3639,0.32285
-1.2332,-0.50818,0.17438,-0.71273,1.1086,0.04121,2.1932,0.22227
-1.2704,-0.48981,0.39075,-0.56775,0.69869,0.11619,2.1254,0.27205
-1.0635,-0.65332,0.42054,-0.82762,1.0591,-0.18685,2.132,0.22724
-1.1499,-0.28076,0.38742,-0.76547,0.82983,-0.088049,1.7626,0.40164
-0.9744,-0.50357,0.70359,-0.76351,0.68728,-0.078396,2.4391,0.032344
-1.1718,-0.32156,0.40574,-0.71218,0.49013,-0.22621,2.1131,0.43649
-1.0604,-0.11115,0.64183,-0.65527,0.72542,-0.12128,2.3315,-0.015361
-1.1197,-0.363,0.67986,-1.0074,1.2237,-0.20062,2.3315,0.51626
-1.3421,-0.45654,0.46779,-0.95475,1.0518,0.38637,2.2136,0.35315
-0.91217,-0.56957,0.26413,-1.0272,1.0197,-0.23982,2.4354,0.35855
-1.3287,-0.2442,0.36113,-1.0452,0.76937,-0.24994,1.7878,0.28994
-1.2072,0.003091,0.17574,-1.1872,1.1302,-0.30891,2.0115,0.15167
-1.0471,-0.1822,0.22003,-0.97057,0.92219,-0.068435,1.9364,0.33278
-1.2122,-0.30189,0.45471,-1.1965,0.74198,-0.17105,2.2411,0.34985
-1.4083,-0.27996,0.6409,-1.3116,0.8501,0.0218,2.7099,0.57322
-1.1971,-0.082539,0.45412,-1.1414,0.98434,-0.32344,2.1663,0.33524
-0.93012,-0.30418,0.48523,-0.85051,0.49459,-0.35058,2.098,0.23129
-0.82431,-0.61431,0.20351,-0.92829,0.97874,-0.092908,2.105,0.41032
-0.49015,-0.68014,0.17906,-0.92041,1.0746,0.15475,2.2868,-0.059551
-0.89449,-0.29989,0.35589,-0.62548,1.1338,-0.11548,2.5203,0.16316
-1.1386,-0.20581,0.4139,-1.0338,0.91327,-0.34816,2.4606,0.22543
-1.407,-0.055726,0.78713,-1.0455,1.0491,-0.54699,2.6413,0.44086
-0.60047,-0.29288,0.46718,-1.1741,1.3374,-0.36515,2.1555,0.10433
-1.0991,-0.13824,0.70462,-0.8921,0.4905,-0.20368,2.1463,0.18784
-0.68359,0.01664,0.65248,-0.82099,1.1031,-0.0096745,2.1658,0.14926
-1.2322,-0.43574,0.099791,-1.1458,0.88803,-0.13777,2.1665,0.16524
-0.74076,0.086769,0.6431,-0.89708,0.73894,-0.053869,2.4854,0.36404
-1.0197,-0.46191,0.30575,-0.99577,1.0518,-0.051356,2.2089,0.35605
-0.61894,-0.37402,0.46103,-1.0706,0.99297,-0.31786,2.0806,0.24537
-0.7686,-0.18209,0.5046,-1.059,1.1913,0.0078645,2.0942,0.1205
-0.99056,-0.11726,0.30293,-0.9634,0.8549,-0.11195,1.98,0.4244
-1.0423,-0.2912,0.6256,-1.3459,1.144,-0.42776,2.0668,0.010675
-1.1521,-0.52896,0.45366,-0.93004,0.86954,-0.63773,2.501,0.1621
-0.85751,-0.12298,0.22729,-0.74461,0.82939,-0.14928,2.1324,0.23371
-0.99433,-0.062289,0.253,-0.85178,1.2622,0.10219,2.5557,-0.010219
-1.1399,-0.45585,0.21681,-1.241,0.89356,0.031472,2.1243,0.16866
-1.2838,-0.41331,0.4485,-0.93374,1.2094,0.024915,2.1106,-0.12802
-0.772,-0.4122,0.35942,-0.96425,1.0286,-0.0060922,2.2696,0.35607
-0.56069,0.11638,0.54514,-0.85941,1.2811,-0.19001,2.5295,-0.024195
-0.83288,-0.27399,0.44108,-1.2085,1.2125,-0.069711,2.3039,0.21359
-0.71793,-0.46521,0.57338,-0.77006,1.1582,-0.27261,2.0559,-0.062066
-0.83662,-0.017121,0.39453,-1.3294,0.91226,0.12531,2.2639,0.11318
-0.84658,0.097759,0.46319,-1.09,0.97459,-0.0091608,2.5741,0.10187
-0.93915,-0.54345,0.56853,-1.2824,0.77752,-0.29046,2.3337,0.21172
-1.1304,-0.29,0.47813,-1.0821,1.2617,-0.3031,2.3455,0.076781
-0.9172,-0.43993,0.32574,-0.9531,0.931,-0.42347,2.1155,0.43468
-0.62251,-0.18528,0.78075,-0.97537,0.8025,-0.14138,1.9814,0.21072
-1.0687,-0.25152,0.76059,-1.2333,0.91519,-0.25481,2.2008,0.51825
-1.0187,-0.27087,0.0086346,-0.93257,1.0967,-0.20042,2.0267,0.36962
-0.77904,-0.50199,0.49192,-0.80282,1.3693,-0.020626,1.9725,0.37757
-0.76176,-0.054563,0.80893,-1.1512,1.2691,-0.15039,2.0995,0.30183
-0.8235,-0.49182,0.65916,-0.88749,0.74352,0.30899,2.1261,0.12421
-0.84342,-0.36386,0.52645,-1.2132,1.0816,-0.087,2.18,0.11936
-0.92449,-0.44369,0.37138,-1.3733,0.93055,0.091873,2.6635,0.13218
-1.1102,-0.32049,0.50257,-1.0143,1.0412,-0.077101,1.9772,-0.23867
-0.6174,-0.14675,0.15406,-1.0989,0.97411,-0.1476,2.1402,0.55736
-0.73737,-0.407,0.49024,-0.99597,1.0881,-0.19148,2.1079,0.047461
-0.68175,-0.16179,0.42214,-1.279,1.0928,-0.23008,1.9394,0.30043
-0.80898,-0.055876,0.90414,-1.0783,1.2682,0.086202,2.0983,0.11334
-0.91793,-0.23927,0.52828,-1.1262,1.1985,-0.30867,2.2063,-0.02757
-0.91791,-0.1893,0.7717,-0.99919,1.237,-0.19151,2.4692,0.28023
-0.49581,-0.62411,0.51264,-1.5493,0.8828,-0.11984,2.3246,0.20191
-0.94164,-0.45331,0.68167,-1.1002,1.0995,-0.2027,2.1794,0.011344
-0.5237,-0.47184,0.53187,-0.95763,0.93215,-0.38386,2.184,-0.0023213
-0.92122,-0.34555,0.53202,-1.1749,0.58674,-0.18478,1.9396,-0.10404
-0.40019,-0.36889,0.90274,-0.96942,0.99996,-0.18083,2.0343,-0.0653
-0.79868,-0.22251,0.7894,-1.1744,1.2996,-0.21591,2.0663,-0.052838
-0.66801,-0.44034,0.59704,-1.1748,0.91353,-0.12497,2.1304,0.28839
-0.51224,-0.42651,0.8078,-1.0335,1.1629,0.013243,2.2285,-0.0057869
-0.19198,-0.60971,0.4619,-0.98854,0.97853,-0.1086,1.7961,0.091207
-0.61493,-0.48904,0.81285,-1.0987,1.2684,-0.079396,1.9579,0.0029011
-0.74382,-0.29688,0.66366,-1.0108,1.6077,0.17543,1.8786,0.093966
-0.50945,-0.38696,0.92941,-1.1426,0.94913,-0.18934,2.3539,-0.041345
-0.31901,-0.036923,0.49222,-0.90079,1.0879,-0.1955,2.1539,0.4287
-0.1633,-0.25763,0.56294,-1.3835,0.9591,0.18573,2.3136,0.27019
-0.61472,-0.15948,0.73393,-1.1219,1.1113,0.014989,1.6664,-0.077259
-0.40229,-0.22517,0.53502,-1.2136,1.1036,-0.052405,2.2843,0.42219
-0.60934,-0.15023,0.79888,-0.98926,1.4954,-0.36824,1.8113,0.21561
-0.36947,-0.048698,0.61526,-1.1187,1.4169,-0.40985,2.1454,0.18896
-0.26483,-0.24632,0.5062,-1.1816,1.057,0.083092,2.2929,0.086629
-0.6453,-0.29451,0.49341,-0.70934,1.1687,0.16269,2.0998,-0.37368
-0.53769,0.075855,0.56201,-0.99754,0.93504,-0.0093376,2.2129,-0.079652
-0.51644,-0.54319,0.45028,-0.97766,1.0834,0.00068407,2.1578,-0.097507
-0.56589,-0.11135,0.8854,-1.372,0.91629,-0.14566,2.165,0.041914
-0.60555,0.16092,0.60403,-1.1921,0.99805,-0.23951,2.1715,0.064585
-0.83161,-0.46047,0.56552,-0.97343,1.0496,-0.42788,1.9476,0.062668
-0.20635,-0.49905,0.91938,-1.0982,1.0611,-0.10763,2.1537,-0.47966
-0.56974,-0.42899,0.97131,-1.0319,1.5599,-0.10727,2.1756,0.10335
-0.3058,-0.37192,0.88532,-1.0176,1.1824,-0.12968,2.1827,0.33794
-0.45042,-0.094493,1.1279,-1.2332,1.3166,-0.34035,2.0672,0.16798
-0.49146,-0.42948,0.61086,-1.3814,1.2631,0.02555,1.8637,-0.083977
-0.28516,-0.51,0.99985,-1.0339,1.1113,0.10112,1.5898,0.10496
-0.64707,-0.18749,0.76724,-1.0308,0.84224,-0.060829,1.978,0.37261
-0.78696,-0.19352,0.87375,-1.2446,0.78684,0.21948,2.0934,0.059681
-0.020711,-0.5922,0.8012,-1.1901,1.0392,-0.35794,1.8557,-0.21212
-0.40206,-0.1343,0.8619,-1.0481,1.1128,-0.45883,2.0616,0.1933
-0.5649,-0.31495,0.57827,-1.6217,0.93136,-0.309,2.2927,0.0066168
-0.6531,0.020925,1.0924,-1.0005,1.24,-0.29342,1.8551,-0.14743
-0.11652,-0.31974,0.69811,-1.186,1.2882,-0.10152,2.2009,-0.16327
-0.23599,-0.2311,0.52292,-0.92098,1.3347,-0.09896,2.601,-0.15266
-0.43329,-0.76437,0.72625,-1.2283,1.2288,-0.19412,2.0535,-0.175
-0.53947,-0.25278,0.71605,-1.1396,1.2018,-0.23113,1.7174,-0.21587
-0.54709,0.093514,0.78971,-1.1054,0.95225,-0.57592,1.7982,-0.31963
-0.74013,-0.22495,0.74593,-1.1809,1.0167,-0.18526,2.0158,-0.070071
-0.47949,0.057971,0.76439,-1.1129,1.2305,-0.038401,2.0097,-0.14807
-0.2289,-0.26985,0.55027,-1.1351,1.1887,-0.10187,2.1164,-0.1945
-0.28516,-0.1912,0.31123,-0.99694,1.2436,-0.21744,1.9107,-0.077377
-0.46132,-0.40623,1.0009,-1.1228,1.2094,-0.38789,1.8806,-0.13199
-0.49273,-0.26712,0.66978,-1.545,1.3149,-0.16226,2.004,0.26062
-0.090231,-0.016383,0.64879,-1.4356,1.291,-0.26902,1.8113,0.12056
-0.40901,-0.54989,0.99143,-0.6753,1.4056,-0.14361,1.9298,-0.11203
-0.419,-0.39858,0.75123,-1.0093,1.3047,0.19364,2.289,0.16963
-0.35267,0.0016974,0.80163,-1.4146,1.184,0.0038441,1.8511,-0.095211
-0.23781,-0.12065,0.61939,-1.1542,0.98063,-0.14961,2.1637,-0.16187
-0.51164,-0.40674,0.63147,-1.0375,1.2431,-0.17495,1.9373,-0.23641
-0.33922,0.19404,1.1256,-1.2333,1.1957,-0.1765,1.6758,0.3161
0.021314,-0.11449,0.75531,-1.1825,1.3089,-0.19977,1.6291,-0.18314
-0.28293,-0.39519,0.53703,-1.2783,1.2463,-0.0013356,1.9855,0.014713
-0.46461,-0.21643,1.0259,-1.5494,1.1588,-0.080199,2.0457,0.15226
-0.099186,-0.46495,0.62653,-1.2687,1.2961,-0.40432,1.8025,0.36675
-0.44059,-0.4424,1.0099,-1.1234,1.0753,0.016997,1.8988,-0.085774
0.0036766,-0.26947,0.77156,-1.2769,1.2043,-0.14888,1.7439,-0.026671
0.012929,0.063895,0.78835,-1.0932,1.0805,-0.13678,1.9856,0.040475
-0.30172,-0.32234,1.1713,-1.1956,1.4858,-0.34603,2.1914,-0.29072
-0.26278,-0.38998,0.45101,-1.0905,1.3476,-0.21163,1.8643,0.070054
-0.33301,-0.45529,0.90458,-0.9888,1.0696,0.059942,2.1042,0.088863
-0.17994,-0.40488,0.85043,-1.4824,1.439,-0.076038,1.7908,0.025034
-0.20645,-0.37082,0.56328,-1.1204,1.2222,-0.088922,1.8537,-0.21013
-0.071282,0.15466,0.93535,-1.4082,1.3528,-0.019702,1.6548,-0.36757
-0.29187,-0.21677,1.2179,-1.5282,1.0326,-0.041524,2.0363,-0.27857
-0.22456,0.20692,1.1657,-1.2523,1.2599,-0.32423,1.9718,-0.20752
-0.38794,-0.23308,0.88757,-1.0735,0.86227,-0.024662,1.8032,0.0068775
-0.61953,-0.18907,0.89091,-1.423,1.2089,0.1149,1.8317,-0.0607
-0.31436,0.31554,0.84106,-0.92543,1.0683,0.11399,1.7334,-0.43817
0.008471,0.19654,0.79133,-1.2533,1.013,-0.15904,1.9746,-0.075197
-0.16004,-0.31937,0.88248,-1.0846,1.2834,-0.26324,1.8038,0.079232
-0.32211,-0.20995,0.86155,-1.0324,1.2617,-0.072623,1.9291,-0.44241
-0.10236,-0.12362,0.61161,-0.99329,0.98241,-0.46128,1.6032,0.025575
-0.35213,-0.11396,1.0576,-1.0605,1.2111,-0.42363,1.7268,-0.14583
0.034045,-0.57836,0.76447,-1.4136,1.2091,-0.23332,1.4255,-0.24936
-0.35975,-0.48522,0.49914,-1.233,1.3838,0.020854,1.7329,-0.13457
-0.12748,0.17051,0.70914,-1.5786,1.0667,-0.21213,1.5255,0.036634
-0.094244,-0.46066,0.90446,-1.2552,1.1912,-0.20994,1.9345,-0.1379
-0.17362,-0.12215,0.71221,-0.90075,1.2517,0.19012,1.9791,-0.2883
-0.11252,-0.17242,1.1097,-0.95442,0.74089,-0.061948,1.9025,-0.15193
-0.47346,-0.097489,0.94397,-1.3446,1.2087,-0.27995,1.8303,-0.11751
-0.3552,0.00072332,1.2348,-1.1613,1.1207,-0.17998,1.8294,-0.29735
-0.12826,-0.18258,0.93983,-1.1557,1.4459,-0.053228,1.5249,-0.17418
-0.25088,-0.36177,1.3027,-1.3638,1.021,-0.51775,1.8811,-0.14447
-0.11824,-0.14704,0.667,-1.441,1.3074,-0.085321,1.5916,-0.071776
-0.23159,-0.11814,1.0074,-0.92302,1.0191,-0.15849,1.7865,-0.1435
-0.004777,-0.29919,0.6485,-1.342,0.891,-0.080085,1.8713,-0.021366
-0.041974,0.13498,1.0126,-1.4283,0.84573,-0.16763,1.7551,-0.16384
-0.13759,-0.31687,0.65024,-1.0548,1.4321,-0.16592,1.4294,-0.06345
-0.16473,-0.082346,0.66265,-0.98235,0.99974,-0.3693,1.5161,-0.5149
-0.4769,-0.021253,0.64729,-1.1785,1.0276,-0.23953,1.6623,-0.19885
-0.097376,-0.15509,0.84832,-1.0008,0.94772,-0.18105,1.525,-0.36512
0.10179,-0.023989,1.042,-0.89503,1.3445,-0.36127,1.9796,-0.15845
0.1121,-0.39892,0.88684,-1.3488,1.169,-0.55763,1.767,-0.12787
-0.13671,0.14315,0.78228,-1.1931,1.0851,0.10012,1.6598,-0.07099
-0.23168,-0.0081323,0.87392,-1.335,1.1245,-0.38629,1.4709,-0.33759
-0.088854,-0.36631,1.1997,-1.4166,1.4199,-0.50481,1.4409,-0.355
0.061505,-0.069656,1.0617,-1.0581,1.1513,-0.18364,1.3813,-0.097484
-0.32715,-0.1366,0.74471,-1.3293,1.102,-0.29492,1.6286,-0.12113
-0.18043,0.02572,1.0185,-1.2803,1.6161,-0.20168,1.7198,-0.23322
-0.18308,-0.00025906,1.1473,-1.6018,1.4394,0.13446,1.8981,-0.42551
0.14514,-0.072556,1.3219,-1.2754,0.89152,-0.17767,1.6806,-0.31107
-0.11529,-0.31564,1.0206,-1.5239,1.0118,-0.063387,1.6643,-0.20483
0.0289,-0.59454,0.88957,-1.1779,1.2403,-0.099308,1.737,-0.2523
0.12147,-0.12356,1.334,-1.414,1.2596,-0.2976,1.4134,0.01942
0.26348,-0.088861,1.0163,-0.99597,1.0549,-0.47775,1.6055,-0.37825
-0.10209,-0.065424,1.1688,-1.1739,1.2,-0.12335,1.8929,-0.35977
-0.47089,-0.25442,1.1379,-1.3345,1.3866,-0.15042,1.5978,-0.25771
0.11737,0.18701,0.8428,-1.1572,1.3432,-0.03482,1.5218,-0.11435
0.013759,-0.07381,1.1326,-1.173,1.2177,0.084779,1.499,-0.49023
-0.30097,-0.17242,1.0318,-1.2155,1.2363,-0.32299,1.7812,-0.20107
-0.18726,-0.10052,1.0294,-1.3259,1.2142,-0.24455,1.4373,-0.44342
-0.15613,0.065628,0.95735,-1.0707,1.5225,-0.38009,1.5122,0.2469
0.005854,0.016712,0.96172,-1.4627,1.4658,0.0088246,1.822,-0.13913
0.28964,-0.14565,1.0624,-1.1406,1.1863,-0.030967,1.5356,-0.52046
-0.22397,-0.2228,0.84025,-0.89167,1.0158,-0.31553,1.3833,-0.090839
-0.13382,-0.13551,1.1213,-0.85277,1.1963,-0.33536,1.194,-0.19906
-0.053916,-0.28805,1.0026,-0.93763,1.3986,-0.53657,1.2292,-0.30146
-0.015445,0.21724,0.55494,-1.2082,1.4642,-0.3738,1.8132,-0.44685
0.078015,-0.23068,1.0319,-1.2203,1.3164,-0.44288,1.691,-0.21848
-0.40778,0.27077,0.98029,-0.94552,1.0017,-0.44626,1.3283,-0.30254
0.082524,0.095243,1.007,-1.2218,1.0258,-0.23478,1.8334,-0.16417
-0.098326,0.0046044,0.7106,-1.0418,1.0619,0.046798,0.99696,-0.2343
0.061341,-0.19085,1.1656,-1.0568,0.81178,-0.22513,1.157,-0.26149
-0.22173,-0.024946,1.2231,-0.97828,1.378,-0.28063,1.4136,-0.56824
-0.31472,0.015355,1.1052,-1.2142,1.0834,-0.32852,1.2737,-0.37942
0.068465,-0.10682,1.2697,-1.3676,1.3686,-0.4719,0.8696,-0.32583
-0.14588,-0.14907,1.271,-1.2712,1.4366,-0.2288,1.5156,-0.38771
-0.044694,0.33565,1.0972,-1.1991,1.0109,-0.23443,1.418,-0.44509
0.0011371,0.03229,1.2892,-0.93395,1.389,-0.19581,1.5884,-0.18246
-0.21917,-0.20182,0.86553,-0.96581,1.3619,-0.0072397,1.3276,-0.35747
0.25759,0.1828,1.1623,-1.3367,0.89118,-0.1098,1.1953,-0.40655
-0.0014419,-0.37618,0.76901,-1.2221,1.1563,-0.4723,1.5966,-0.37633
0.096937,-0.059444,1.1025,-1.4327,1.3543,-0.25043,1.0915,-0.43903
-0.044413,-0.14608,1.0323,-1.3265,0.98513,-0.39951,1.1468,-0.20443
0.16556,0.28926,1.1699,-1.1119,1.3015,-0.11648,1.6778,-0.43342
-0.12287,0.065265,1.2237,-1.4967,1.0091,-0.15999,1.7207,-0.43344
-0.40441,0.094254,1.1311,-1.3221,1.105,-0.22625,1.1049,-0.3552
-0.050794,0.099826,1.2126,-1.2869,1.2233,-0.21123,1.4273,-0.5425
0.23959,0.41276,1.162,-1.0778,1.4533,-0.11032,1.1307,-0.28222
-0.33538,0.074009,1.0585,-0.94238,0.78681,-0.52494,1.1061,-0.94516
-0.19849,0.14388,1.0594,-1.1689,0.8911,-0.61517,1.1477,-0.12283
-0.099975,0.025462,0.85191,-1.3067,0.93508,0.023588,1.6163,-0.17907
0.062876,0.37006,1.1453,-1.2596,1.0343,-0.0035861,1.3487,-0.75213
0.068049,-0.075466,1.0455,-1.1463,1.243,-0.59925,1.6921,0.03786
0.05922,0.3077,0.79952,-1.2761,1.3724,-0.38456,1.2687,-0.38161
-0.16267,-0.12794,0.92417,-1.1,1.2853,-0.47593,1.2531,-0.18998
-0.070448,0.17275,0.83619,-1.2115,1.1602,-0.16329,1.1193,-0.35868
-0.24896,0.1302,0.8508,-1.0043,1.2202,-0.35054,1.5469,-0.33654
-0.36179,0.22131,0.86345,-1.6384,1.1177,-0.12542,0.88102,-0.72123
-0.30299,0.0074329,0.91382,-1.228,1.0995,-0.20565,1.4166,-0.53799
-0.31458,-0.047709,0.91703,-1.0766,1.0848,-0.15567,1.4689,-0.37761
0.056151,0.052787,1.1776,-1.48,1.1228,0.02743,1.1156,-0.32483
-0.22876,0.16962,0.84137,-1.4822,1.0404,-0.2668,1.1518,-0.48098
0.13489,0.0523,1.2382,-1,1.0203,-0.37721,0.95349,-0.15172
-0.022907,-0.20787,1.3264,-1.2399,1.0323,-0.42836,1.2911,-0.83476
-0.077769,0.038925,1.2318,-1.4264,1.1114,-0.26139,1.162,-0.39844
-0.088403,0.15002,0.91426,-1.046,1.18,-0.022128,0.99786,-0.5195
-0.39065,0.032854,0.95918,-1.0686,1.1206,-0.24171,1.0374,-0.66088
0.019524,0.20148,1.0938,-1.0721,1.1403,-0.030918,1.2316,-0.36492
-0.36432,0.014535,1.1873,-1.0765,1.1175,-0.31032,1.133,-0.10505
-0.15651,0.2164,1.1606,-1.0629,0.98057,-0.36183,0.77473,-0.4452
-0.38378,0.041663,0.98975,-1.2876,1.091,-0.16869,1.2931,-0.39752
-0.17357,0.20803,1.1516,-1.3761,1.0173,-0.17789,1.3144,-0.55746
-0.24576,0.059923,1.1372,-1.0719,1.2308,-0.23263,1.1468,-0.66346
-0.34442,0.11784,1.1682,-1.0039,1.1073,-0.22348,1.0799,-0.27683
0.012067,0.22955,1.0609,-1.2213,1.0281,-0.30824,1.3093,-0.71215
-0.063418,0.20201,0.83755,-1.0999,0.80839,-0.35257,1.1756,-0.38746
0.2173,0.36461,1.1847,-0.89188,1.058,-0.075773,1.0571,-0.42597
0.12261,0.38583,0.9909,-0.97423,1.0916,-0.15065,1.1761,-0.36793
-0.16911,0.37557,1.2867,-0.9613,1.208,-0.2342,1.1405,-0.74821
-0.12513,0.059848,1.0529,-0.92272,1.1716,-0.43708,0.96223,-0.69633
-0.44612,0.37185,1.0623,-1.1734,1.4193,-0.32777,1.0859,-0.46332
-0.1583,0.3806,0.97583,-1.3244,0.93858,-0.42939,0.86916,-0.54094
-0.24148,0.24997,1.0922,-0.80868,1.2847,-0.43554,0.95865,-0.17848
0.05645,0.57325,1.2924,-1.399,1.34,0.094071,1.0208,-0.33947
-0.34206,-0.026572,0.94808,-1.3353,1.1064,-0.06033,1.0919,-0.45348
-0.19139,0.25524,1.1983,-1.2283,0.99341,0.050077,0.69401,-0.43126
-0.15125,0.053554,1.2253,-1.0772,1.3293,-0.0037589,1.0049,0.0097539
-0.054454,0.38945,1.0705,-0.95687,1.1421,-0.39049,0.92204,-0.41212
-0.20181,0.063067,1.156,-0.95871,1.1697,0.054944,0.68634,-0.61996
0.017599,0.26199,1.0617,-1.3583,1.1671,-0.32051,0.68773,-0.68193
-0.25897,0.17294,1.0467,-0.95764,1.2259,-0.26779,0.84686,-0.57274
-0.43504,-0.20191,1.2868,-1.0887,1.1016,-0.32593,0.95334,-0.65421
-0.083455,0.10868,1.1871,-1.19,1.2571,-0.29321,1.1676,-0.56575
-0.14365,-0.011126,1.0364,-0.86027,1.0071,-0.28605,0.97746,-0.67681
-0.15561,0.12645,0.79414,-1.0132,0.94999,-0.22278,0.99844,-0.72994
-0.31248,-0.24415,1.0641,-1.1804,1.141,-0.12384,0.76486,-0.53998
0.11785,0.25589,1.4762,-1.1432,0.99213,-0.099592,0.88063,-0.22176
-0.073562,0.56537,1.0838,-1.1168,1.0472,-0.28418,0.89797,-0.41926
-0.32977,0.22572,1.073,-1.3757,1.0379,-0.31441,0.94086,-0.40348
-0.31806,0.1559,1.2187,-1.1922,0.85067,-0.16231,0.85107,-0.47646
-0.38376,-0.034089,1.0562,-1.1394,0.97809,-0.040232,0.6841,-0.64335
-0.25251,0.17278,0.94979,-1.1306,0.9588,-0.20688,0.94214,-0.65928
-0.54774,0.14891,1.0368,-1.4274,0.84204,-0.33618,0.64363,-1.0526
-0.22228,0.3275,1.0929,-1.3442,1.0057,0.076393,0.65568,-0.49924
-0.30758,0.35615,1.2745,-1.2733,1.1336,-0.08708,0.87492,-0.72071
-0.044151,0.33647,1.0648,-1.0695,0.94025,-0.34062,0.61424,-0.804
-0.35351,0.43445,1.4477,-1.2201,0.85786,-0.13201,1.0896,-0.61501
-0.42646,0.12198,1.3023,-1.1835,1.1792,-0.26763,0.87674,-0.78158
-0.44706,0.2646,1.1362,-1.0864,0.79164,-0.48485,0.54395,-0.80476
-0.30702,0.021026,1.111,-1.6967,1.217,-0.22693,0.8424,-0.72893
-0.12802,0.2077,1.2154,-0.81345,0.92715,-0.021495,0.78715,-0.68307
-0.52423,-0.013309,1.1189,-1.183,1.0756,-0.69505,0.64557,-0.38311
-0.44499,0.39862,0.8794,-1.0718,1.074,-0.25403,0.75318,-0.3335
-0.21502,0.17895,1.2275,-1.2657,1.1164,-0.08627,0.64624,-0.82621
-0.2938,-0.021138,1.1221,-0.97433,1.2619,-0.39951,0.95409,-0.81978
-0.24164,0.35279,0.99314,-1.1608,1.0156,-0.24983,0.43397,-0.86809
-0.31636,0.2179,0.95685,-1.1139,1.2056,-0.43413,0.66289,-0.46182
-0.21975,0.016007,0.72853,-0.8832,0.91114,-0.29035,0.82758,-0.69324
-0.42338,0.53156,1.0134,-1.4274,0.94011,-0.13434,0.87089,-0.57019
-0.48596,0.38819,1.5013,-0.86055,0.97113,-0.54992,0.66694,-0.69704
-0.32359,0.57511,1.1379,-1.0999,1.0469,0.066302,0.81212,-0.41601
-0.46578,0.51192,1.1684,-1.0897,0.99056,-0.29082,0.75726,-0.56462
-0.63702,0.19569,0.92094,-0.72643,1.0302,-0.49138,0.78568,-0.87732
-0.66769,0.42665,0.80082,-1.5845,0.93887,-0.062071,0.60785,-0.47083
-0.48672,0.47871,1.0717,-1.4776,0.99989,-0.60877,0.57672,-0.87514
-0.14186,0.276,0.94584,-0.684,1.101,-0.43185,0.34881,-0.59828
-0.3289,-0.13387,1.0049,-1.0916,0.99411,-0.28008,0.53853,-0.62919
-0.0012531,0.19055,1.3625,-1.3661,0.68014,-0.207,0.83819,-0.38666
-0.24614,0.60175,1.2709,-1.4408,1.1896,-0.23286,0.38073,-0.82015
-0.58506,-0.10818,1.2751,-0.95113,0.78944,-0.10226,0.68057,-0.54036
-0.82089,0.3746,1.3726,-1.1235,0.65596,-0.44934,0.80857,-0.39623
-0.56906,0.36015,0.88717,-1.0711,0.93868,-0.46412,0.41144,-0.7747
-0.42522,0.28804,1.2521,-1.0758,0.99207,0.024708,0.48846,-0.63905
-0.44575,0.18629,0.80252,-1.3526,0.89026,-0.33176,0.28985,-0.90593
-0.49196,0.49108,1.1459,-1.0622,0.85569,-0.58409,0.38733,-0.72477
-0.19897,0.49626,1.162,-0.96757,0.84526,-0.37477,0.63455,-0.7854
-0.6753,0.43206,0.94541,-1.4548,1.0863,-0.35056,0.7228,-0.7029
-0.34865,0.32316,1.04,-0.95563,0.86035,-0.38001,0.42146,-0.79352
-0.35874,0.21599,0.78589,-1.0635,0.80434,-0.2311,0.6676,-0.64794
-0.18086,0.29031,1.231,-1.5554,1.1054,-0.24114,0.6947,-0.47578
-0.66191,0.28911,0.90887,-1.0975,0.62057,-0.16542,0.43332,-0.5333
-0.3454,0.55052,1.1715,-1.0188,0.84233,-0.30868,0.3264,-0.7877
-0.37182,0.27727,1.0022,-0.86482,0.84615,-0.21874,0.5186,-0.34075
-0.49026,0.39465,1.3198,-1.2736,0.77345,-0.31432,0.52144,-0.59325
-0.5433,0.21437,1.2574,-1.0912,1.1347,-0.091015,0.78055,-0.4528
-0.51859,0.29391,1.3237,-0.98385,1.0431,-0.45461,0.71842,-0.5449
-0.39911,0.21971,1.2489,-1.3337,0.82267,-0.18861,0.49902,-0.65337
-0.4178,0.48965,0.8828,-0.99793,0.68667,-0.42941,0.40148,-0.56165
-0.55763,0.28751,0.95882,-1.1939,1.0875,-0.44955,0.16507,-0.40063
-0.69631,0.31356,0.97771,-0.93218,0.66233,-0.34969,0.67572,-0.62745
-0.87539,0.50257,1.0715,-0.92025,0.80763,-0.52216,0.55962,-0.74055
-0.68407,0.47977,0.97447,-0.96697,0.71043,-0.55643,0.45242,-0.72281
-0.67052,0.40532,1.1634,-1.1512,0.69484,-0.29444,0.018165,-0.75005
-0.61255,0.39279,1.3726,-0.93385,0.61848,-0.10244,0.28954,-0.65134
-0.50448,0.23252,1.0863,-0.81458,1.0625,-0.19469,0.57514,-0.48424
-0.29999,0.42062,0.98272,-1.1984,0.87537,-0.49401,0.50105,-0.70137
-0.67894,0.15638,0.99928,-0.99768,0.7071,-0.21138,0.43697,-0.47572
-0.68615,0.2299,1.0579,-1.1923,0.73166,-0.31806,0.53975,-0.63569
-0.91008,0.22723,1.4368,-0.73421,0.96826,-0.11323,0.35422,-0.3321
-0.66469,0.36025,1.2711,-1.0111,0.97706,-0.38751,0.47875,-0.79541
-0.57523,0.29112,1.0163,-1.0228,0.60917,-0.45148,0.51832,-0.87321
