-0.63768,0.012204,-0.89237,-0.74753,-0.6505,0.63253,0.21543,0.11435
-0.76599,0.45547,-1.1343,-0.90823,-0.85164,0.16979,0.50568,-0.14997
-0.51063,0.17686,-1.021,-0.63878,-0.94709,0.67022,-0.0071109,-0.47153
-0.96245,0.065956,-0.7286,-0.82378,-1.059,0.45171,0.43458,0.22747
-0.89615,0.40649,-0.86552,-1.2171,-1.2314,0.75008,0.20464,-0.14127
-0.56088,0.12132,-0.63413,-0.9674,-0.97416,0.44533,0.29059,-0.16826
-0.84615,0.25555,-1.0533,-0.41187,-0.96632,0.7584,0.42914,-0.37788
-0.3769,0.21578,-0.93077,-1.0148,-1.0387,0.49655,0.076897,0.023689
-0.76577,0.10685,-1.0378,-1.116,-0.61155,0.86163,0.44603,-0.42523
-0.39094,0.21464,-0.94367,-0.98758,-1.0145,0.35713,0.30691,-0.17311
-0.53974,0.17057,-1.0125,-0.83887,-1.2354,0.29582,0.27106,-0.092125
-0.65827,-0.027151,-0.78378,-1.0799,-0.97694,0.41914,0.049344,-0.093391
-0.52464,0.073932,-0.76716,-1.1311,-1.019,0.61608,0.13992,-0.42136
-0.72738,0.39952,-1.1457,-0.65247,-0.75759,0.61026,-0.014919,-0.032056
-0.83886,0.2036,-1.1436,-0.83655,-1.0629,0.70747,-0.090535,-0.006893
-0.45793,0.53546,-0.98093,-0.64682,-0.99956,0.13076,-0.054277,-0.048906
-0.40095,0.62745,-0.77449,-1.0246,-0.80086,0.49293,0.083576,0.16929
-0.80165,0.12381,-0.89032,-0.57499,-1.053,0.283,0.047503,-0.083349
-0.40355,0.24836,-1.0136,-0.9992,-1.2147,0.033321,0.13987,0.051526
-0.44795,0.37228,-1.0832,-0.93705,-1.0296,0.60533,0.45242,-0.2606
-0.41317,0.28666,-1.1045,-1.0592,-0.9782,0.35213,0.44785,-0.11353
-1.2117,-0.065065,-0.76531,-1.0264,-1.0613,0.2396,0.3279,-0.16918
-0.60773,0.3382,-1.0427,-1.0221,-1.0642,0.29849,0.22494,-0.23746
-0.36258,0.19028,-0.7129,-0.69158,-1.3849,0.51707,-0.0043982,-0.3528
-0.56965,-0.20722,-0.99056,-0.63622,-0.89176,0.12246,0.0083324,-0.071115
-0.63954,0.29848,-0.7304,-0.95506,-0.76198,0.34556,0.30878,-0.33968
-0.57386,0.48407,-0.86604,-0.80479,-0.98901,0.47711,-0.060424,-0.50666
-0.76048,0.35272,-1.278,-0.89733,-0.89153,0.64312,0.17702,-0.044155
-0.41113,0.33504,-1.2348,-0.89515,-1.1845,0.5132,0.47374,-0.32502
-0.53387,0.3453,-0.86331,-1.2633,-1.0977,0.48739,0.34953,0.014502
-0.81151,0.37402,-1.2678,-0.81837,-0.98005,0.19645,0.19357,-0.15495
-0.69515,0.38184,-1.2852,-0.72264,-1.482,0.16595,0.5531,0.0029449
-0.76729,0.48841,-0.93316,-0.70407,-1.2076,0.506,0.29921,-0.47662
-0.86444,0.46106,-1.0095,-1.1397,-0.87139,0.047064,0.13263,-0.18823
-0.84049,0.52676,-1.1098,-1.1682,-1.1744,0.66014,0.12741,-0.25676
-0.26703,0.20999,-1.0393,-1.0761,-1.067,0.30069,0.12214,-0.063893
-0.85554,0.11776,-0.89376,-1.0405,-0.93928,0.63877,0.27343,-0.1992
-0.85841,0.30678,-1.2477,-1.0235,-1.2557,0.39271,0.11458,-0.24649
-0.67131,0.15966,-1.1971,-0.82547,-1.1287,0.46346,0.20165,-0.27547
-0.41289,0.37139,-1.1652,-0.57852,-1.171,0.74587,-0.07834,0.079072
-0.70281,0.37038,-1.2514,-0.99325,-0.99078,0.25743,0.10686,-0.13756
-0.33965,0.25126,-0.94268,-0.67401,-1.4216,0.3787,0.40353,-0.4116
-0.69113,0.042494,-1.1369,-0.92314,-1.3142,0.25118,0.2421,-0.31786
-0.56738,0.3993,-1.0827,-1.0028,-0.9596,0.48748,-0.10045,-0.03585
-0.78573,-0.043679,-1.2344,-0.94026,-1.2034,0.35621,0.35199,-0.4003
-0.77045,0.2894,-1.2738,-1.1383,-0.88485,0.46096,0.085367,-0.45533
-0.56454,0.33509,-1.1923,-0.92928,-1.1522,0.48886,-0.42498,-0.42205
-0.66373,0.38415,-0.96614,-1.0619,-1.2709,0.60051,-0.14292,-0.30105
-0.50507,0.28222,-1.371,-0.87061,-1.2098,0.48558,-0.042521,-0.56108
-0.6335,0.44299,-1.0335,-0.85977,-1.1788,0.4352,0.03562,-0.50162
-0.51721,0.27164,-1.0479,-0.91378,-1.1415,0.30559,-0.16752,-0.27792
-0.80585,-0.0055308,-1.031,-1.008,-1.2141,0.48173,0.067148,-0.3883
-0.76853,0.11461,-0.81267,-1.2652,-1.4088,0.52571,0.18585,-0.41289
-0.76522,0.16611,-1.3505,-0.7445,-1.3148,0.58703,-0.15439,-0.24454
-0.67539,0.30442,-1.4581,-1.0438,-1.0654,0.38647,-0.19962,-0.42179
-0.82637,0.32352,-1.3154,-0.7643,-1.1419,0.66718,-0.035595,-0.43096
-0.67381,0.36824,-1.5045,-1.1337,-1.2423,0.13364,0.11803,-0.49819
-1.0328,0.33162,-1.3387,-0.66659,-1.2385,-0.08876,-0.26802,-0.49593
-0.9535,0.75584,-1.3199,-1.3068,-0.84998,0.45523,-0.30664,-0.32663
-0.51409,0.55241,-1.3879,-0.92001,-1.4186,0.76887,0.018295,-0.34502
-0.72114,0.025094,-1.0554,-0.77909,-0.8716,-0.029964,-0.055252,-0.29199
-0.81403,0.41164,-1.4435,-1.3805,-1.1729,0.43781,-0.2695,-0.4628
-0.99031,0.30058,-1.3398,-1.0895,-1.1067,0.17395,0.15526,-0.37307
-0.6916,0.47478,-1.1722,-1.1421,-1.2607,0.42696,0.0069067,-0.51083
-0.65206,0.13188,-1.2707,-0.86661,-1.4793,0.021395,0.099631,-0.15759
-0.55657,0.30763,-1.188,-1.0969,-1.1775,0.3523,-0.19189,-0.53277
-0.95987,0.37966,-1.1068,-1.0119,-1.2482,0.073161,-0.24583,-0.19104
-0.59628,0.20976,-1.1923,-1.1631,-1.0885,0.38826,0.07724,-0.76566
-0.84653,0.54525,-1.1001,-1.0801,-1.2264,0.5034,0.31787,-0.6632
-0.58019,0.18904,-1.3097,-1.0652,-1.1941,0.25481,-0.072014,-0.2845
-0.47215,0.31017,-1.1479,-0.90587,-1.2309,0.27223,-0.23815,-0.16369
-0.58573,0.30048,-1.2272,-1.0909,-1.4136,0.23928,-0.00076979,-0.38017
-0.87449,0.30732,-1.1345,-0.87679,-1.1389,0.54659,-0.13416,-0.15121
-0.99612,0.3496,-1.3792,-1.1815,-1.2457,0.0015951,-0.10993,-0.26817
-0.68201,0.35086,-1.3887,-0.99821,-1.4813,0.36001,0.11492,-0.40837
-0.84837,0.22026,-1.2673,-0.98066,-1.3776,-0.06653,-0.11259,-0.17921
-0.97225,0.55915,-0.90013,-1.0039,-1.3889,0.23168,-0.32221,-0.35542
-1.0443,0.222,-1.307,-1.1642,-0.82448,0.36771,-0.09738,-0.55432
-0.56506,0.38821,-1.3253,-0.74463,-1.5413,0.25049,-0.22769,-0.52691
-1.0091,0.13155,-1.1987,-1.1093,-1.3871,0.45329,-0.29839,-0.31581
-0.77434,0.20199,-1.2322,-0.88923,-1.498,0.19542,-0.31154,-0.6043
-0.60917,0.34649,-1.1472,-1.169,-1.3956,0.14411,0.064715,-0.38572
-0.93715,0.30886,-1.4312,-1.2626,-0.99369,0.083131,-0.30862,-0.57194
-0.73756,0.29307,-1.0723,-1.0691,-1.4165,0.21468,0.20319,-0.14561
-0.89537,0.44094,-1.1653,-1.2809,-0.80951,0.36544,-0.35678,-0.58057
-0.8043,0.16779,-1.0199,-0.9245,-1.277,0.18197,-0.17968,-0.41515
-0.83757,0.33553,-1.4534,-0.8987,-1.1926,0.32292,-0.20666,-0.3016
-0.96542,0.36916,-1.126,-0.93029,-1.0143,0.030279,-0.2604,-0.2638
-0.77429,0.38574,-1.392,-0.90538,-1.5347,0.15184,-0.25494,-0.35073
-0.9062,0.3526,-1.2405,-1.1339,-1.3784,0.28548,-0.02564,-0.29703
-0.66685,0.44992,-1.4132,-0.94743,-1.5482,0.59995,-0.18575,-0.37076
-1.0661,0.17743,-1.2175,-1.1655,-1.2799,0.23295,-0.059965,-0.35458
-0.44594,0.43862,-1.2389,-0.92911,-1.5992,0.5779,-0.24009,-0.56195
-0.99827,0.64702,-1.5715,-1.1881,-1.366,0.25476,-0.24511,-0.58352
-0.71944,0.44529,-1.2708,-0.78487,-1.4338,-0.074735,0.19037,-0.40918
-0.50555,0.24377,-1.4534,-0.92846,-1.3079,0.31884,-0.21707,-0.40068
-0.79702,0.45876,-1.1013,-1.0676,-1.3671,0.4404,-0.25369,-0.52113
-1.0666,0.45763,-1.311,-1.0045,-1.2299,0.40005,-0.33328,-0.38148
-0.78477,0.27855,-1.2342,-0.56294,-1.3122,0.19509,-0.50865,-0.62023
-0.91507,0.36943,-1.3436,-1.1542,-1.4552,0.24921,-0.23664,-0.26146
-0.96791,0.074506,-1.212,-0.71405,-1.264,-0.0019443,-0.38446,-0.52361
-0.96163,0.66099,-1.8233,-0.97826,-1.4589,0.18702,-0.55276,-0.24493
-1.0753,0.17578,-1.2775,-0.78133,-1.2265,-0.12382,-0.34262,-0.4398
-0.71549,0.47153,-1.3694,-1.0368,-1.3367,0.40087,-0.33531,-0.40783
-0.80407,0.35408,-1.2932,-0.96887,-1.1588,0.38264,-0.28066,-0.4288
-0.90925,0.78947,-1.7667,-1.0147,-1.1482,0.076546,-0.48779,-0.17135
-0.63026,0.38666,-1.3013,-0.74488,-1.5173,0.12033,0.058006,-0.35827
-0.99738,0.28482,-1.3546,-1.1816,-1.5729,0.15925,-0.25302,-0.35476
-0.79585,0.52758,-1.3612,-1.2098,-1.3212,0.37622,-0.035976,-0.53992
-0.94457,0.5924,-1.2858,-1.3208,-1.3212,0.18833,-0.33157,-0.46531
-1.0684,0.24309,-1.4802,-1.0477,-1.2035,0.36012,-0.43449,-0.14582
-0.76803,0.54156,-1.718,-0.92687,-1.577,0.24446,-0.53025,-0.38051
-0.81598,0.13917,-1.5587,-1.0881,-1.5679,0.38444,-0.7438,-0.5003
-0.4639,0.31158,-1.5816,-0.95617,-1.3192,0.17143,-0.53231,-0.42765
-0.97766,0.35287,-1.5994,-0.82856,-1.212,0.41645,-0.1547,-0.55838
-0.73998,0.31748,-1.5076,-1.0898,-1.3352,0.14383,-0.14384,-0.64691
-0.74734,0.16177,-1.4344,-0.83112,-1.2586,0.36119,-0.2154,-0.64642
-0.51464,0.11856,-1.1949,-1.0341,-1.3645,0.18837,-0.21834,-0.3114
-1.1769,0.74016,-1.4945,-1.2532,-1.3917,0.10624,-0.18693,-0.68116
-0.68391,0.45283,-1.7274,-1.0994,-1.5544,0.1624,-0.45806,-0.71478
-0.7353,0.48885,-1.3337,-1.0359,-1.2144,0.14251,-0.58405,-0.71154
-0.35213,0.68968,-1.3477,-1.2271,-1.5596,0.30681,-0.31267,-0.79287
-0.68585,0.4092,-1.525,-1.2001,-1.3191,0.39389,-0.43047,-0.55704
-0.47942,0.61751,-1.6193,-1.1762,-1.471,-0.117,-0.70545,-0.26252
-0.73897,0.41332,-1.3242,-1.0082,-1.5206,0.32737,-0.35366,-0.57192
-0.84443,0.60244,-1.3714,-0.9617,-1.3914,0.38289,-0.59605,-0.5719
-0.73778,0.48155,-1.4428,-1.1777,-1.3266,0.34779,-0.69532,-0.77703
-0.91482,0.50819,-1.5839,-0.85436,-1.5233,-0.015374,-0.10465,-0.64264
-0.65596,0.47953,-1.2907,-1.0545,-1.1064,0.37215,-0.32586,-0.43586
-0.4926,0.44654,-1.3145,-0.93946,-1.2227,0.19367,-0.36317,-0.80012
-1.1968,0.66723,-1.4783,-0.89534,-1.2371,0.48625,-0.52611,-0.63134
-1.0197,0.77563,-1.1397,-1.1177,-1.5704,0.027427,-0.55909,-0.79778
-1.1242,0.16187,-1.5585,-0.9604,-1.2296,0.39494,-0.38686,-0.7032
-1.0124,0.59413,-1.2817,-0.83071,-1.3538,0.041422,-0.42142,-0.70821
-0.7294,0.6633,-1.6697,-1.0232,-1.3709,0.3168,-0.28981,-0.62675
-0.81853,0.62184,-1.5077,-0.91931,-1.6035,0.23468,-0.50683,-0.66937
-1.1748,0.51311,-1.3301,-0.77091,-1.1174,0.17604,-0.54805,-0.69781
-1.128,0.45729,-1.3522,-1.143,-1.4043,0.17268,-0.71526,-0.76669
-1.0043,0.38817,-1.5127,-1.2897,-1.3164,-0.090673,-0.63039,-0.19922
-0.62694,0.26311,-1.5407,-0.94658,-1.1654,0.37606,-0.59818,-0.43274
-1.0783,0.57658,-1.4987,-0.93343,-1.3665,0.35047,-0.42984,-0.68478
-0.82309,0.39749,-1.2814,-1.0619,-1.2088,0.15422,-0.60614,-0.76915
-0.94418,0.41034,-1.5542,-1.1213,-0.92667,0.37631,-0.77317,-0.6348
-0.61548,0.41134,-1.3059,-1.014,-1.3349,0.30486,-0.74953,-0.40017
-0.8307,0.96451,-1.6837,-1.0811,-1.1347,0.25126,-0.62852,-0.6266
-0.60612,0.42674,-1.4308,-0.85286,-1.2692,-0.073178,-0.61408,-0.73307
-1.3894,0.40125,-1.535,-0.76129,-1.399,0.21771,-0.35222,-0.25994
-0.96142,0.53405,-1.765,-0.81105,-1.5818,0.10068,-0.64801,-0.50585
-1.0404,0.56689,-1.1756,-0.77842,-0.8414,0.19255,-0.60705,-0.66806
-0.7245,0.87214,-1.4516,-0.91518,-1.2173,0.63954,-0.63507,-0.74968
-0.95375,0.59501,-1.3933,-1.1303,-1.3571,-0.046396,-0.87663,-0.45917
-0.65796,0.47365,-1.8087,-0.79166,-1.2684,0.22368,-0.38782,-0.67284
-0.57914,0.43096,-1.574,-1.0358,-0.97886,0.38812,-0.39151,-0.90307
-0.76796,0.62298,-1.3711,-1.1672,-0.94933,0.067577,-0.61317,-0.77696
-0.8123,0.54292,-1.3162,-0.82468,-1.5033,0.29871,-0.63163,-0.72912
-0.56033,0.27392,-1.2865,-0.62071,-1.2157,0.41735,-0.46209,-1.0886
-1.0519,0.45206,-1.5243,-1.1802,-1.4427,0.45581,-1.1625,-0.88379
-1.0447,0.40048,-1.1548,-1.1608,-1.5247,0.40417,-0.76552,-0.8611
-1.1111,0.3443,-1.1179,-0.7516,-1.6116,0.35149,-0.33154,-0.72632
-0.73383,0.71554,-1.5164,-0.69232,-1.5865,-0.41568,-0.41835,-0.64557
-1.0722,0.63742,-1.4693,-0.91622,-1.1912,0.51476,-0.53559,-0.64162
-0.58774,0.46223,-1.6274,-0.93113,-1.2697,0.46713,-0.61394,-1.0001
-1.0255,0.68147,-1.2714,-0.80328,-1.5031,0.37989,-0.50889,-0.8515
-0.91745,0.56284,-1.2631,-1.2918,-1.2353,0.41789,-0.64018,-0.94618
-0.66583,0.577,-1.2566,-0.84398,-1.5235,0.37863,-0.71645,-0.82785
-0.92454,0.25649,-1.7695,-0.80993,-1.1844,0.17925,-0.63618,-0.60956
-1.0592,0.36123,-1.3459,-0.98136,-1.3771,0.16805,-0.48773,-0.90759
-0.55102,0.21726,-1.5355,-1.1712,-1.4384,0.29748,-0.53376,-0.67946
-0.75425,0.6803,-1.6649,-0.89076,-1.1632,-0.054989,-0.74912,-0.93958
-0.72689,0.6448,-1.1821,-0.83878,-1.0349,0.10881,-0.55627,-0.83764
-1.0297,0.66656,-1.6101,-0.45923,-1.2676,0.015475,-0.62977,-0.64717
-1.0968,0.3264,-1.0286,-0.89285,-1.5189,0.35557,-0.85021,-0.95113
-0.92803,0.73005,-1.5275,-0.97621,-0.89171,0.28188,-0.78317,-0.91995
-1.0492,0.65816,-1.3662,-1.2462,-1.0183,0.42363,-0.37895,-0.52452
-1.4172,0.40027,-1.5794,-0.87163,-1.2523,0.062388,-0.35463,-0.73342
-1.08,0.6224,-1.229,-0.79287,-1.0607,0.2602,-0.98705,-0.89253
-1.0216,0.57252,-1.7431,-0.78453,-0.99006,0.10645,-0.45009,-1.0614
-1.2644,0.34949,-1.3716,-1.2336,-1.0908,0.016688,-0.52783,-0.82284
-1.0842,0.71441,-1.2889,-0.88528,-0.92383,0.45583,-1.0778,-1.0195
-1.0909,0.56333,-1.7279,-0.74266,-1.7645,0.097632,-0.68116,-0.86159
-0.4494,0.3827,-1.523,-1.1689,-1.3273,-0.098545,-0.56599,-1.0935
-1.0425,0.54063,-1.7995,-1.1087,-1.1506,0.43181,-0.36387,-0.71871
-0.93189,0.60229,-1.3505,-1.0495,-1.3969,0.35408,-0.73827,-0.71319
-0.84278,0.76369,-1.3585,-0.95312,-1.2097,0.27999,-0.61026,-1.1315
-1.1477,0.50012,-1.5129,-0.74776,-1.2466,0.32706,-0.96682,-1.076
-0.93159,0.34254,-1.2623,-1.0033,-0.92302,-0.025295,-0.83658,-0.74701
-0.72367,0.49051,-1.4588,-0.7302,-1.3458,0.084537,-0.63662,-0.97231
-1.0668,0.64229,-1.0829,-1.0441,-1.1131,0.20357,-0.84095,-1.2191
-1.2612,0.79777,-1.5935,-1.0101,-1.3758,0.41634,-0.28504,-1.1217
-1.0955,0.70348,-1.2647,-0.98285,-1.177,0.064786,-0.55082,-0.9367
-0.99134,0.56054,-1.5149,-1.1958,-1.1973,0.27316,-0.42912,-0.91618
-0.87692,0.71009,-1.4696,-0.82474,-0.95426,0.28603,-0.84176,-0.82528
-1.2406,0.28508,-1.3559,-0.81081,-1.0481,-0.11865,-0.7441,-0.94389
-0.89563,0.68493,-1.2107,-0.97635,-1.0324,0.657,-0.96871,-1.1643
-0.96729,0.18746,-1.553,-0.96806,-1.2663,0.32141,-0.82272,-0.93696
-0.66932,0.39883,-1.3929,-0.69005,-1.4203,0.33421,-0.44793,-1.1691
-1.0132,0.75642,-1.437,-1.0417,-1.225,0.28542,-0.5459,-0.76627
-0.94488,0.61584,-1.3135,-1.1578,-1.3007,0.20077,-0.76031,-0.61921
-0.88759,0.60845,-1.3378,-0.83542,-1.368,0.081922,-0.6526,-1.0948
-0.99772,0.52278,-1.2285,-0.91303,-1.326,0.063147,-0.65796,-1.3681
-1.0828,0.38317,-1.155,-0.68628,-1.1296,0.46741,-0.63613,-0.83378
-1.0799,0.58931,-1.3188,-0.64902,-1.2878,0.45126,-0.48826,-0.7396
-0.8222,0.69654,-1.6539,-0.70726,-1.1694,0.26962,-0.81031,-0.89609
-1.2226,0.40292,-1.1202,-0.45382,-1.0523,0.44285,-0.99391,-1.0494
-0.75042,0.80875,-1.3946,-0.925,-1.3535,0.13535,-0.77754,-1.1861
-0.74826,0.63354,-1.5599,-0.70292,-1.3549,0.13567,-0.92752,-0.77981
-0.87061,0.50121,-1.4259,-0.92649,-1.2991,0.15279,-0.6871,-1.3978
-1.161,0.66734,-1.2124,-1.0815,-1.3656,0.28819,-1.0077,-1.0237
-0.94744,0.33472,-1.3113,-1.0063,-0.57814,0.089891,-0.71341,-1.3061
-0.98871,0.60378,-1.2236,-0.72046,-1.1713,0.059113,-0.94855,-0.89878
-1.2429,0.67916,-1.3464,-0.54026,-1.0204,-0.080403,-0.79977,-1.1776
-1.1418,0.73408,-1.4936,-1.1332,-1.4035,0.071115,-0.67585,-0.88198
-0.92249,0.6875,-1.3114,-0.68306,-0.92455,0.34184,-0.83583,-0.98853
-0.91267,0.7736,-1.4402,-0.81506,-1.2729,0.12993,-1.0252,-1.3925
-0.9517,0.49281,-1.2856,-0.86961,-1.2495,-0.0049519,-0.80594,-0.91864
-1.046,0.7065,-1.4182,-0.81215,-1.0035,0.34966,-0.64204,-1.0225
-1.3845,0.73491,-1.1344,-0.82086,-1.2031,0.22239,-0.82691,-0.93737
-1.1221,0.31223,-1.4493,-0.83999,-1.489,0.22196,-0.79198,-1.0487
-0.95344,0.61653,-0.8818,-0.43448,-1.1533,0.29898,-0.96233,-1.3104
-1.0283,0.54847,-1.1255,-0.90603,-1.1943,0.58294,-1.0188,-1.0615
-1.1451,0.61114,-1.6593,-0.97245,-1.1334,-0.080627,-0.73298,-1.1164
-0.83281,0.94614,-1.3354,-0.78459,-1.3649,0.33172,-0.51088,-1.0199
-1.1742,0.63337,-1.1503,-1.0432,-1.3916,0.27783,-0.98303,-1.0004
-1.1337,0.78032,-1.2338,-1.1145,-1.2351,0.37575,-0.87085,-0.94795
-0.80462,0.84921,-1.5994,-0.99547,-1.1996,0.17011,-0.96133,-0.93635
-1.2365,0.83788,-1.5191,-0.86131,-1.4349,0.35417,-0.75572,-1.0995
-1.057,0.82457,-1.2211,-0.84937,-1.2712,0.59961,-0.73989,-1.1331
-1.0726,0.54601,-1.3869,-1.0883,-1.0298,0.54659,-0.70622,-1.1513
-1.253,0.72572,-1.6006,-0.52702,-1.0433,0.1006,-0.81997,-1.3284
-1.009,0.94797,-1.3904,-0.51878,-0.62649,0.43027,-0.70161,-0.91568
-1.0598,0.68933,-1.3621,-0.54289,-1.0747,0.020055,-1.1436,-1.2473
-0.89171,0.85659,-1.1968,-0.89443,-0.8836,0.68212,-0.80789,-0.90154
-0.9974,0.78033,-1.4743,-0.57405,-1.1607,0.3971,-0.65639,-0.94776
-1.1042,0.48394,-1.2979,-0.66143,-0.99893,0.50048,-0.536,-1.1161
-1.0453,0.68356,-1.4042,-0.74063,-1.0233,0.29836,-0.87195,-1.4507
-0.85688,0.70127,-1.4507,-0.89881,-1.0418,0.10024,-0.66771,-1.2171
-1.0048,0.57413,-1.3661,-0.88203,-0.76766,0.19832,-0.92607,-1.1386
-0.70655,0.8086,-0.90889,-0.80683,-1.2398,0.2949,-0.78834,-1.0712
-0.99196,0.74709,-1.187,-0.85092,-1.1311,0.25397,-0.35396,-1.2976
-0.90458,0.9823,-0.93857,-0.65896,-1.0053,0.44858,-0.83231,-1.4778
-1.1544,0.55276,-1.4213,-0.7103,-1.1907,0.41617,-0.80961,-1.562
-1.0851,0.88025,-1.3781,-0.54211,-1.1538,0.37774,-0.61037,-1.251
-1.0086,0.78984,-0.8312,-0.83984,-1.2646,0.16854,-0.71552,-1.2806
-1.0272,0.67434,-1.4709,-0.76758,-0.96121,0.2547,-0.57999,-1.0421
-0.75103,0.7059,-1.2196,-0.78416,-1.005,0.65161,-0.45096,-1.4018
-1.0836,0.6601,-1.3767,-1.0043,-1.1139,0.18334,-0.98256,-1.146
-1.1518,1.0038,-1.2665,-0.97181,-1.1016,0.33609,-0.75054,-1.2539
-0.97116,0.87667,-1.0877,-0.48018,-0.92857,0.26612,-0.85515,-1.2744
-0.83389,0.91655,-1.3843,-0.38272,-1.0912,0.45712,-0.89653,-1.1741
-0.73736,0.58327,-1.2531,-0.78674,-0.92478,0.46757,-1.1483,-1.0556
-0.75277,0.70563,-1.4362,-0.84788,-0.97467,0.28476,-0.79594,-1.2584
-0.93274,0.87695,-1.1511,-0.65968,-1.0891,0.55122,-0.97886,-1.077
-0.97298,0.86674,-1.0043,-0.59091,-0.84772,0.02688,-0.89638,-1.121
-0.98927,0.98662,-1.1943,-0.65897,-1.0003,0.41324,-0.97211,-1.2944
-1.2408,0.78202,-1.4865,-0.9695,-1.1593,0.12894,-0.92689,-1.2906
-1.1322,1.0499,-1.0878,-0.8994,-0.89643,0.63806,-0.44211,-1.3299
-1.0064,0.78944,-1.3104,-0.56425,-1.0146,0.58496,-0.95008,-0.94139
-0.94673,0.56068,-1.1993,-0.75366,-1.3101,0.66622,-0.73197,-1.3374
-0.8708,0.79642,-1.0798,-0.8474,-0.62373,0.22136,-0.65301,-1.1022
-0.91849,1.226,-1.1216,-0.76844,-0.78841,0.5095,-0.94167,-0.80441
-0.80013,0.72302,-1.2429,-1.1044,-1.019,0.40133,-0.95221,-1.3618
-1.0937,0.69293,-1.1418,-0.58319,-1.32,0.42668,-0.70653,-1.3617
-1.0357,0.8344,-1.2022,-0.735,-0.82533,0.3954,-0.80805,-1.2478
-0.93929,0.85381,-0.8993,-1.0771,-0.95626,0.35055,-0.86029,-1.671
-1.2607,0.99736,-1.057,-0.80399,-0.59881,0.27052,-0.89727,-1.2031
-1.1278,0.98763,-1.0935,-0.82131,-1.0899,0.59418,-0.73567,-1.4898
-0.9628,0.83516,-1.3216,-0.46253,-0.86945,0.47617,-0.64497,-1.1699
-1.0167,0.97345,-1.1515,-0.66458,-0.94589,0.4873,-0.57041,-1.4204
-1.1122,0.68763,-1.2019,-0.47729,-0.86994,0.27002,-1.0053,-1.2351
-1.2198,1.0018,-1.2162,-0.85916,-0.9926,0.17946,-1.0224,-1.6509
-0.89896,1.0985,-1.4873,-0.91634,-0.8712,0.1757,-1.0633,-1.4626
-1.0354,1.112,-1.0662,-0.82746,-0.80813,0.40922,-0.81973,-1.3392
-1.1659,0.6991,-1.3653,-0.47806,-1.2217,0.24946,-0.79188,-1.3704
-0.88203,0.88402,-1.0961,-0.60236,-0.40902,0.48772,-0.89912,-1.0584
-1.0649,0.89886,-1.1915,-0.49009,-0.46025,0.51673,-0.88337,-1.4504
-0.97987,1.0698,-1.1149,-0.63735,-1.1046,0.37596,-1.0955,-1.1201
-0.94163,0.8697,-1.1826,-0.63396,-0.53736,0.35849,-1.0533,-1.2234
-0.71443,1.029,-1.0598,-0.32052,-0.94706,0.53548,-0.68142,-1.3462
-1.0401,0.58933,-1.0632,-0.54864,-0.84458,0.49074,-0.51455,-1.2937
-0.74334,0.97419,-1.0474,-0.49082,-0.80217,0.49921,-1.2211,-1.3107
-0.68233,0.82198,-1.392,-0.77697,-0.69712,0.41722,-0.53811,-1.4743
-1.277,0.46374,-1.4413,-0.32182,-0.48501,0.48309,-0.77609,-1.3879
-0.80118,1.1247,-0.78887,-0.7205,-0.90759,0.25285,-0.92433,-1.4798
-1.0457,0.67541,-1.0462,-0.48137,-0.54275,0.58586,-0.74396,-1.8305
-1.1851,0.91405,-0.97201,-0.58448,-0.52159,0.26136,-0.61806,-1.1426
-0.86452,0.97042,-0.99367,-0.64031,-1.3002,0.46213,-0.8082,-1.3342
-0.89752,0.44898,-1.1587,-0.27816,-0.61439,0.5117,-0.86793,-1.4081
-1.0085,0.59313,-1.258,-0.35277,-0.62922,0.71873,-0.52384,-1.3832
-1.0984,0.63567,-1.0858,-0.51084,-1.2244,0.11119,-0.87867,-1.5788
-1.2564,1.012,-1.2537,-0.34481,-0.80061,0.14307,-1.0183,-1.1048
-0.82838,0.85336,-0.85737,-0.56163,-0.87041,0.23685,-0.89801,-1.4339
-0.88667,0.73507,-0.90526,-0.38505,-0.69561,0.31454,-0.92765,-1.0843
-1.0988,0.87287,-1.1433,-0.3729,-0.94109,0.43081,-1.2381,-1.5324
-0.90783,1.1753,-0.87083,-0.3283,-0.8714,0.43858,-0.86607,-1.3305
-0.84139,0.60875,-0.98326,-0.92561,-1.0778,0.38043,-0.85194,-1.5478
-0.94649,0.86431,-0.94087,-0.40935,-0.75178,-0.029874,-1.2155,-1.3741
-1.0474,0.98239,-1.0746,-0.53837,-0.7227,0.43948,-0.87282,-1.3143
-1.0114,0.71785,-0.62286,-0.66669,-0.44354,0.26544,-0.70124,-1.406
-0.9349,0.58942,-1.0617,-0.42556,-0.65348,0.5386,-0.87219,-1.2622
-1.105,0.61696,-0.78161,-0.68484,-0.94602,0.46138,-0.87127,-1.6004
-0.77442,1.1873,-1.0954,-0.30223,-0.71491,0.65685,-1.0318,-1.3878
-1.3097,0.96756,-1.0368,-0.39268,-0.74719,0.098652,-0.94232,-1.2637
-1.0841,0.64515,-0.74925,-0.65661,-0.61822,0.53935,-0.66553,-1.3576
-0.95779,1.3399,-0.66501,-0.88241,-0.79203,0.53551,-0.6241,-1.2598
-0.59758,1.1019,-0.86247,-0.65435,-0.71935,0.17828,-0.62823,-1.2942
-1.1043,0.59803,-1.0588,-0.41589,-0.60259,0.5215,-0.61454,-1.6778
-0.67044,1.1765,-0.86567,-0.72915,-0.50054,0.39183,-0.91209,-1.2315
-0.86609,1.0117,-1.0758,-0.74798,-0.81152,0.38921,-0.8689,-1.6662
-0.81152,0.86556,-0.78017,-0.40209,-0.71764,0.55961,-0.66706,-1.6048
-0.87238,0.80061,-0.9592,-0.69677,-0.6916,0.49966,-0.73016,-1.3642
-0.72857,1.1352,-0.98854,-0.80835,-0.55551,0.61459,-0.54526,-1.474
-0.82877,1.0636,-0.96965,-0.27041,-0.24609,0.267,-0.94509,-1.28
-0.90799,1.2851,-0.89832,-0.62425,-0.52575,0.68696,-0.66557,-1.404
-0.8206,1.2978,-1.1176,-0.53824,-0.45818,0.56135,-0.9011,-1.3532
-1.0223,1.1532,-1.0227,-0.52815,-0.56918,0.41594,-0.7009,-1.5592
-1.2762,1.148,-1.0639,-0.31207,-0.55358,0.44174,-0.39389,-1.6819
-1.0074,0.91398,-1.2042,-0.58479,-0.65572,0.4831,-0.60139,-1.5072
-1.0288,0.79837,-0.9892,-0.56768,-0.43341,0.40937,-0.87365,-1.2893
-0.93161,0.76418,-1.0184,-0.77991,-0.83971,0.937,-0.41296,-1.6434
-0.86111,0.98337,-1.032,-0.25414,-0.42816,0.26644,-0.63487,-1.3818
-1.0936,1.0213,-0.51228,-0.76265,-0.41819,0.7236,-0.46356,-1.2626
-1.2425,1.2252,-0.6983,-0.24172,-0.60898,0.41254,-0.74216,-1.4694
-0.9422,0.78012,-0.83185,-0.76166,-0.71653,0.31003,-0.42811,-1.3138
-0.87621,1.0858,-0.57317,-0.59375,-0.66926,0.27379,-0.67318,-1.3747
-1.2308,0.96721,-0.74496,-0.37683,-0.67996,0.44722,-0.50788,-1.3265
-0.97152,0.75197,-0.70545,-0.63782,-0.3066,0.59626,-0.66967,-1.3638
-1.0318,1.1444,-0.70377,-0.76535,-0.23174,0.31402,-0.79405,-1.5733
-1.0306,1.1675,-0.95769,-0.50904,-0.58998,0.22271,-0.80193,-1.4859
-0.80207,1.1636,-0.4779,-0.16057,-0.70525,0.43244,-0.41781,-1.4302
-0.92877,0.66801,-0.98887,-0.56919,-0.61505,0.39322,-0.68518,-1.6882
-0.87556,1.0438,-0.70695,-0.54215,-0.58603,0.511,-0.62372,-1.5225
-0.92674,1.008,-0.45367,-0.46825,-0.39625,0.36331,-0.28112,-1.4517
-0.72381,0.70613,-1.0259,-0.31834,-0.50374,0.4521,-0.50789,-1.2301
-0.92474,1.1158,-0.76035,-0.6087,-0.57029,0.54089,-0.4167,-1.6233
-1.1098,1.2189,-1.1867,-0.44598,-0.41037,0.72004,-0.65848,-1.4415
-0.86166,1.1814,-0.66206,-0.37207,-0.49289,0.29595,-0.76745,-1.5837
-0.7821,1.2755,-0.63195,-0.464,-0.35177,0.41947,-0.38925,-1.5458
-0.85103,0.77586,-1.0092,-0.47891,-0.2498,0.51178,-0.72471,-1.5106
-0.82277,1.0215,-0.5662,-0.32246,-0.42713,0.60116,-0.52663,-1.5346
-1.0125,1.0836,-0.88738,-0.52895,-0.76578,0.71982,-0.36075,-1.2796
-0.75344,1.1413,-0.67267,-0.68,-0.47027,0.45838,-0.62319,-1.3694
-1.1973,1.2514,-0.74667,0.019243,-0.3661,0.51909,-0.47847,-1.4942
-1.3173,0.90538,-0.96095,-0.52885,-0.36117,0.40541,-0.50246,-1.6013
-1.0225,0.95677,-0.72869,-0.12493,-0.30306,0.69567,-0.77637,-1.2336
-0.82269,1.0021,-0.70006,-0.55981,-0.49347,0.47367,-0.62234,-1.2323
-1.2043,0.75597,-0.56061,-0.21973,-0.20567,0.2686,-0.65639,-1.2271
-1.0752,1.2109,-0.69308,-0.16476,-0.44489,0.38545,-0.76331,-1.4234
-0.92161,0.99121,-0.78119,-0.31883,-0.22078,0.21093,-0.57383,-1.577
-0.98488,0.93438,-0.55138,-0.43583,0.004264,0.66032,-0.54705,-1.2121
-0.93164,1.2401,-0.62842,-0.27131,-0.37586,0.3397,-0.884,-1.5087
-0.83735,1.0492,-0.70947,-0.48017,-0.14877,0.67098,-0.62188,-1.4414
-0.87788,1.1776,-0.81235,-0.34993,-0.74812,0.89585,-0.42713,-1.5976
-0.89437,1.2101,-1.0748,-0.69779,-0.42259,0.62763,-0.44625,-1.3207
-0.79413,0.93592,-0.59113,-0.44176,-0.31397,0.38436,-0.28741,-1.408
-1.334,1.2939,-0.54542,-0.42109,-0.5999,0.51143,-0.53124,-1.343
-1.0829,1.0772,-0.74913,-0.43715,-0.52757,0.44266,-0.56647,-0.80581
-0.69575,0.97399,-0.80152,-0.40809,-0.35985,0.50837,-0.83902,-1.5648
-1.1542,1.1175,-0.59217,-0.22195,-0.27931,0.18677,-0.23661,-1.4276
-1.0743,0.83249,-0.7661,-0.66458,-0.552,0.47149,-0.88533,-1.6155
-0.96293,0.87499,-0.80768,-0.4135,-0.31047,0.5623,-0.7665,-1.3293
-0.63301,1.2887,-0.65387,-0.61594,-0.034368,0.38174,-0.57112,-1.4183
-0.97839,1.099,-0.43931,-0.18771,-0.51817,0.46528,-0.67335,-1.2149
-1.3365,0.96902,-0.45381,-0.10595,-0.15442,0.7649,-0.90389,-1.4503
-0.88828,0.96584,-0.38136,-0.17035,-0.33679,0.51245,-0.46192,-1.4896
-0.98877,1.3026,-0.49752,-0.18358,-0.32134,0.6449,-0.39387,-1.6122
-0.86518,1.1429,-0.89511,-0.29534,-0.41492,0.41694,-0.52514,-1.5705
-0.82544,1.069,-0.87591,-0.29991,-0.035216,0.45694,-0.57347,-1.4606
-0.96274,1.1435,-0.58284,-0.25424,-0.23965,0.69043,-0.44758,-1.1528
-1.0997,0.99949,-0.53066,-0.50045,-0.20221,0.53418,-0.56609,-1.3945
-0.93835,1.2415,-0.78735,-0.31757,-0.31146,0.82624,-0.37998,-1.4168
-1.1822,1.1107,-0.81509,-0.30933,-0.13774,0.56511,-0.39556,-1.4082
-0.9701,1.2559,-0.60589,-0.31578,0.042975,0.33631,-0.47318,-1.6151
-1.0547,1.2065,-0.51067,-0.64788,-0.33575,0.47915,-0.48729,-1.8532
-0.69821,1.0724,-0.81246,-0.54313,-0.20659,0.55048,-0.27803,-1.1685
-0.89489,0.97176,-0.71415,-0.48685,-0.12634,0.79602,-0.76948,-1.4467
-1.0861,1.4628,-0.86317,-0.19245,-0.048943,0.60662,-0.24732,-1.4932
-1.1196,1.3138,-0.66978,-0.26216,-0.22058,0.55472,-0.33625,-1.8185
-0.78725,1.431,-0.8232,-0.42878,-0.45315,0.33582,-0.6481,-1.7205
-1.0347,0.93908,-0.60589,-0.32114,-0.52324,0.7772,-0.63765,-1.5586
-0.90997,1.3552,-0.53161,-0.47515,-0.20787,0.65937,-0.54612,-1.2641
-0.8203,1.3087,-0.37582,-0.40871,-0.1822,0.71207,-0.47091,-1.5873
-0.92502,1.1629,-0.51875,-0.18666,-0.354,0.4824,-0.19135,-1.3567
-0.94163,0.8792,-0.56203,-0.72667,-0.26237,0.51535,-0.42074,-1.3836
-0.71217,1.1949,-0.66124,-0.20901,-0.19438,0.56533,-0.43917,-1.3733
-1.0291,1.2655,-0.75713,-0.46657,0.074267,0.62981,-0.27534,-1.5115
-1.0036,0.99437,-0.59491,-0.44848,-0.22847,0.67144,-0.15682,-1.4744
-0.91666,1.4303,-0.69868,-0.23681,-0.38934,0.5812,-0.48068,-1.5478
-0.85783,0.94968,-0.82367,-0.41267,-0.38749,0.58068,-0.4591,-1.8115
-1.147,1.4399,-0.89233,-0.2783,-0.28652,0.65919,-0.56199,-1.6285
-0.78393,1.0469,-0.69452,-0.10624,-0.50642,0.4475,-0.29372,-1.5471
-1.0165,1.0862,-0.59498,-0.11207,-0.16413,0.8072,-0.44183,-1.5467
-0.77498,1.2264,-0.84929,-0.38133,-0.29374,0.70994,-0.049656,-1.5545
-0.87974,0.99152,-0.56995,-0.27473,-0.07589,0.31574,-0.45693,-1.4907
-1.2325,1.4767,-0.49413,-0.55509,-0.037329,0.8278,-0.42857,-1.4775
-1.0105,1.3428,-0.42692,-0.42448,-0.15535,0.70419,-0.45659,-1.4056
-1.0763,1.1785,-0.64729,-0.29827,-0.1476,0.97826,-0.4815,-1.3209
-1.3211,0.9354,-0.8492,-0.14994,-0.22287,0.76987,-0.44356,-1.2235
-0.50783,1.3711,-0.28652,-0.23212,-0.043086,0.73894,-0.45525,-1.7507
-1.0384,0.94317,-1.0059,-0.35699,-0.10971,0.52898,-0.32512,-1.4767
-0.97031,1.3722,-0.56981,-0.10172,-0.24124,0.81283,-0.36685,-1.2519
-0.95264,0.83618,-0.70907,-0.012989,-0.073173,0.59011,-0.042427,-1.401
-0.81646,1.3106,-0.64198,-0.29579,-0.029341,0.50505,-0.41414,-1.4263
-1.2223,1.3566,-0.86383,-0.38083,-0.22431,0.66911,-0.43702,-1.4705
-0.84881,1.5576,-0.62684,-0.50807,-0.27419,0.64894,-0.23459,-1.426
-1.0928,0.9461,-0.44619,-0.48945,-0.34881,1.0161,-0.79556,-1.2293
-1.0794,1.1116,-0.37873,-0.40949,-0.013616,0.63884,-0.032243,-1.2659
-1.1246,1.1388,-0.38992,-0.53152,-0.18412,0.88055,-0.25081,-1.2592
-0.93036,1.3065,-0.59495,-0.45263,-0.3984,0.4057,-0.58077,-1.17
-1.078,1.2026,-0.50202,-0.5151,-0.3669,0.72549,-0.28135,-1.654
-0.75274,0.91852,-0.24671,-0.19671,-0.23567,0.70271,-0.42049,-1.2164
-0.68844,0.8142,-0.43448,-0.30835,-0.060356,0.79437,-0.38627,-1.759
-1.0139,0.95973,-0.4135,-0.27197,-0.041017,0.68401,-0.32336,-1.3407
-1.0925,1.4751,-0.75957,-0.27681,-0.19347,0.48789,-0.31754,-1.5229
-1.0212,1.0404,-0.61363,-0.096289,-0.30908,0.58301,-0.44124,-1.167
-0.78046,1.0751,-0.65097,-0.38651,-0.27227,0.59947,-0.30143,-1.1465
-0.98943,1.0903,-0.24962,-0.36676,0.080315,0.73961,-0.20235,-1.206
-1.3369,1.0653,-0.3403,-0.56271,0.032546,0.64399,-0.3973,-1.4499
-1.0514,1.3721,-0.66193,-0.1526,0.010849,0.70937,-0.15805,-1.0738
-0.93609,1.0896,-0.7047,-0.20442,-0.19564,0.55601,-0.66852,-1.8425
-0.60951,0.93881,-0.84742,-0.66573,-0.11126,0.52837,-0.065251,-1.3326
-0.75182,1.2548,-0.30129,-0.50815,-0.20837,0.68683,-0.32103,-1.3093
-0.90113,1.1124,-0.42746,-0.1801,-0.27174,0.86493,-0.39039,-1.4359
-0.79056,1.2434,-0.55942,-0.063246,-0.31228,0.49651,-0.053203,-1.0305
-1.0511,1.2815,-0.48068,-0.12044,-0.061672,0.45248,-0.40026,-1.5789
-0.99147,1.0412,-0.60349,-0.29081,-0.2272,0.55064,-0.16529,-1.5639
-0.94785,1.3066,-0.64497,-0.87986,0.14075,0.87877,-0.077624,-1.5218
-1.0634,1.3763,-0.67584,0.030888,-0.15349,0.9711,-0.1514,-1.0095
-1.1065,0.9631,-0.61266,-0.084363,-0.18283,0.89406,-0.25765,-1.4409
-1.277,0.98311,-0.50207,-0.34709,0.049263,0.62692,0.21903,-1.4604
-0.85679,1.5318,-0.30176,-0.048388,-0.28719,0.46884,-0.13538,-1.4735
-1.1118,1.1568,-0.67592,-0.52181,-0.34106,0.41931,-0.24225,-1.3336
-1.215,1.0873,-0.41218,-0.36001,-0.13926,0.5652,-0.31933,-1.467
-0.75197,1.1777,-0.47045,-0.42663,-0.14134,0.67365,-0.34037,-1.215
-0.84403,1.3956,-0.37862,-0.23623,-0.31438,0.76006,-0.49019,-1.1167
-1.0089,1.3173,-0.80654,-0.26512,-0.22057,0.58317,0.031558,-1.3736
-1.0196,1.214,-0.56831,-0.37504,0.070613,0.61699,-0.54097,-1.3621
-0.85388,1.1619,-0.53626,-0.61222,-0.0092353,0.42315,0.0059541,-1.3962
-0.99885,1.2394,-0.51453,-0.34706,0.0096537,0.60969,-0.42316,-1.1106
-1.0597,0.78399,-0.5551,-0.3058,0.12284,0.5451,-0.21747,-1.4296
-1.0296,1.151,-0.18266,-0.39945,0.04465,0.69073,-0.1969,-1.3066
-0.92583,0.82677,-0.54622,-0.52126,-0.47312,0.5534,-0.16727,-1.0485
-1.1674,1.4094,-0.33857,-0.28586,-0.15066,0.68666,-0.14074,-1.4845
-0.98518,1.5614,-0.43737,-0.20289,-0.083227,0.78516,-0.14607,-1.3599
-0.99265,0.88644,-0.71586,-0.5781,-0.26743,0.52366,-0.23669,-1.3201
-1.0093,1.0823,-0.69575,-0.26985,0.065347,0.49803,-0.2797,-1.2719
-0.79371,1.1215,-0.53758,-0.43493,0.0031415,0.60198,0.22769,-1.1562
-1.0526,0.95869,-0.50864,-0.27631,0.024689,0.47029,-0.29559,-1.2164
-1.0827,1.1541,-0.53173,-0.14278,0.074637,0.77979,0.064037,-1.2332
-0.67639,1.1532,-0.67386,-0.3126,-0.26414,0.4152,0.26613,-1.3245
-1.0368,1.197,-0.52571,-0.35043,0.13481,0.77362,-0.28519,-1.1543
-0.86352,0.98128,-0.67341,-0.3738,-0.1261,0.68636,0.1113,-1.3278
-1.1133,0.95204,-0.69062,-0.092079,-0.23383,0.76994,-0.13885,-1.0191
-0.92035,1.2451,-0.45017,-0.29484,-0.11244,0.61796,0.2135,-1.5658
-1.1111,1.3976,-0.55011,-0.36043,0.11602,0.59532,0.07334,-1.3577
-0.52923,1.0996,-0.26081,-0.29972,-0.1899,0.84565,0.26301,-1.6648
-0.92259,1.4718,-0.76203,-0.1834,-0.051553,0.72749,-0.57146,-1.3625
-0.84711,1.3083,-0.53507,-0.51737,-0.070773,0.44625,-0.38256,-1.6212
-0.91404,0.89126,-0.87657,-0.50271,-0.095699,0.68335,-0.0266,-0.97441
-0.99181,1.428,-0.58576,-0.3607,-0.16691,0.53071,-0.22945,-1.2767
-0.68453,1.3708,-0.64223,-0.14803,0.21321,0.64199,-0.070666,-1.0721
-0.95926,1.5833,-0.72804,-0.4479,-0.20195,0.44825,-0.072354,-1.4176
-1.058,1.1595,-0.4735,-0.25035,0.19246,0.54952,0.017587,-1.0878
-0.96874,1.1879,-0.54487,0.034767,-0.013458,0.65147,0.10376,-1.2703
-1.3052,1.1195,-0.34789,-0.27472,-0.028646,0.65724,-0.17228,-1.0744
-1.0982,1.1416,-0.58523,-0.17077,-0.083407,0.83083,0.16715,-1.4925
-1.1041,1.0165,-0.42457,-0.56595,-0.24879,0.66713,0.15515,-1.2602
-1.1266,1.3603,-0.68109,-0.070809,0.019751,0.43251,0.12764,-0.95212
-1.2132,0.89613,-0.6222,-0.26109,-0.020751,0.58182,-0.45378,-1.4372
-1.1811,1.0744,-0.39593,-0.35687,-0.028986,0.62813,0.28998,-1.3098
-0.78739,1.2589,-0.38853,-0.39982,-0.41411,0.50914,0.29899,-0.97649
-1.2906,1.3727,-0.5541,-0.17126,-0.065379,0.49172,0.255,-1.2162
-1.0797,1.1353,-0.45038,-0.12178,0.089699,0.43395,0.0558,-1.0572
-0.84932,1.4441,-0.62629,-0.23041,0.14032,0.51349,-0.16082,-1.0037
-0.92809,1.3809,-0.5553,-0.017199,0.058956,0.40497,0.16776,-1.1656
-0.78076,1.2966,-0.57579,-0.42285,-0.2024,0.6597,-0.01552,-1.5795
-1.0709,1.0673,-0.45834,-0.31949,-0.21203,0.79349,0.1157,-0.86393
-1.4183,1.0726,-0.72038,-0.1637,0.08243,0.7734,-0.1034,-1.1879
-1.0343,1.5103,-0.38216,-0.078502,-0.16889,0.9259,0.070973,-1.0409
-0.90167,1.1082,-0.59257,-0.17243,-0.29897,0.48543,0.16196,-1.1074
-1.1001,1.3335,-0.47419,-0.42672,-0.3121,0.29161,-0.15331,-1.1737
-1.0815,1.2576,-0.37359,-0.57786,-0.096757,0.71369,-0.092733,-0.92804
-1.0183,1.0236,-0.74636,-0.16296,-0.40819,0.45518,-0.37114,-1.1976
-0.94537,0.87456,-0.5289,-0.26441,-0.30455,0.68167,0.051534,-0.90946
-1.0524,0.98948,-0.53141,-0.57052,-0.20662,0.70445,0.23039,-1.0861
-0.92967,1.0493,-0.88741,-0.059644,0.047212,0.83114,-0.19075,-1.1658
-0.86886,1.3726,-0.35507,-0.39295,0.0015029,0.58656,0.047615,-0.94279
-0.99252,0.96532,-0.52437,-0.42681,-0.056748,0.65861,-0.18664,-0.88997
-1.0669,1.3004,-0.63239,0.023101,-0.025083,0.83582,0.0035224,-0.91594
-0.86851,1.0893,-0.31938,-0.45182,-0.21421,0.66134,0.19654,-1.2124
-1.296,0.90896,-0.52827,-0.36337,-0.23769,0.40223,0.10292,-0.6593
-1.1021,1.154,-0.51,-0.44753,0.01154,0.93466,0.27676,-1.2384
-1.0394,1.1445,-0.68131,-0.19533,-0.23495,0.56585,0.15896,-1.3112
-0.97869,1.2149,-0.76136,-0.18911,0.048712,0.29686,0.10731,-0.94128
-1.1335,1.3117,-0.54037,-0.56376,-0.35088,0.40798,-0.27122,-1.3382
-0.59445,1.0373,-0.91189,-0.039585,-0.062194,0.73126,0.14772,-1.3855
-0.82799,1.6087,-0.40245,-0.53855,-0.28841,0.67723,-0.10455,-1.2604
-0.9647,1.1635,-0.70589,-0.72731,0.089987,0.37066,0.13656,-0.89781
-0.80714,1.3213,-0.29566,-0.0028994,-0.0032026,0.51293,0.045015,-1.0439
-0.6948,1.1727,-0.62495,-0.31529,-0.13194,0.60888,0.039826,-0.81918
-1.1408,1.2537,-0.66782,-0.21842,-0.42963,0.46963,0.20995,-1.3685
-0.84664,1.2893,-0.70494,-0.11523,0.06884,0.63714,0.25673,-1.0033
-0.78847,1.3984,-0.80155,-0.29866,-0.0068352,0.71823,0.1737,-1.1992
-1.1721,1.1825,-0.66917,-0.42208,0.063535,0.19695,0.42027,-0.9649
-1.195,1.261,-0.8935,-0.34601,-0.23209,0.60902,0.19867,-1.2467
-1.0102,1.1706,-0.54264,-0.3659,-0.23881,0.39101,0.2095,-1.0529
-1.0896,0.9242,-0.64682,-0.2626,-0.27725,0.76658,0.29813,-1.0691
-1.2396,1.1056,-0.51965,-0.56776,0.31041,0.71817,-0.24683,-1.2133
-0.94696,1.208,-1.0246,-0.51526,0.080831,0.80014,0.087298,-1.1775
-1.1001,1.067,-0.67712,-0.29484,-0.15743,0.36859,0.35858,-0.86399
-1.0418,1.4671,-0.80981,-0.51769,-0.16764,0.59065,0.34445,-1.4759
-0.90617,0.97518,-0.92623,-0.27209,-0.054709,0.82482,0.37377,-1.0251
-0.81873,1.2799,-0.83015,-0.043182,-0.35223,0.33229,0.086029,-0.97613
-0.87596,0.8412,-0.48796,-0.10271,-0.20885,0.63086,0.22346,-1.3173
-0.91185,1.1144,-0.41719,0.1397,-0.24094,0.44964,0.23362,-0.92739
-0.88418,0.91062,-0.39183,-0.25347,-0.47495,0.62332,0.15168,-0.90758
-1.1953,0.87998,-0.62933,-0.52043,-0.074426,0.43874,0.33163,-0.72414
-1.1731,1.3871,-0.79894,-0.1926,-0.38265,0.76521,0.29428,-1.0295
-1.0574,1.0309,-0.32309,-0.010276,-0.098153,0.27877,0.14557,-1.0931
-0.91585,1.1763,-0.81256,-0.21291,-0.15743,0.48915,0.25049,-1.0394
-1.0686,1.1029,-1.3679,-0.5093,-0.32885,0.56827,0.25155,-0.88275
-1.1482,1.2001,-0.75758,-0.19056,-0.44139,0.78617,0.1417,-0.7384
-0.84517,1.1303,-0.69089,-0.27968,-0.14867,0.63356,0.0036127,-1.0597
-0.87183,1.2408,-0.70493,-0.20008,-0.50197,0.37031,0.38958,-0.69322
-0.95745,1.1418,-0.65479,-0.29774,-0.32314,0.54661,-0.037562,-0.83364
-1.163,1.2351,-0.5869,-0.33828,-0.30944,0.73829,0.13426,-1.136
-0.94788,1.0669,-0.71648,-0.41438,-0.26816,0.41985,0.16166,-1.0941
-1.173,0.88281,-0.79496,-0.50174,-0.21763,0.47501,0.19295,-0.8929
-1.035,1.2438,-0.69295,-0.3091,-0.38937,0.51613,0.36428,-0.99855
-1.1374,1.1473,-0.47158,0.1202,-0.18401,0.56241,-0.1074,-1.0693
-1.1313,1.3468,-0.60712,-0.2489,-0.010564,0.65954,0.074928,-0.80101
-0.72734,1.3102,-0.39658,-0.57115,-0.096657,0.76452,0.30124,-1.1405
-1.073,1.3572,-0.6779,-0.19133,-0.43928,0.69184,0.46706,-0.69549
-1.0936,1.2363,-0.75197,-0.48672,-0.41107,0.72847,0.40922,-0.99205
-1.2083,1.1213,-0.64055,-0.16491,-0.22955,0.64292,0.23785,-0.73634
-1.2675,1.1482,-0.82055,-0.45805,-0.34953,0.32176,0.32836,-0.87687
-0.79532,1.1219,-0.73089,-0.36908,-0.29342,0.42397,0.27505,-0.90061
-1.0686,1.1689,-0.89778,-0.37048,-0.12178,0.56908,0.32653,-0.99426
-1.1366,1.1316,-0.68492,-0.22953,0.025925,0.66517,0.10042,-1.0107
-1.0887,1.0547,-0.73425,-0.31588,0.15238,0.45197,0.30298,-0.95804
-0.92428,0.97459,-0.9314,-0.68859,-0.43013,0.56063,0.49374,-0.98833
-1.0196,1.2121,-0.63737,-0.43652,-0.3848,0.16281,0.019281,-0.73425
-1.3616,1.3473,-0.67951,-0.61628,-0.28972,0.79697,0.0057274,-1.1498
-1.3201,0.90262,-0.63856,-0.65648,-0.28072,0.46177,0.63863,-0.79076
-1.1632,1.39,-1.1018,-0.39448,-0.11027,0.29617,0.59362,-0.78133
-1.5167,1.1923,-0.82078,-0.5483,-0.35231,0.77773,0.18302,-1.0899
-1.107,0.98691,-0.9333,-0.76442,-0.1505,0.43194,0.46811,-1.0957
-0.80181,0.86038,-0.96155,-0.39936,-0.17303,0.5424,0.17247,-1.0023
-0.90936,1.4492,-0.88322,-0.4275,-0.37733,0.49019,0.24363,-1.1917
-0.9122,1.156,-0.83648,-0.79614,-0.40276,0.42968,0.24671,-0.80288
-1.1765,1.2017,-0.90732,-0.25331,-0.40736,0.62773,0.16607,-0.8952
-1.1037,1.0882,-1.0725,-0.51468,-0.43116,0.22801,-0.036387,-0.73883
-1.3882,0.94928,-0.75785,-0.39086,-0.29924,0.55233,0.34075,-0.75828
-1.4851,1.23,-0.80054,-0.31685,0.10307,0.21416,0.60682,-0.97947
-1.1118,1.1318,-0.87521,-0.51309,-0.51101,0.55773,0.40746,-0.85367
-0.95245,1.0204,-0.84897,-0.28106,-0.25844,0.51357,0.44021,-0.62268
-1.1788,0.98263,-0.94694,-0.56755,-0.33565,0.57696,0.29717,-0.86065
-1.2408,1.0607,-1.0025,-0.59026,-0.37428,0.66685,0.17488,-0.6368
-1.1703,1.0599,-0.96018,-0.55783,-0.45444,0.52024,0.34393,-0.68897
-1.2566,0.93575,-0.63605,-0.45924,-0.29978,0.491,0.3564,-1.086
-1.0685,1.1071,-0.89943,-0.25728,-0.36135,0.63341,0.31024,-1.0312
-0.89865,1.0059,-0.68369,-0.43713,-0.38208,0.44264,0.28204,-0.8547
-1.027,1.1377,-0.91202,-0.40913,-0.32672,0.51753,0.38525,-0.79161
-1.1113,1.035,-1.1073,-0.15968,-0.33419,0.59895,0.53356,-0.93805
-1.2457,0.90091,-0.65316,-0.1287,-0.59226,0.62594,0.35862,-1.0794
-1.488,0.92459,-0.74177,-0.2926,-0.25983,0.74462,0.35273,-0.65619
-1.1889,1.0344,-0.70193,-0.49628,-0.52008,0.63947,0.03361,-0.78743
-1.3693,1.0326,-1.1379,-0.74699,-0.59935,0.20724,0.37793,-0.97844
-1.1234,0.94729,-0.89324,-0.32945,-0.48689,0.52567,0.28219,-0.94495
-1.2945,1.1051,-0.84659,-0.59007,-0.53984,0.54896,0.61972,-0.68217
-1.0718,0.78864,-0.89068,-0.46186,-0.79547,0.46832,0.38999,-0.98825
-1.7008,0.81826,-0.82716,-0.28353,-0.51179,0.22972,0.59093,-0.70991
-1.1584,1.2031,-0.98814,-0.6098,-0.88792,0.38366,0.26616,-0.81211
-1.0627,0.91524,-1.1542,-0.041235,-0.42222,0.2825,0.7276,-1.0146
-0.75239,1.1971,-1.446,-0.29947,-0.51845,0.32004,0.72184,-0.82622
-1.2928,1.1459,-1.2238,-0.50522,-0.39412,0.43175,0.10425,-0.99023
-1.131,0.93363,-1.1107,-0.5796,-0.37906,0.40352,0.1456,-0.82001
-0.94146,0.88655,-0.75323,-0.5154,-0.4399,0.86488,0.27285,-0.58793
-1.2552,1.4153,-0.67871,-0.43822,-0.67038,0.48327,0.3319,-0.40573
-0.91855,1.0226,-1.2754,-0.66626,-0.51555,0.29543,0.28307,-0.88058
-1.265,1.0336,-1.0962,-0.63451,-0.70692,0.20654,0.32616,-0.61825
-1.2932,1.1241,-1.2508,-0.39002,-0.72102,0.43137,0.45201,-0.55857
-1.1352,0.72434,-0.97995,-0.47683,-0.81414,0.45675,0.45716,-0.89644
-1.0554,0.80978,-0.71891,-0.17199,-0.50573,0.66716,0.72168,-0.71949
-0.9927,0.78199,-0.98464,-0.64877,-0.55997,0.45146,0.43489,-0.38984
-1.1802,0.76783,-1.1783,-0.39971,-0.8759,0.42667,0.67289,-0.68944
-1.2141,0.98338,-0.93311,-0.31299,-0.80888,0.62026,0.48541,-0.97422
-1.0721,0.52401,-1.0164,-0.27666,-0.81302,0.71348,0.55502,-0.93265
-0.9694,1.026,-0.99784,-0.29718,-0.67607,0.36532,0.61713,-0.92233
-1.3746,0.95089,-1.1464,-0.49127,-0.81587,0.12065,0.57768,-1.014
-1.4864,0.71406,-1.0962,-0.2503,-0.94413,0.57558,0.33696,-0.86075
-1.4823,1.2929,-0.85955,-0.45917,-0.94392,0.2164,0.59174,-0.81645
-1.4901,1.0272,-1.061,-0.76061,-0.93589,0.28496,0.55417,-0.50045
-1.3418,1.0537,-0.76946,-0.36071,-0.64328,0.44868,0.44808,-0.70696
-1.4544,0.98043,-1.1568,-0.37438,-0.3736,0.50953,0.55257,-1.1321
-1.2231,0.96083,-0.89495,-0.36694,-0.85724,0.42472,0.22619,-0.3298
-1.4397,0.87915,-0.99946,-0.46565,-0.78238,0.22031,0.49087,-0.60361
-1.27,0.96449,-1.1812,-0.39677,-0.7818,0.23542,0.54733,-0.73454
-1.3886,1.069,-1.0463,-0.70559,-0.83837,0.63952,0.52357,-0.61304
-1.4111,0.96907,-1.2349,-0.82445,-0.89772,0.53524,0.36809,-0.93117
-1.1448,1.0275,-1.0039,-0.42738,-0.56762,0.33972,0.62836,-1.0798
-1.1864,0.87167,-1.2582,-0.46281,-0.90089,0.13943,0.24357,-0.64823
-0.99412,1.0625,-1.1171,-0.40269,-0.59157,0.45856,0.56318,-0.76851
-1.2378,0.50559,-1.0917,-0.77089,-0.60281,0.21199,0.397,-0.67891
-1.2454,0.78677,-0.82568,-0.61098,-0.56955,0.47626,0.51097,-0.62564
-1.524,0.90575,-0.8436,-0.68203,-0.81204,0.56998,0.57606,-0.77635
-1.5223,0.84168,-1.1237,-0.30708,-1.0064,0.31953,0.20888,-0.78144
-1.0541,0.85027,-1.2392,-0.93431,-0.86095,0.32098,0.34679,-0.61122
-0.83944,0.5235,-0.6122,-0.41811,-0.93886,0.83934,0.16431,-0.66513
-1.4336,1.331,-0.96458,-0.33534,-0.81951,0.50996,0.416,-0.75882
-1.2296,0.82409,-0.98085,-0.62498,-0.61612,0.55221,0.61588,-0.71808
-1.1688,0.96683,-0.81382,-0.80288,-0.85145,0.45499,0.85941,-1.0498
-1.1598,0.93329,-1.1148,-0.4378,-0.78557,-0.09155,0.41077,-0.88931
-1.2454,1.0356,-1.211,-0.77565,-1.1277,0.20055,0.53741,-0.7209
-1.381,1.1748,-0.83022,-0.7452,-1.1378,0.057683,0.41413,-0.57072
-1.1414,0.80307,-1.3894,-0.3115,-0.8289,0.20267,0.6144,-0.83597
-1.3916,0.72838,-1.0658,-0.52334,-1.2176,0.40186,0.54868,-0.69644
-1.4279,0.7287,-1.2033,-0.65141,-1.0741,0.33895,0.51313,-0.9151
-1.3065,0.8065,-1.2435,-0.42408,-1.2273,0.27973,0.20614,-0.7804
-1.1255,0.88538,-0.91822,-0.42025,-0.88367,0.23368,0.62946,-0.52203
-1.2852,1.1212,-1.0976,-0.48331,-0.91555,0.55128,0.8262,-0.81656
-1.0564,0.72687,-1.1971,-0.35785,-0.99019,-0.12908,0.53629,-0.95077
-1.0771,0.66654,-1.0786,-0.5967,-0.65674,0.34597,0.4279,-0.68725
-1.1727,0.72935,-1.0148,-0.43983,-1.0922,0.43119,0.98762,-0.26823
-1.0315,0.63712,-0.82353,-0.84593,-0.40835,0.42251,0.46605,-0.36969
-1.5359,0.59873,-1.023,-0.52089,-0.92572,-0.037302,0.72101,-0.70543
-1.3408,0.98831,-0.99555,-0.5108,-1.184,0.2897,0.3543,-0.66307
-1.2802,0.91297,-1.0707,-0.26867,-0.75564,0.00019215,0.45591,-0.57264
-1.1848,0.64145,-1.338,-0.56957,-0.8879,0.052835,0.74543,-0.61235
-1.3963,0.72141,-1.0113,-0.60722,-1.2066,0.36333,0.26937,-0.49213
-1.4818,0.6164,-1.0835,-0.4941,-1.1072,0.31662,0.47821,-0.52127
-1.5949,0.59832,-1.1964,-0.51926,-0.96468,0.33126,0.35724,-0.68306
-1.1658,0.74233,-1.4284,-0.46496,-0.79295,0.020188,0.61979,-0.50619
-1.5093,0.5758,-1.0562,-0.85087,-0.93272,0.32037,0.19565,-0.54779
-0.97401,0.60123,-1.3724,-0.36361,-1.156,0.34906,0.31869,-0.86151
-1.4396,0.65796,-1.0107,-0.28608,-0.9922,0.65938,0.62668,-0.62862
-1.2938,0.91938,-1.0036,-0.51269,-1.109,0.36811,0.63056,-0.65522
-1.6347,0.50904,-1.2953,-0.9814,-1.104,0.17745,0.17912,-0.89177
-1.0706,0.66679,-1.1402,-0.37341,-1.2231,0.21509,0.61371,-0.57097
-1.1413,0.22085,-1.206,-0.37561,-1.2034,0.63323,0.62529,-0.91625
-1.473,0.77234,-1.4342,-0.46373,-1.1835,0.23177,0.67528,-0.79221
-1.4089,0.60831,-1.2388,-0.658,-1.334,0.31381,0.37114,-0.74355
-1.1942,0.84071,-1.2266,-0.39842,-1.1789,0.19569,0.77887,-0.64475
-1.2709,0.36517,-0.88416,-0.3664,-1.0621,0.48613,0.29237,-0.59045
-1.0779,0.99211,-0.80235,-0.37741,-1.2896,0.37575,0.11968,-0.82387
-1.2696,0.47234,-1.3473,-0.36901,-1.0034,0.20108,0.69884,-0.52977
-1.2514,0.58499,-1.1406,-0.25888,-1.1715,0.26877,0.3998,-0.50632
-1.352,0.6868,-1.3217,-0.3739,-1.1566,0.33468,0.70365,-1.057
-1.4081,1.0923,-1.0209,-0.52574,-1.0448,0.36789,0.53698,-0.76633
-1.3427,0.48681,-0.95449,-0.6715,-1.1261,0.47262,0.45837,-0.7299
-1.3996,0.63589,-1.2352,-0.37745,-1.0627,0.26772,0.50636,-0.84392
-1.8877,0.85198,-1.296,-0.37666,-1.5446,0.019231,0.36417,-0.92066
-0.95897,0.88834,-1.8276,-0.48049,-1.1789,0.03611,0.62289,-0.58504
-1.3502,0.56227,-1.1962,-0.51597,-1.2072,0.15194,0.53567,-0.57025
-1.4388,0.35893,-1.057,-0.59631,-1.2021,0.23606,0.28023,-1.0592
-1.2732,0.79305,-1.1004,-0.46552,-1.3433,-0.15378,0.57861,-0.99277
-1.5171,0.55608,-1.3582,-0.53317,-1.3569,0.19068,0.73597,-0.57241
-1.4531,0.61981,-1.2312,-0.2149,-1.4904,0.28908,0.22998,-0.30648
-1.4268,0.24428,-1.2601,-0.61891,-1.1028,0.27502,0.30962,-0.63489
-1.5565,0.40579,-1.3464,-0.65324,-1.7233,0.38072,0.28338,-0.43635
-1.2283,0.76268,-1.2701,-0.17073,-1.5897,0.40185,0.67101,-0.62057
-1.4097,0.86809,-1.4505,-0.30063,-1.2804,0.12928,0.41106,-0.51513
-1.2691,0.55556,-1.0291,-0.72712,-1.2289,0.083573,0.68461,-0.7329
-1.4712,0.53094,-1.4364,-0.3705,-0.92077,0.26789,0.39218,-0.52023
-1.1551,0.79933,-0.98194,-0.77563,-1.121,0.038852,0.57035,-0.56684
-1.5486,0.48844,-1.3567,-0.00015677,-1.5843,0.15574,0.52142,-0.61271
-1.0971,0.56175,-1.4049,-0.59997,-1.3609,0.047989,0.53665,-0.62118
-1.6152,0.81895,-1.2908,-0.3628,-1.5226,0.15173,0.35809,-0.47007
-1.3404,0.70314,-1.1365,-0.22178,-1.3823,0.31592,0.51911,-0.51646
-1.5493,0.42989,-1.7444,-0.60812,-1.714,0.23907,0.56997,-0.31003
-1.7135,0.66064,-0.9942,-0.6543,-1.4827,0.12111,0.51134,-0.43632
-1.3759,0.40372,-1.4662,-0.38438,-1.3853,0.033627,0.40864,-0.93296
-1.4099,0.29244,-1.0395,-0.51288,-1.3645,0.17064,0.29203,-0.70755
-1.5615,0.57064,-1.603,-0.71197,-1.2309,0.26833,1.0327,-0.65566
-1.2891,0.52111,-1.3017,-0.68378,-1.4596,0.13467,0.66388,-0.45884
-1.4736,0.46421,-1.4754,-0.47834,-1.5309,0.26667,0.55827,-0.43298
-1.7831,0.55241,-1.2124,-0.62722,-1.3103,0.22486,0.5345,-0.56478
-1.5413,0.58451,-1.3351,-0.80648,-1.5445,0.19917,0.45109,-0.64038
-1.4459,0.65368,-1.2915,-0.75021,-1.4178,-0.08054,0.24522,-1.0102
-1.4344,0.2822,-1.1276,-0.19778,-1.6282,0.14201,0.37364,-0.68906
-1.3875,0.51385,-1.4331,-0.44788,-1.4813,0.13521,0.72222,-0.52642
-1.2549,0.654,-1.3614,-0.37493,-1.5217,0.29326,0.45005,-0.60443
-1.5361,0.4497,-1.4528,-0.43326,-1.6563,0.26212,0.10603,-0.57162
-1.6888,0.62493,-1.5173,-0.53827,-1.6875,0.0033284,0.34092,-0.83259
-1.4254,0.5613,-1.3613,-0.16584,-1.4749,0.19331,0.45987,-0.59002
-1.9565,0.3923,-1.1958,-0.40379,-1.323,0.11264,0.50459,-0.70709
-1.3809,0.64756,-1.2046,-0.63698,-1.3365,0.40854,0.11984,-0.86118
-1.5279,0.64872,-1.4113,-0.40866,-1.5055,0.0045144,0.56154,-0.5355
-1.4027,0.44577,-1.1278,-0.44033,-1.5169,0.15472,0.19919,-0.58687
-1.1837,0.44332,-1.0901,-0.81647,-1.6126,0.039494,0.45176,-0.4893
-1.6435,0.43974,-1.4883,-0.73687,-1.6181,-0.041214,0.24679,-0.74011
-1.606,0.56428,-1.4767,-0.58522,-1.7687,0.14669,0.41698,-0.58228
-1.7853,0.40217,-1.1684,-0.41798,-1.6057,0.27507,0.4528,-0.59387
-1.434,0.78531,-1.4818,-0.63509,-1.9116,0.021709,0.47507,-0.6323
-1.4431,0.35334,-1.2468,-0.51696,-1.714,0.075315,0.53148,-0.65464
-1.4609,0.43666,-1.6482,-0.36793,-1.6548,-0.073967,0.42165,-0.57683
-1.5147,0.19265,-1.4261,-0.76224,-1.5077,0.071274,0.15598,-0.58016
-1.8144,0.54829,-1.3715,-0.51949,-1.6775,0.021328,0.52523,-0.92608
-1.8352,0.38223,-1.5528,-0.38686,-1.2543,0.37726,0.34123,-0.98886
-1.4353,0.16333,-1.1084,-0.7521,-1.6329,-0.2387,0.67005,-0.69948
-1.5877,0.14468,-1.2866,-0.4019,-1.8887,0.35475,0.41038,-0.89162
-1.368,0.52157,-1.6093,-0.42196,-2.0111,-0.025326,0.25503,-0.32136
-1.5885,0.67132,-1.27,-0.39787,-1.8449,0.10144,0.34793,-0.23096
-1.9756,0.32738,-1.3785,-0.62116,-1.4619,-0.029992,0.42006,-0.62948
-1.3744,0.55491,-1.4212,-0.92817,-1.6809,-0.0011403,0.27125,-0.74386
-1.5767,-0.024537,-1.1538,-0.27986,-1.9604,0.077548,0.35255,-0.62017
-1.4828,0.071358,-1.3036,-0.52793,-2.3191,0.12685,0.5568,-0.68096
-1.633,0.39197,-1.6733,-0.49945,-1.5291,0.060998,0.09592,-1.0768
-1.686,0.50344,-1.334,-0.51189,-1.6855,-0.26915,0.51235,-0.44526
-1.3705,0.21392,-1.3183,-0.84419,-1.7908,0.24008,0.27386,-0.17167
-1.8015,0.42651,-1.5127,-0.31674,-1.4584,-0.022906,0.68468,-0.42129
-1.7445,0.18102,-1.5121,-0.73867,-1.8703,0.36334,0.34489,-0.6565
-1.4269,0.20516,-1.1457,-0.48995,-2.021,-0.05007,0.14347,-0.21442
-1.1911,0.047717,-1.3337,-0.94805,-1.8079,0.13558,0.097953,-0.57286
-1.5348,-0.002432,-1.5576,-0.61479,-1.8851,0.2436,0.53077,-0.67665
-1.8923,0.47935,-1.3957,-0.23042,-1.8496,0.12131,0.7005,-0.34284
-1.5926,0.46611,-1.6838,-0.37015,-1.9046,0.050575,0.46868,-0.49798
-1.6242,0.32466,-1.5836,-0.75299,-1.9436,0.015641,0.31811,-0.50786
-1.5939,0.64109,-1.5323,-0.64877,-1.4359,0.23796,0.30363,-0.23408
-1.5797,0.074727,-1.3659,-0.58954,-1.4216,-0.02489,0.55683,-0.68423
-1.5555,0.34753,-1.2663,-0.9292,-1.5445,0.24335,0.37372,-0.43053
-1.6672,0.22232,-1.7389,-0.49609,-1.6366,0.25054,0.42292,-0.67113
-1.3618,0.25621,-1.3803,-0.18121,-1.88,0.24093,0.11242,-0.60387
-1.69,0.33971,-1.2069,-0.50336,-1.7723,0.083102,0.55108,-0.70248
-1.6038,0.40136,-1.3589,-0.52499,-1.5801,0.15899,0.24914,-0.56014
-1.1664,0.59125,-1.3437,-0.72645,-1.6728,0.14757,0.087819,-0.4237
-1.4864,0.26296,-1.6123,-0.85621,-1.7093,0.21644,0.59227,-0.45413
-1.5148,-0.10193,-1.5097,-0.43451,-1.5342,0.05059,0.17263,-0.99744
-1.6988,0.38531,-1.3764,-0.77329,-1.9849,0.27754,0.20416,-0.73587
-1.2414,0.26997,-1.4868,-0.43631,-2.0277,0.16656,0.52912,-0.35141
-1.6353,0.31277,-1.3898,-0.42268,-1.7583,0.1602,0.49261,-0.5254
-1.5052,0.26554,-1.5811,-0.64103,-1.9539,-0.049965,0.14914,-0.63627
-1.4982,0.14449,-1.7027,-0.6073,-1.9724,-0.31834,0.45604,-0.68259
-1.6676,-0.014093,-1.4745,-0.73263,-1.8661,-0.13381,0.24414,-0.50425
-1.5891,0.15918,-1.1284,-0.35927,-1.8169,0.13338,0.72814,-0.4391
-1.6799,0.14006,-1.5567,-0.39021,-1.8992,0.028534,0.51895,-0.34078
-1.4619,0.5015,-1.6769,-1.0064,-1.9808,0.13938,0.21886,-0.55944
-1.1503,0.10319,-1.1061,-0.57105,-1.8656,0.26798,-0.079747,-0.7783
-1.4363,0.25891,-1.5495,-0.48144,-1.9129,0.38203,0.21046,-0.62858
-1.6594,-0.15379,-1.5855,-0.33844,-1.9568,-0.27169,0.19953,-0.59174
-1.4704,0.034076,-1.3458,-0.43377,-1.9032,-0.094115,0.15697,-0.82093
-1.499,0.19783,-1.4575,-0.76833,-2.1198,0.23906,0.54966,-0.57477
-1.8032,0.10233,-1.2267,-0.53203,-1.6961,-0.24428,0.70163,-0.97206
-1.3468,-0.046532,-1.4067,-0.42505,-2.2734,0.079683,0.14242,-0.61454
-1.1262,-0.080941,-1.7308,-0.70124,-1.9155,0.087372,0.34539,-0.61313
-1.3153,0.2802,-1.6715,-0.73,-2.0167,0.15103,0.26995,-0.79808
-1.4759,-0.004367,-1.6689,-0.43769,-1.7395,-0.19331,0.2042,-0.48055
-1.2584,0.025494,-1.1774,-0.75923,-2.2586,0.059078,0.33085,-0.8566
-1.5961,-0.047747,-1.5962,-0.33685,-1.9031,-0.03964,-0.050219,-0.68463
-1.5304,0.23132,-1.7134,-0.35722,-2.1254,0.31143,0.2881,-0.17661
-1.8266,-0.2053,-1.4401,-0.47596,-2.3701,0.1426,0.53259,-0.79205
-1.3374,0.019786,-1.3609,-1.0068,-2.5142,0.11453,0.18403,-0.73035
-1.5369,0.002177,-1.2268,-0.68839,-2.2971,0.28725,0.32216,-0.53534
-1.5848,0.0079023,-1.7545,-0.47634,-2.1546,-0.046607,0.65732,-0.92107
-1.6161,0.25213,-0.79839,-0.73778,-1.7531,-0.29827,0.057489,-0.3868
-1.4746,0.29734,-1.3743,-0.41348,-2.1066,-0.096364,0.21786,-0.49538
-1.4315,0.23481,-1.247,-0.40157,-1.9591,0.21775,0.62307,-0.49317
-1.3224,-0.1241,-1.5791,-0.54595,-1.9891,-0.37917,0.50434,-0.56741
-1.4166,0.028736,-1.3299,-0.69492,-1.8996,-0.20848,0.35344,-0.40143
-1.5419,-0.12458,-1.7041,-0.45728,-1.9326,0.33405,0.16151,-0.37434
-1.5923,0.046566,-1.387,-0.4702,-1.9065,-0.058097,0.26844,-0.66135
-1.8396,-0.0048649,-1.197,-0.46763,-2.1516,0.15826,0.14752,-0.57838
-1.5418,0.036155,-1.5131,-0.20846,-1.9492,-0.21721,0.18831,-0.20312
-1.6198,-0.10291,-1.5188,-0.64855,-1.7406,0.13814,0.16196,-0.71599
-1.5931,0.089764,-0.99303,-0.5414,-2.263,0.33098,0.077678,-0.71221
-1.0739,-0.15518,-1.3929,-0.86766,-2.1913,0.11007,0.38598,-0.33908
-1.5658,0.17141,-1.351,-0.57111,-2.2416,0.10471,0.22814,-0.43869
-1.704,-0.080194,-1.3968,-0.20855,-2.139,0.28537,0.10159,-0.59849
-1.5531,0.089167,-1.4431,-0.49222,-2.2831,-0.026406,0.15526,-0.31238
-1.3145,-0.18376,-1.6067,-0.57899,-1.9764,-0.081416,0.34208,-0.71525
-1.5073,-0.11275,-1.2494,-0.58553,-2.1271,0.36649,0.41163,-0.60529
-1.2223,-0.088158,-1.658,-0.49445,-2.4333,0.1282,-0.02611,-0.50461
-1.6935,0.19361,-1.3228,-0.32303,-2.0615,-0.1174,0.45093,-0.70814
-1.7317,-0.048423,-1.392,0.038088,-2.203,0.26784,0.59887,-0.88632
-1.5644,0.029605,-0.90729,-0.4629,-2.3886,-0.15553,0.29122,-0.60865
-1.1826,0.052782,-1.3465,-0.28904,-2.175,0.066552,0.24865,-0.8083
-1.5305,0.07565,-1.4926,-0.36237,-2.2428,-0.014898,0.34618,-0.50168
-1.7073,-0.16239,-1.6294,-0.49536,-2.2013,0.24165,0.27217,-0.54236
-1.8037,0.37376,-1.1647,-0.53913,-1.9399,0.19526,0.24155,-0.51871
-1.8013,-0.083935,-1.0851,-0.18189,-2.106,-0.056009,0.32102,-0.70595
-1.7762,-0.08483,-1.5008,-0.45544,-2.0755,-0.031377,0.31667,-0.50375
-1.0781,-0.27689,-1.3874,-0.36986,-2.0083,0.20675,0.23086,-0.54723
-1.6319,0.16994,-1.4158,-0.50505,-1.9408,-0.10077,-0.082184,-0.39269
-1.293,-0.16969,-1.331,-0.67979,-2.303,-0.17481,-0.063138,-0.50866
-1.696,0.0023846,-1.648,-0.25489,-1.9777,0.10606,0.050186,-0.55354
-1.7687,0.071733,-1.1543,-0.21804,-2.0744,0.48556,0.15795,-0.61447
-1.4001,0.024001,-1.6366,-0.60835,-2.1045,0.1425,0.20204,-0.35091
-1.7675,-0.20192,-1.4476,-0.15216,-2.1906,0.166,-0.11194,-0.82606
-1.8955,-0.016413,-1.2978,-0.42179,-2.0143,0.11428,-0.1157,-0.56186
-1.9148,-0.22237,-1.4548,-0.43857,-2.3225,-0.09236,0.13006,-0.40445
-1.4269,0.056676,-1.2136,-0.07414,-2.4793,0.18077,0.26113,-0.41907
-1.5157,0.21801,-1.0581,-0.80786,-2.1915,0.31217,0.20159,-0.61963
-1.3706,-0.2685,-1.1867,-0.67409,-2.5765,0.094352,-0.0099137,-0.6399
-1.6779,0.050195,-1.2651,-0.36909,-2.2424,-0.022781,0.36438,-0.51938
-1.4968,-0.13053,-1.3065,-0.35962,-2.6129,-0.36168,0.31177,-0.4829
-1.48,0.018824,-1.5174,-0.33593,-2.3564,-0.18324,0.07592,-0.49768
-1.5977,-0.36083,-0.84851,-0.32045,-2.2256,0.388,0.14304,-0.83014
-1.6085,-0.083496,-1.3034,-0.65571,-1.9586,0.014787,0.2851,-0.45196
-1.4169,-0.059212,-1.2551,-0.31373,-2.0681,-0.044228,-0.3374,-0.56333
-1.3538,-0.24287,-1.1848,-0.7256,-2.0435,0.25797,0.3018,-0.44522
-1.4073,-0.27652,-1.5478,-0.14515,-2.14,0.032249,0.30776,-0.53046
-1.5648,-0.46324,-1.2992,-0.57838,-2.4593,-0.031653,0.34239,-0.57179
-1.5068,-0.29464,-1.144,-0.25986,-2.1039,0.18806,0.13768,-0.49488
-1.3587,-0.16777,-1.2365,-0.48967,-2.1562,0.045508,0.13146,-0.42653
-1.2116,0.12659,-1.0727,-0.87266,-2.322,-0.16632,0.18163,-0.71125
-1.5265,-0.23706,-1.3678,-0.43444,-2.2984,0.29099,0.32645,-0.40647
-1.0912,-0.37535,-1.293,-0.28367,-2.3468,0.061402,0.27094,-0.77495
-1.2961,-0.21921,-1.5996,-0.24131,-2.2203,0.060143,-0.21252,-0.75307
-1.0497,-0.25862,-1.4622,-0.19913,-2.1866,-0.032606,0.42044,-0.68668
-1.5534,0.040689,-1.2277,-0.14078,-2.1643,0.13042,-0.088171,-0.24081
-1.5346,-0.11422,-1.2488,-0.18448,-2.0383,0.22162,-0.0085404,-0.84132
-1.4884,-0.33937,-1.2407,-0.18589,-2.1129,-0.098099,-0.028606,-0.48772
-1.1182,-0.24661,-1.2653,-0.8707,-2.3606,0.094146,-0.012832,-0.30614
-1.2257,-0.25902,-1.1372,-0.45968,-1.9599,0.13886,0.17727,-0.7303
-1.4633,-0.28858,-1.3694,-0.53614,-1.9748,0.062882,0.14616,-0.28259
-1.6024,-0.79575,-1.5304,-0.59911,-2.2385,0.37543,0.029796,-0.49234
-1.63,-0.24389,-1.2651,-0.24835,-2.2005,-0.023521,0.086155,-0.65664
-1.0825,-0.32526,-0.82062,-0.5731,-1.8175,0.16154,0.1988,-0.70627
-1.7801,0.068778,-1.4598,-0.78566,-2.5857,0.18483,0.28141,-0.15806
-1.3089,-0.32383,-1.0231,-0.63583,-2.1701,0.36252,-0.13128,-0.75711
-1.4733,0.066818,-1.2331,-0.38144,-2.1549,-0.32072,0.18277,-0.82608
-1.5776,-0.22567,-1.1467,-0.30738,-2.205,0.32079,0.13867,-0.75192
-1.7672,-0.1322,-1.0682,-0.49633,-2.1769,0.17681,0.29266,-0.46251
-1.4009,0.0004445,-1.2164,-0.50974,-2.0381,-0.04304,0.29813,-0.74723
-1.4578,-0.19989,-1.2629,-0.36706,-2.0802,0.21221,-0.31183,-0.69639
-1.4884,-0.46473,-1.0638,-0.39314,-2.2286,0.21292,0.18052,-0.59225
-1.3046,-0.21043,-1.2314,-0.33482,-2.3183,0.37999,0.23875,-0.63449
-1.3071,-0.36588,-1.1008,-0.6234,-1.9267,0.099228,0.25911,-0.61928
-1.3864,-0.3614,-1.061,-0.1778,-2.3438,-0.27744,0.22761,-0.86391
-1.4395,-0.21307,-1.0528,-0.73157,-2.5172,0.23863,0.17915,-0.1788
-1.6325,-0.64439,-0.84053,-0.018634,-2.4793,0.3316,0.29135,-0.43781
-1.7588,-0.36701,-1.266,-0.47422,-2.1937,0.12797,0.24906,-0.30353
-1.5578,-0.38299,-1.2053,-0.48045,-2.4934,0.1877,0.12295,-0.65857
-1.3183,-0.22278,-1.42,-0.22825,-2.2229,-0.1745,0.13556,-0.53827
-1.4275,-0.35186,-1.1621,-0.39004,-2.1935,0.053434,0.32012,-0.23967
-1.081,-0.10234,-1.1395,-0.21808,-2.305,0.29568,0.32359,-0.42745
-1.6716,-0.070399,-0.94127,-0.26847,-2.4399,0.14545,0.049018,0.063368
-1.7532,-0.35235,-1.2731,-0.46011,-2.3153,0.0073692,-0.17515,-0.63507
-1.3977,-0.46301,-1.1582,-0.39346,-1.9718,0.24961,0.22464,-0.40858
-1.2618,-0.48406,-0.76551,-0.54614,-2.2402,0.25898,-0.087804,-0.6104
-1.3588,-0.25869,-1.3129,-0.34222,-2.3349,0.045497,0.31995,-0.43536
-1.4375,0.02581,-0.84748,-0.21171,-2.0754,0.1103,0.54406,-0.63848
-1.2624,-0.28426,-1.3806,-0.16633,-2.1481,0.15022,0.20336,-0.70825
-1.5113,-0.30577,-1.0462,-0.25044,-1.9172,-0.28036,0.25732,-0.77392
-1.3469,-0.46251,-1.1748,-0.14481,-2.267,0.2764,0.15455,-0.50009
-1.4467,-0.13682,-1.1105,0.026246,-2.5547,0.058608,0.097032,-0.51579
-1.6005,-0.50643,-1.0881,-0.21359,-2.4373,0.22367,0.18796,-0.50084
-0.89626,-0.094354,-0.98015,-0.32949,-2.2248,0.0026246,0.19305,-0.63105
-1.5956,-0.039336,-1.2809,0.084405,-1.949,0.15905,0.17287,-0.53436
-1.3154,-0.30556,-1.0144,-0.17307,-2.1389,0.17021,0.22017,-0.46925
-1.6745,-0.22703,-1.6411,-0.17127,-2.1238,0.071793,-0.14316,-0.47975
-1.3366,-0.25742,-0.78667,-0.25643,-2.3129,0.099216,-0.0016342,-0.29118
-1.2507,-0.21068,-0.82697,-0.47011,-1.8945,0.27816,0.10159,0.054984
-1.2266,-0.3375,-1.2991,-0.28283,-2.0229,-0.041871,-0.37277,-0.42254
-1.1381,-0.44801,-1.4444,-0.41294,-1.7303,0.29431,0.13162,-0.64092
-1.429,-0.27933,-1.0498,-0.38028,-2.3774,0.019443,0.077213,-0.39074
-1.5104,-0.28271,-1.2004,0.13901,-2.3885,0.18557,-0.17301,-0.59566
-1.1408,-0.38077,-0.88241,-0.24342,-2.2095,0.15055,-0.16712,-0.56738
-1.1186,-0.21886,-1.1365,-0.13369,-2.1646,-0.041666,-0.030096,-0.6481
-0.93211,-0.37398,-0.87035,-0.2365,-2.2082,0.34067,0.097109,-0.40801
-1.0168,-0.083169,-1.0772,-0.021844,-2.0939,0.35465,-0.0039456,-0.52952
-1.383,-0.17421,-1.4009,-0.41913,-2.529,0.35481,0.31059,-0.51904
-1.0575,-0.62406,-0.82019,0.074184,-2.2203,0.2401,0.0856,-0.38683
-1.3135,-0.79957,-0.88243,0.12074,-2.1691,0.56344,-0.10685,-0.48706
-1.2295,-0.19761,-1.1019,-0.15759,-2.0035,-0.16949,0.28085,-0.86248
-0.87873,-0.59542,-0.92508,0.015387,-2.1259,-0.019287,0.057556,-0.48847
-0.9073,-0.094016,-0.87496,-0.16454,-2.0091,-0.064745,0.088588,-0.59035
-1.5126,-0.39049,-0.85444,-0.34879,-2.1867,0.036169,0.14387,-0.3882
-1.2383,-0.18856,-1.0458,-0.0064889,-1.804,0.0036804,0.4042,-0.548
-0.8128,-0.23234,-1.0618,-0.32628,-2.3129,0.19947,0.085765,-0.37116
-1.3785,-0.24341,-0.95292,-0.39295,-2.0807,0.33765,-0.16454,-0.61223
-1.0706,-0.19357,-0.95103,-0.15033,-1.9276,0.088322,0.19168,-0.40267
-1.2317,-0.35077,-0.80772,-0.20865,-2.325,0.13295,-0.050369,-0.56079
-1.254,-0.1614,-1.0896,-0.24975,-2.2556,0.20914,0.14127,-0.63482
-1.3745,-0.31348,-1.0356,-0.4367,-2.2389,0.29416,-0.020799,-0.61054
-1.1237,-0.46016,-1.1325,-0.15748,-2.2099,0.50942,0.12282,-0.47188
-0.89159,-0.38359,-1.0666,-0.36968,-2.3777,0.11068,0.18916,-0.34992
-1.2583,-0.089519,-1.1213,-0.045173,-1.9679,0.43083,-0.23311,-0.57785
-1.2637,-0.43149,-1.2429,-0.24079,-2.3484,0.052551,0.10965,-0.4697
-1.1403,-0.4025,-1.317,-0.018059,-2.0686,0.071845,0.10365,-0.296
-1.2399,-0.30309,-0.97773,-0.1682,-2.0226,0.28413,0.0336,-0.38346
-0.98635,-0.36999,-1.0473,-0.20234,-1.962,-0.034588,-0.040071,-0.56118
-1.1897,-0.1234,-0.87954,0.063494,-2.3383,0.35705,-0.18216,-0.50691
-1.2954,-0.27843,-0.67811,0.037018,-2.2666,0.30405,-0.023146,-0.82877
-1.2704,-0.41349,-0.7698,-0.030725,-2.1028,0.26472,0.28623,-0.49436
-1.086,-0.28693,-1.128,0.10367,-2.1809,0.023609,-0.1456,-0.42292
-1.2267,-0.38337,-0.71534,-0.017877,-2.3413,0.39255,0.17649,-0.59212
-1.0137,-0.4058,-0.77752,-0.40709,-1.9831,-0.0061802,0.13318,-0.49221
-1.1981,-0.174,-0.93933,-0.16027,-1.8779,-0.11669,-0.12011,-0.64245
-1.2891,-0.48556,-0.88231,-0.2368,-1.9618,0.18419,0.108,-0.57057
-1.3556,-0.40728,-0.7169,-0.011703,-2.179,0.19514,0.32401,-0.44756
-1.1409,-0.41146,-0.96585,-0.13324,-2.0406,0.49894,0.067041,-0.35742
-1.1945,-0.48216,-0.82725,-0.19982,-1.7471,0.069039,0.12824,-0.48579
-1.0278,0.026402,-0.78946,0.090937,-1.946,0.14508,1.0592e-05,-0.37005
-1.2543,-0.23685,-0.58771,-0.18688,-2.3991,0.44026,0.070196,-0.39947
-1.1571,-0.45945,-0.93565,-0.34998,-2.2823,0.057164,0.034216,-0.32049
-1.0915,-0.3421,-0.79892,-0.10748,-2.2047,0.097002,-0.18649,-0.48988
-0.90936,-0.32841,-0.95351,-0.096069,-1.8355,0.013387,-0.1637,-0.39347
-1.0301,-0.23834,-0.69446,-0.18377,-2.1526,-0.16023,-0.016,-0.48755
-1.2751,-0.512,-0.6092,0.074944,-2.2201,0.37663,0.0096283,-0.772
-1.1784,-0.50288,-0.58124,0.035437,-2.0212,0.15275,-0.022086,-0.45637
-0.96102,-0.62682,-0.93304,-0.017425,-2.1573,0.44967,0.23849,-0.49724
-0.80229,-0.28432,-0.88926,-0.22291,-2.0094,0.20227,0.12184,-0.77774
-0.79273,-0.20507,-0.86832,0.020547,-2.1003,0.40899,-0.31768,-0.80892
-1.1347,-0.51825,-0.84644,-0.23711,-1.9083,0.40968,-0.077519,-0.82597
-1.1164,-0.37141,-0.79783,-0.19044,-1.8156,0.081808,-0.14595,-0.24474
-1.1027,-0.15525,-0.9935,-0.069901,-2.0109,0.054761,0.15401,-0.55534
-1.1001,-0.061394,-0.77252,0.012165,-1.9431,0.24647,-0.23787,-0.4619
-0.97252,-0.47532,-0.70502,-0.1609,-2.1321,0.26847,0.018258,-0.70772
-1.1136,-0.42346,-0.74817,-0.24148,-2.1738,0.29258,0.16528,-0.24069
-0.94111,-0.61332,-0.46383,-0.33988,-1.9723,0.40444,0.090152,-0.56887
-1.3712,-0.42618,-0.58235,0.067514,-1.9215,0.39072,-0.18585,-0.40851
-1.391,-0.37738,-1.1591,-0.19515,-2.1331,0.23876,-0.19515,-0.31321
-1.1071,-0.32413,-0.68274,0.074348,-1.6175,-0.089302,-0.066404,-0.49412
-1.0566,-0.21606,-0.94454,0.084457,-1.6486,0.34663,0.12101,-0.61439
-0.9821,-0.13831,-0.63167,-0.082477,-1.7903,0.14616,-0.036851,-0.04854
-1.0035,-0.41018,-0.82338,0.028712,-1.9133,0.26256,0.05872,-0.39441
-1.0603,-0.2361,-1.0094,0.37829,-1.8748,0.20115,-0.11435,-0.1725
-0.67128,-0.09821,-0.80366,-0.12529,-1.7517,0.20543,-0.13591,-0.39302
-0.79706,-0.65567,-0.5348,0.22824,-2.0989,0.42614,0.062831,-0.30006
-0.756,-0.36539,-0.73958,-0.10031,-1.9372,0.29628,0.1077,-0.72234
-0.9632,-0.21623,-0.89782,0.11845,-2.1839,0.32499,0.071837,-0.63149
-0.86426,-0.36687,-0.71374,0.0064262,-2.0422,0.10657,0.12976,-0.47886
-0.83775,-0.40946,-1.0137,0.11206,-1.8726,0.43919,-0.081782,-0.87142
-0.85318,-0.31074,-0.69613,-0.37236,-1.9249,0.40792,0.18253,-0.44609
-1.0111,-0.1998,-0.56997,0.15601,-1.8944,0.3779,-0.25068,-0.59537
-0.83786,-0.48482,-0.83963,-0.21783,-1.8953,0.26092,0.1618,-0.66184
-1.0198,-0.55639,-0.57961,-0.17554,-1.6899,-0.0027363,-0.0026362,-0.64648
-1.1112,-0.22917,-0.73551,-0.10926,-1.734,0.40278,-0.19888,-0.50395
-1.201,-0.34974,-0.57818,-0.034841,-1.7648,-0.059744,-0.0034013,-0.1213
-1.3515,-0.59653,-0.5642,-0.043685,-1.7793,0.36446,-0.027132,-0.43399
-0.9669,-0.48482,-0.93596,-0.40345,-1.7403,0.77489,-0.34335,-0.40296
-0.82111,-0.49956,-1.0159,-0.02147,-1.8964,0.25782,0.005267,-0.42073
-0.9843,-0.72379,-0.57207,0.16084,-1.9871,0.54494,0.083292,-0.33501
-1.0195,-0.42756,-0.62111,-0.089822,-1.9256,0.35203,0.035161,-0.44321
-1.2238,-0.15253,-1.0989,0.046065,-1.9459,0.4974,-0.18055,-0.61103
-0.80431,-0.35762,-0.61247,-0.23862,-1.6424,0.41761,0.047231,-0.46607
-0.75272,-0.24739,-0.81808,0.052492,-1.9831,0.4761,-0.33115,-0.36686
-1.0205,-0.44521,-0.36811,0.18382,-1.8755,0.10529,0.060263,0.093477
-0.82529,-0.012816,-0.89367,-0.12386,-1.8948,0.45567,-0.095609,-0.27321
-0.70341,-0.3752,-0.34462,0.10223,-1.4612,0.52524,0.18051,-0.40272
-0.84556,-0.39243,-0.70451,0.22158,-1.6751,0.49144,-0.1676,-0.50748
-0.85527,-0.30778,-0.62571,0.089907,-1.6418,0.24316,-0.15424,-0.49497
-0.89696,-0.64462,-0.29885,-0.43771,-1.6059,0.55638,0.049966,0.038702
-0.91675,-0.40643,-0.51117,-0.41694,-1.6228,0.12577,-0.15169,-0.34493
-0.51078,-0.18842,-0.85008,-0.2034,-1.7628,0.40842,-0.014629,-0.17067
-1.0593,-0.58798,-0.99817,-0.096169,-1.6778,0.4443,0.077111,-0.55642
-0.58352,-0.15323,-0.17495,-0.11153,-1.8244,0.4466,-0.15316,-0.3165
-1.0135,-0.51776,-0.59741,-0.010557,-1.9347,0.5891,-0.15013,-0.64186
-1.154,-0.10825,-0.57537,-0.042581,-1.7349,0.45842,0.13443,-0.34347
-0.60048,-0.072669,-0.33205,-0.058751,-1.9885,0.26897,-0.30145,-0.15597
-0.9834,-0.23914,-0.43694,-0.18908,-1.6127,0.24027,-0.0038093,-0.1744
-0.74914,-0.24897,-0.48975,0.088057,-1.5199,0.2185,0.17118,-0.73967
-0.52639,-0.14487,-0.55887,-0.42424,-1.5754,0.40201,-0.15436,-0.33293
-0.62268,0.26895,-0.11155,-0.010109,-1.7031,0.78556,-0.29252,-0.16707
-1.1336,-0.58666,-0.43717,-0.058007,-1.7241,0.18465,0.17468,-0.48184
-0.87807,-0.15195,-0.66286,-0.24271,-1.5966,0.49441,-0.23313,-0.47502
-0.69438,-0.20941,-0.63409,0.09827,-1.711,0.37809,-0.21743,-0.18578
-0.31862,-0.10216,-0.80927,0.12663,-1.3669,0.51512,-0.24456,-0.17065
-0.85127,-0.26177,-0.47313,0.094492,-1.7244,0.34684,-0.044365,-0.5873
-0.61993,-0.065749,-0.61548,0.093353,-1.6013,0.24132,0.090201,-0.48488
-0.84693,-0.39599,-0.74343,-0.028782,-1.4358,0.47058,-0.23487,-0.40159
-0.80798,-0.51347,-0.3332,-0.5761,-1.5662,0.56216,0.093253,-0.51608
-0.84421,-0.40232,-0.84914,-0.039403,-1.8139,0.30136,0.13974,-0.31628
-0.30978,-0.37264,-0.68502,0.21827,-1.6453,0.52156,0.060435,-0.24696
-0.82573,-0.13829,-0.59129,-0.1833,-1.3061,0.6505,-0.23705,-0.2795
-0.94031,-0.22574,-0.3403,-0.4911,-1.7259,0.57392,0.011968,0.083492
-0.94849,-0.11101,-0.42258,-0.063856,-1.5865,0.41255,-0.16814,-0.55698
-0.6509,-0.26964,-0.53326,-0.090823,-1.4649,0.68762,-0.12442,-0.47891
-0.6766,-0.29814,-0.55976,0.19182,-1.2752,0.48791,-0.1054,-0.21643
-0.37204,-0.4654,-0.26572,0.18967,-1.7332,0.60133,0.11444,-0.51096
-0.59503,-0.11196,-0.39403,0.16225,-1.4133,0.13537,-0.18347,-0.38808
-0.66332,-0.46505,-0.45242,0.20556,-1.4187,0.44177,0.14145,-0.43183
-0.64227,0.042546,-0.67553,0.22345,-1.7198,0.54258,-0.2387,-0.17393
-0.49641,-0.3323,-0.4025,0.0077412,-1.3598,0.41333,-0.34447,-0.44274
-0.75935,-0.46188,-0.52959,0.048133,-1.4216,0.50213,0.031627,-0.16128
-0.74178,-0.47877,-0.31648,0.14881,-1.4293,0.23144,-0.051382,-0.27337
-0.90258,-0.39861,-0.46197,0.030465,-1.569,0.37043,0.01031,-0.55388
-0.8153,-0.30918,-0.69377,0.25184,-1.7237,0.38964,0.081274,-0.14534
-0.80061,-0.3418,-0.49192,0.094179,-1.3166,0.38301,-0.019072,-0.2755
-0.77723,0.053919,-0.62379,0.083959,-1.4766,0.59961,0.011946,-0.41613
-0.9165,-0.79747,-0.58223,0.0010113,-1.4048,0.35264,-0.2703,-0.18643
-0.56188,-0.65578,-0.56981,0.068638,-1.5943,0.44087,-0.26176,-0.75648
-0.99698,-0.53387,-0.60078,-0.22448,-1.4047,0.70162,-0.27832,-0.43225
-0.60465,-0.32672,-0.71823,0.16086,-1.6945,0.2775,0.091801,-0.50503
-0.36665,-0.19005,-0.32751,-0.059843,-1.1487,0.66555,-0.17373,-0.35814
-0.4079,-0.48131,-0.55758,-0.042858,-1.2319,0.20212,0.13241,-0.23713
-0.70419,-0.24874,-0.42512,0.059937,-1.1981,0.28326,-0.11908,-0.2359
-0.71697,-0.19723,-0.50946,0.23028,-1.0211,0.27548,-0.0080291,-0.19687
-0.55558,-0.24846,-0.53469,0.29345,-1.307,0.67766,-0.12524,-0.40105
-0.54144,-0.27989,-0.45107,0.18219,-1.2746,0.57571,-0.16686,-0.34239
-0.73061,-0.031046,-0.3578,0.317,-1.3787,0.2725,-0.1596,-0.28152
-0.75392,-0.26431,-0.59183,0.022729,-1.4279,0.85705,-0.40887,-0.050593
-0.55501,-0.24146,-0.16692,-0.3072,-1.186,0.75446,0.042494,0.052679
-0.42673,0.073657,-0.19468,-0.18451,-1.5012,0.46409,-0.021926,-0.43718
-0.8014,-0.13929,-0.53274,-0.13468,-1.5292,0.57162,-0.17488,-0.54101
-0.37821,0.20094,-0.55733,-0.062133,-1.5039,0.50436,0.10321,-0.22702
-0.51362,-0.29785,-0.25187,0.19391,-0.99614,0.3949,-0.13078,-0.15361
-0.64927,-0.14481,-0.71485,-0.23267,-0.97609,0.23553,0.093814,-0.41052
-0.82223,-0.021023,-0.35883,0.23243,-1.6786,0.79043,-0.2573,-0.3693
-0.75017,0.072943,-0.46143,0.17046,-1.3667,0.58609,-0.065738,-0.40433
