0.65955,-1.554,-0.84548,-0.7585,1.338,-0.98729,-1.491,-0.33977
0.41952,-1.4225,-1.2511,-0.55115,1.6803,-0.60547,-1.327,-0.035139
0.56899,-1.4131,-1.3409,-0.48981,1.3795,-0.84788,-1.1263,-0.62508
0.60249,-1.3824,-1.2043,-0.59653,1.7292,-0.79225,-1.1937,-0.56003
0.69904,-1.6313,-1.2576,-0.71555,1.2806,-0.60412,-1.195,-0.49214
0.58429,-1.6183,-1.1809,-0.40991,1.6351,-0.77346,-1.172,-0.37255
0.64646,-1.5302,-1.104,-0.60137,1.5671,-0.60836,-0.87736,-0.4711
0.51256,-1.5912,-1.1523,-0.81268,1.5321,-0.73616,-1.1469,-0.48101
0.50888,-1.6326,-1.6409,-0.74187,1.416,-0.91439,-1.3718,-0.52895
0.94307,-1.5654,-0.81894,-0.69583,1.6176,-0.82324,-1.312,-0.58709
0.57642,-1.4175,-1.3185,-0.50499,1.6886,-0.76426,-1.2342,-0.49714
0.64024,-1.6025,-1.2255,-0.66217,1.4966,-0.67985,-1.0403,-0.18632
0.5777,-1.757,-1.2648,-0.37973,1.5413,-1.145,-1.4484,-0.23357
0.35795,-1.9644,-1.1903,-0.89647,1.5581,-0.98395,-1.4301,-0.61981
0.59631,-1.8003,-0.88613,-0.62853,1.5171,-0.83659,-1.2986,-0.5006
0.58034,-1.8431,-1.1187,-0.56074,1.3062,-1.1931,-1.0153,-0.5524
0.72562,-1.6355,-1.3125,-0.63588,1.3818,-0.6905,-1.3123,-0.46081
0.19726,-1.3738,-1.1998,-0.84935,1.6838,-0.95257,-0.84011,-0.16906
0.65074,-1.4153,-1.0045,-0.63812,1.1602,-0.83866,-1.0904,-0.5359
0.14561,-1.4999,-1.03,-0.70368,1.6595,-0.70523,-1.3233,-0.41177
0.6646,-1.7489,-1.3873,-0.48085,1.4691,-0.963,-1.2113,-0.33064
0.46142,-1.483,-1.0322,-0.35303,1.1148,-0.76532,-1.0977,-0.26343
0.1947,-1.3729,-1.3384,-0.57471,1.2994,-1.4378,-1.127,-0.6075
0.59891,-1.5432,-1.0684,-0.22816,1.1618,-1.1754,-1.1055,-0.30249
0.62229,-1.7839,-1.3235,-0.23042,1.3318,-0.80138,-1.1403,-0.51643
0.45625,-1.6992,-1.0471,-0.50424,1.6621,-0.99021,-0.84762,-0.79628
0.32923,-2.0827,-0.86125,-0.2833,1.5803,-0.93733,-1.4402,-0.37459
0.18475,-1.7562,-1.1831,-0.27559,1.6919,-0.76233,-1.0946,-0.65915
0.49671,-1.2602,-1.2162,-0.51827,1.31,-1.283,-1.3442,-0.13848
0.71145,-1.8205,-0.90785,-0.72584,1.1861,-0.86094,-0.6365,-0.35839
0.39835,-1.7518,-1.2851,-0.5402,1.485,-1.0846,-1.3717,-0.47778
0.58982,-1.6202,-1.0506,-0.83561,1.5184,-0.64596,-0.82935,-0.47655
0.7516,-1.6067,-1.0762,-0.6012,1.5526,-0.93272,-0.71766,-0.20377
0.51236,-1.732,-1.2592,-0.80088,1.2959,-1.1949,-1.1638,-0.46554
0.52561,-1.3905,-1.0634,-0.56551,1.3752,-0.80418,-1.0264,-0.18229
0.51413,-1.6969,-1.1533,-0.49473,1.4685,-1.0133,-1.3742,-0.33614
0.67711,-1.6442,-1.0106,-0.72978,1.3844,-0.69351,-0.87853,-0.28953
0.51673,-1.9909,-1.3816,-0.59472,1.2637,-0.64536,-0.88368,-0.38761
0.56588,-1.5887,-0.96075,-0.64853,1.4891,-0.85581,-0.87465,-0.46557
0.38617,-1.4824,-1.3089,-0.63415,1.6773,-0.73714,-0.95156,-0.23011
0.39163,-1.8181,-0.89409,-0.30128,1.1587,-0.93863,-0.99904,-0.32692
0.38494,-1.6502,-1.0199,-0.43047,1.6197,-0.64924,-1.0025,-0.30423
0.55736,-1.6045,-1.0019,-0.55768,1.3316,-1.0347,-1.2538,-0.47103
0.87397,-1.6116,-1.0677,-0.54965,1.3683,-0.79659,-1.1927,-0.6304
0.56808,-1.6358,-0.99921,-0.38359,1.4035,-1.1006,-0.93349,-0.48427
0.35917,-1.6543,-0.93342,-0.48671,1.3184,-0.921,-0.74852,-0.23568
0.4143,-1.7127,-0.83449,-0.29038,1.3817,-1.0421,-1.0417,-0.43152
0.54839,-1.2582,-1.1422,-0.67077,1.5629,-1.0582,-0.82945,-0.23499
0.27273,-1.4769,-0.97745,-0.52049,1.0041,-1.2327,-0.97931,-0.37063
0.5024,-1.6988,-1.0297,-0.40474,1.6765,-0.939,-1.3972,-0.14092
0.36236,-1.7625,-0.73534,-0.45973,1.2619,-0.94011,-1.1253,-0.2022
0.6026,-1.3747,-1.0861,-0.71497,1.3386,-0.88879,-0.80282,-0.53067
0.37373,-1.9226,-0.97076,-0.32871,1.7421,-0.79632,-1.0475,-0.37564
0.30778,-1.9499,-0.70744,-0.31594,1.8241,-0.94319,-0.9679,-0.043802
0.46349,-1.5244,-1.2593,-0.77866,1.2014,-0.70009,-0.98365,-0.57555
0.78822,-1.915,-0.72193,-0.76835,1.3497,-0.8263,-1.1666,-0.28764
0.64578,-1.4702,-0.76767,-0.60703,1.8141,-0.97896,-1.3255,-0.32929
0.33422,-1.9254,-1.0677,-0.55686,1.39,-0.91624,-0.86083,-0.55873
0.74984,-1.6989,-1.0535,-0.31101,1.3455,-1.0438,-0.87624,-0.35898
0.65198,-2.0885,-0.87761,-0.45282,1.7732,-0.70663,-0.9516,-0.57011
0.4295,-1.5724,-1.1507,-0.66682,1.6975,-1.0655,-0.85038,-0.43243
0.52063,-1.9957,-0.89692,-0.57902,1.3498,-0.98788,-1.228,-0.14921
0.58514,-1.9085,-1.335,-0.53335,1.2051,-0.83757,-0.74276,-0.30706
0.50942,-1.6952,-0.78583,-0.36209,1.167,-0.88242,-0.79367,-0.69704
0.60046,-1.907,-0.91867,-0.28569,1.5774,-0.71388,-1.1334,-0.39073
0.028527,-1.9581,-1.1015,-0.59406,1.1968,-0.82585,-0.5741,-0.17489
0.37021,-1.7361,-0.91433,-0.54482,1.318,-0.9243,-0.9675,-0.47477
0.4323,-1.7064,-0.89648,-0.44315,1.5284,-0.77677,-0.50485,-0.54772
0.49316,-1.7308,-1.1032,-0.47761,1.5071,-0.81912,-1.0352,-0.3361
0.44538,-1.4817,-0.84979,-0.36483,1.4551,-0.97586,-0.84268,-0.27083
0.45982,-1.6622,-0.78562,-0.27137,1.7136,-0.82088,-0.71927,-0.11492
0.69375,-1.87,-1.1931,-0.096495,1.7571,-0.98337,-0.91513,-0.10144
0.66952,-1.9599,-1.2806,-0.30935,1.3629,-0.57991,-0.93968,-0.63694
0.64212,-1.8514,-0.97718,-0.32034,1.6455,-1.0501,-0.96885,-0.12903
0.35971,-1.5251,-1.2846,-0.35031,1.4341,-1.091,-0.99673,0.0094489
0.41645,-1.6629,-0.60971,-0.35063,1.1367,-1.0695,-1.0969,0.048436
0.43034,-1.703,-0.9859,-0.27177,1.4682,-1.1998,-1.0811,-0.39725
0.78016,-1.6127,-1.0428,-0.78406,1.2435,-0.74914,-1.1026,-0.18263
0.82538,-1.8846,-1.0005,-0.18604,1.2245,-0.88148,-0.92944,-0.68039
0.37342,-1.9389,-1.1988,-0.40081,1.3717,-1.096,-0.93131,-0.16954
0.43945,-1.747,-0.90894,-0.46623,1.321,-0.80509,-1.0274,-0.6344
0.25163,-2.0709,-0.94467,-0.12984,1.2566,-0.84916,-1.0887,-0.45695
0.45398,-1.8257,-1.3968,-0.20228,1.5187,-0.65274,-0.6315,-0.016297
0.22113,-1.5959,-1.0952,-0.5629,1.4549,-0.84176,-0.92324,-0.20998
0.334,-1.8788,-1.0442,-0.46909,1.4451,-0.8165,-1.0762,-0.18367
0.68337,-1.9486,-0.72799,-0.2403,1.3375,-0.81624,-0.88302,-0.3504
0.35892,-1.8952,-0.63627,-0.26756,1.4057,-0.53889,-1.1915,-0.50748
0.55187,-2.0037,-0.94559,-0.11213,1.6626,-1.043,-0.99432,-0.036572
0.65322,-1.7481,-1.2852,-0.16032,1.2232,-0.83481,-0.71156,-0.41624
0.67076,-1.8128,-0.94616,-0.45475,1.6329,-1.1752,-0.68571,-0.51483
0.21931,-1.8288,-0.57294,-0.027343,1.4907,-0.77326,-0.83865,-0.09726
0.53317,-1.6578,-0.9403,-0.4484,1.4179,-0.7769,-0.79093,-0.25549
0.6673,-1.4748,-0.9494,-0.44937,1.4974,-0.95902,-0.86788,0.065047
0.47968,-1.781,-0.93272,-0.60195,1.4576,-0.96791,-0.72071,-0.22178
0.65838,-1.7493,-0.99981,-0.32698,1.4008,-0.69523,-0.80626,-0.28
0.10346,-1.9622,-0.64149,0.33902,1.1789,-1.0175,-1.2902,-0.32241
0.50015,-1.522,-0.98058,-0.1318,1.4204,-0.88033,-1.021,-0.31444
0.25279,-1.6771,-0.75565,-0.42719,1.3546,-0.92019,-0.75326,0.0066801
0.56065,-1.6786,-0.90775,-0.08861,1.4891,-0.77649,-0.85252,-0.38123
0.46654,-1.619,-0.79065,-0.53471,1.3917,-0.73453,-0.91103,-0.62971
0.58123,-1.6848,-0.99654,-0.23427,1.3248,-0.84134,-0.97808,-0.23178
0.27761,-1.74,-0.82995,-0.24974,1.5166,-0.77179,-0.76606,-0.35702
0.25037,-1.5514,-1.0033,-0.60371,1.5215,-0.7233,-1.1441,-0.23443
0.78985,-1.7706,-1.1422,-0.25426,1.1633,-0.77557,-0.90028,0.019759
0.48234,-1.8357,-0.88027,-0.18673,1.3107,-1.3771,-0.94926,-0.22292
0.46448,-1.5235,-0.93446,-0.072425,1.5168,-0.89492,-0.65617,-0.3133
0.45784,-2.1493,-0.81803,-0.18918,1.7249,-0.86505,-0.72523,-0.46376
0.38569,-1.501,-0.78098,-0.24786,0.87967,-1.0181,-0.89286,-0.013645
0.25543,-1.8456,-1.5072,-0.61186,0.93999,-0.88341,-0.83233,-0.30848
0.50797,-1.7917,-0.68455,0.068946,1.2004,-0.58608,-0.70009,-0.32541
0.3854,-1.5902,-0.76515,-0.26232,1.0892,-0.98879,-1.0004,0.24752
0.59754,-1.6911,-0.65493,-0.25232,1.1787,-0.86569,-1.0078,-0.21764
0.37777,-1.5902,-1.166,-0.14047,1.435,-0.94213,-0.86822,-0.13911
0.34814,-1.9048,-0.52153,0.035331,1.4649,-0.69881,-0.72665,-0.44175
0.31986,-1.6262,-1.0979,0.011009,1.4795,-0.94519,-0.98062,-0.25098
0.47174,-1.8558,-0.95801,-0.11172,1.0185,-0.98922,-0.80992,0.12856
0.48525,-1.5111,-0.85818,-0.50096,1.5287,-0.79514,-0.50405,-0.10939
0.54465,-1.5616,-0.68291,-0.071282,1.4968,-0.66626,-0.3916,-0.2378
0.53139,-1.8704,-1.053,-0.059097,1.3056,-1.0451,-1.0286,-0.30613
0.64025,-1.5964,-0.74393,0.19779,1.2723,-0.83723,-0.99525,-0.032298
0.58152,-1.9425,-0.89517,-0.020259,1.0439,-0.87697,-0.84209,-0.054735
0.35599,-1.7297,-0.89633,-0.26712,1.4618,-0.8524,-0.92605,-0.47302
0.80859,-1.882,-1.0367,-0.15652,1.4576,-0.88447,-1.3121,-0.56903
0.56244,-1.8106,-0.83966,-0.1092,1.0603,-0.75718,-0.87544,-0.22063
0.60058,-1.8691,-0.94963,0.054334,1.3134,-0.75454,-0.68978,-0.35758
0.36527,-1.5629,-0.55834,-0.069099,1.2414,-0.7993,-0.80735,-0.51012
0.34855,-1.8688,-1.1322,-0.036566,1.458,-0.8574,-0.77672,-0.19932
0.339,-1.5315,-0.47687,0.087838,1.3043,-0.71941,-1.1102,-0.10982
0.28457,-1.6199,-1.054,0.059104,1.246,-0.49675,-0.89639,-0.068419
0.43764,-1.8912,-0.83068,0.20455,1.2378,-1.0213,-0.70166,-0.20883
0.33092,-1.8027,-0.72449,-0.18195,1.2116,-0.99539,-0.72039,-0.066411
0.70709,-1.7879,-0.78741,-0.060567,1.296,-0.90095,-0.88509,-0.3902
0.51928,-1.6947,-0.64701,-0.1505,1.1673,-0.48751,-0.69078,-0.25221
0.34077,-2.154,-0.70357,0.14305,1.4133,-0.98731,-0.75371,-0.50769
0.47723,-1.8809,-1.1336,-0.084204,1.4243,-0.52668,-1.1375,0.081709
0.049584,-2.0916,-0.7344,-0.024498,1.0108,-0.96594,-0.54876,-0.10574
0.53631,-1.6179,-0.50025,-0.19098,1.0538,-0.45779,-0.94786,-0.34823
0.38007,-1.6863,-0.83645,-0.48635,1.2691,-0.83865,-0.73065,0.0046263
0.39829,-1.6014,-0.9272,-0.46067,1.1299,-1.0052,-0.80796,-0.058979
0.47265,-1.701,-0.74104,0.035676,1.0789,-0.74303,-0.92761,0.22843
0.44387,-1.8057,-0.94157,0.10373,1.2381,-0.79635,-0.82891,0.28923
0.38764,-1.422,-0.96098,0.15011,0.80743,-0.87816,-0.65092,-0.19901
0.28994,-1.9404,-0.43742,-0.1289,1.0958,-0.4884,-0.60544,-0.20701
0.33061,-1.5948,-0.71951,-0.16704,0.88843,-0.94294,-0.66021,-0.020604
0.37421,-1.7496,-0.6895,0.0086802,1.4815,-0.68166,-0.78683,-0.26828
0.24884,-1.9981,-0.59453,0.2741,1.1266,-0.94352,-0.82805,0.1104
0.40712,-1.921,-0.75755,-0.09255,1.1787,-1.0082,-0.63436,-0.1567
0.22837,-1.8328,-1.0915,0.091674,1.2109,-1.0597,-0.69127,-0.27345
0.090328,-1.7498,-0.61522,-0.2522,1.3519,-0.54457,-1.0292,-0.19188
0.14837,-1.55,-0.76528,-0.1033,0.87176,-0.5169,-0.66418,0.0071715
0.22211,-1.6037,-0.91054,-0.0062844,0.96664,-0.78448,-0.89092,-0.064761
0.29583,-1.4706,-0.72645,-0.32874,1.3812,-0.91128,-0.8732,-0.29303
0.12069,-1.809,-0.54937,-0.19732,1.4218,-0.92467,-0.65608,0.12824
0.062333,-2.1511,-1.1131,0.042181,1.3142,-0.98916,-0.60737,-0.01238
0.15297,-1.8186,-0.92012,-0.053892,1.0563,-0.82081,-0.65224,-0.23128
0.22838,-1.6128,-0.52541,0.21815,1.1774,-0.73292,-0.96106,0.067364
0.36042,-1.6122,-0.87435,-0.12081,1.3296,-0.71331,-0.91491,-0.40824
0.45018,-1.6879,-0.16689,-0.037411,1.3794,-0.97518,-0.9118,0.25078
0.68689,-1.8015,-1.002,0.26074,1.2598,-0.77892,-0.68924,-0.16228
0.032185,-1.464,-0.89643,-0.10031,1.3829,-0.80203,-0.58195,-0.49828
0.36485,-1.4819,-0.83003,0.080591,1.12,-0.73467,-0.82558,-0.18767
0.25143,-1.5424,-0.51329,-0.03787,1.067,-0.71352,-0.73308,0.14539
0.19195,-1.8753,-0.69226,0.22565,0.76111,-0.91153,-0.73505,-0.16965
0.17124,-1.6547,-0.37363,-0.11792,1.4382,-0.54573,-0.63238,-0.092446
0.59171,-1.604,-0.82697,-0.025313,1.5275,-0.96645,-0.64172,-0.38445
0.31963,-1.3474,-0.83446,-0.16028,1.213,-1.0338,-0.51338,0.11482
0.1621,-1.6396,-0.77396,0.12991,1.3387,-0.4688,-0.84445,-0.086093
0.29032,-1.4523,-0.86311,0.23917,0.89996,-0.85487,-0.40095,0.076303
0.17145,-2.2384,-0.51911,0.068137,1.4193,-0.92107,-0.86267,0.034227
0.27348,-1.5895,-0.64692,0.098937,1.2793,-0.75032,-0.67479,-0.060441
0.24859,-1.9379,-0.75145,0.099022,0.7897,-0.62465,-0.91267,0.33306
0.29463,-1.6731,-0.80601,-0.085233,1.2668,-0.83646,-0.91218,-0.34673
0.24282,-1.8343,-0.95964,0.099428,1.5107,-1.1162,-0.26107,-0.32206
-0.23069,-1.6813,-0.60247,0.20937,1.6017,-0.61594,-0.63619,0.056741
0.2833,-1.6587,-0.53666,0.043128,1.1472,-0.74706,-0.44241,-0.32506
-0.15365,-1.7045,-0.79429,-0.094916,1.2426,-1.1494,-0.6586,0.018359
-0.30869,-1.5354,-0.83252,0.52502,1.0031,-1.1392,-0.80849,-0.11594
0.38716,-1.4405,-0.59977,0.13061,1.3359,-1.0746,-0.39319,0.088862
-0.011592,-1.6178,-1.0862,0.15967,1.0118,-1.1539,-0.84249,-0.2078
0.72256,-1.6596,-0.60566,0.0041174,0.68795,-0.67263,-0.62717,-0.37291
0.12063,-1.6441,-0.67865,0.2361,1.3082,-0.63793,-0.58848,-0.19636
0.051206,-1.7751,-1.0249,-0.15816,1.0747,-0.97314,-0.8883,0.19088
0.40561,-1.7136,-0.6255,0.22955,0.907,-0.91912,-0.42276,-0.2407
0.18677,-1.5987,-0.51113,-0.016583,1.3369,-0.69325,-0.86796,0.17978
0.24303,-1.721,-0.50883,-0.12965,1.4107,-0.74969,-0.47325,-0.073928
0.44196,-1.7037,-0.75514,-0.026961,1.0403,-0.63,-0.62392,0.02452
0.088451,-1.7216,-0.72124,0.37487,1.216,-0.75085,-0.91062,0.095588
0.13498,-1.664,-0.59433,0.39111,1.3082,-1.2835,-0.67288,-0.054644
0.19479,-1.7926,-0.82721,0.3493,1.3542,-0.85706,-0.68378,0.0043606
-0.10451,-1.261,-0.54472,0.086017,1.0584,-0.82251,-0.59875,0.13924
0.24593,-1.636,-0.39702,0.25409,1.0841,-0.70669,-0.67588,0.003508
0.085386,-1.2798,-0.62033,0.37049,1.1674,-0.81221,-0.69098,-0.029909
0.28465,-1.765,-0.59918,0.4335,1.1383,-0.87167,-0.52545,0.14532
0.15979,-1.2942,-0.63807,0.1401,1.331,-0.85709,-0.53444,0.29153
-0.090509,-1.5147,-0.48934,0.2276,0.91058,-1.066,-0.60885,0.18836
0.17356,-1.5946,-0.63536,0.38166,1.1901,-1.0435,-0.51351,0.1157
0.14831,-1.4806,-0.5781,0.38709,1.1164,-0.92805,-0.80039,-0.014789
0.24105,-1.4658,-0.33917,0.45732,1.205,-0.6526,-0.64903,0.16376
0.14179,-1.6021,-0.82025,0.75002,1.0488,-0.59419,-0.61652,-0.036763
0.13182,-1.4777,-0.99596,0.56888,1.2043,-0.91918,-0.92531,0.07933
0.0031303,-1.5008,-0.52171,0.36669,1.0077,-1.0182,-0.84274,0.08851
0.12083,-1.2922,-0.79803,0.24965,1.0932,-0.85241,-0.68964,0.063971
0.097627,-1.808,-0.7128,0.45937,1.0541,-0.85757,-1.055,-0.071771
0.0035769,-1.6254,-0.68279,0.42931,1.1835,-0.94788,-0.58668,0.22113
0.1422,-1.7029,-0.64049,0.34961,1.063,-0.86628,-0.46919,0.25118
-0.1617,-1.4941,-0.60109,0.45971,1.3011,-0.86818,-0.97592,-0.1598
-0.22112,-1.5511,-0.4427,0.58588,0.97951,-1.0668,-1.0571,0.027924
0.013705,-1.6857,-0.55543,0.35423,0.97741,-0.98269,-0.73626,0.028951
-0.20449,-1.3932,-0.48153,0.60707,1.036,-0.76737,-0.85031,0.30612
0.096654,-1.776,-0.52615,0.40681,1.1393,-0.81609,-0.98209,0.13361
-0.33328,-1.3567,-0.56788,0.43051,1.0173,-0.85987,-0.88966,0.12181
0.033565,-1.2575,-0.33875,0.33928,0.6944,-0.92757,-0.92278,0.28044
-0.083543,-1.5154,-1.0104,0.42458,0.96584,-0.65196,-0.74619,0.17398
-0.022689,-1.6701,-0.561,0.41701,0.87916,-0.33376,-0.70006,-0.045865
-0.0017431,-1.6103,-0.5302,0.16721,1.0325,-1.0457,-0.6697,-0.094636
-0.1416,-1.5828,-0.73795,0.75399,1.1779,-0.63057,-0.69154,0.11093
-0.11793,-1.6325,-0.28516,0.24741,0.9632,-0.92551,-0.78673,0.03067
0.058555,-1.5873,-0.80597,0.28772,0.84289,-1.0617,-0.8547,0.35998
-0.029686,-1.4297,-0.53107,0.50583,1.1086,-1.1361,-0.87199,0.11934
0.16587,-1.2655,-0.1839,0.57515,0.73034,-0.67527,-0.7414,-0.18678
0.11871,-1.3862,-0.57581,0.6164,0.93219,-0.71803,-0.74072,0.059705
-0.051601,-1.6267,-0.60319,0.32091,0.91858,-0.75924,-0.8593,-0.42314
-0.32464,-1.3556,-0.80812,0.35706,0.95338,-0.73111,-0.79576,0.059607
-0.3161,-1.3681,-0.57322,0.38379,1.0234,-0.64184,-1.2622,-0.064587
-0.067868,-1.3068,-0.65675,0.48719,0.90048,-0.64883,-0.93481,0.27734
-0.3075,-1.4592,-0.54266,0.43204,0.98136,-0.96924,-0.51781,0.22886
0.12274,-1.2119,-0.63962,0.33621,0.83686,-1.083,-0.69629,-0.0039046
-0.27757,-1.4163,-0.5205,0.62451,1.0766,-0.83107,-1.1149,-0.12976
-0.30856,-1.4247,-0.60239,0.29528,0.97464,-0.95069,-0.95366,0.22372
-0.066778,-1.0954,-0.48305,0.31447,1.1848,-0.7495,-1.1823,0.22503
-0.45994,-1.6101,-0.26622,0.33038,1.0189,-0.62729,-0.88615,0.27451
-0.11496,-1.3968,-0.59316,0.23047,1.056,-0.72926,-0.65913,0.10503
0.051724,-1.2853,-0.88599,0.67231,1.1123,-0.79135,-0.55061,0.050887
-0.03992,-1.1513,-0.27597,0.53647,0.83378,-1.1156,-0.85052,0.037912
-0.23961,-1.551,-0.55419,0.41692,0.7868,-0.63579,-0.71161,0.05696
-0.023299,-1.4556,-0.73991,0.48197,0.88363,-0.98665,-0.83286,0.0021116
-0.48361,-1.5878,-0.76624,0.44709,1.1279,-1.0655,-0.73237,0.093526
-0.17138,-1.6229,-0.74756,0.7323,0.61223,-0.8617,-0.61544,-0.21122
-0.27382,-1.4147,-0.67866,0.43426,0.65949,-0.96746,-0.8103,-0.17066
-0.20952,-1.4044,-0.5439,0.21902,0.8414,-0.66524,-0.79904,0.26839
-0.32708,-1.1923,-0.52661,0.65051,1.0762,-1.1356,-0.67417,-0.17945
-0.48201,-1.1826,-0.62768,0.36502,1.0403,-0.49608,-0.86699,0.18182
-0.00057669,-1.472,-0.28781,0.54067,0.77208,-1.1179,-0.8014,0.52034
-0.23288,-1.4068,-0.64623,0.66851,0.94477,-1.0051,-0.98366,-0.19779
-0.31652,-1.3108,-0.48856,0.47944,1.1827,-0.95493,-0.21054,-0.022209
-0.0017253,-1.2763,-0.55534,0.48394,0.71378,-0.9325,-1.0542,0.081957
-0.55818,-1.3996,-0.6584,0.46105,0.61488,-0.76639,-1.1271,0.13808
0.033642,-1.2962,-0.3821,0.9017,0.51941,-0.77793,-0.8429,0.41015
-0.43863,-1.3446,-0.56651,0.38853,0.80011,-0.92445,-0.67332,0.19088
-0.46246,-1.2756,-0.51845,0.81,1.075,-1.0222,-0.68026,-0.019982
-0.21645,-1.1332,-0.54722,0.68705,0.49864,-0.91514,-0.73956,0.41382
-0.4603,-1.1988,-0.51615,1.0118,0.92818,-0.76979,-1.0347,0.11556
-0.14198,-1.1756,-0.53178,0.54956,0.92106,-0.841,-0.6188,0.075129
-0.10132,-1.7443,-0.67765,0.68366,0.75786,-1.0256,-0.44428,0.21022
-0.44225,-1.1947,-0.53601,0.4203,0.74867,-0.68634,-0.92695,0.35232
-0.4108,-1.2717,-0.79213,0.59671,1.0162,-0.65291,-0.87532,0.17361
-0.059795,-1.3263,-0.90796,0.57883,1.0462,-1.0077,-1.046,0.20141
-0.47921,-1.4166,-0.33283,0.86632,0.99581,-0.95857,-0.5203,0.19345
-0.18683,-1.1301,-0.61259,0.71356,1.1063,-0.84326,-0.78356,-0.00047785
-0.48258,-1.1468,-0.50067,0.49475,0.66566,-0.65493,-0.8107,0.072261
-0.18227,-1.2945,-0.87797,0.67171,0.86571,-0.91915,-1.0295,-0.0060002
-0.51797,-1.2176,-0.2298,0.68568,0.78188,-0.69799,-0.83544,0.62811
-0.52757,-1.2694,-0.54767,0.90278,0.66279,-0.83228,-1.0551,0.12652
-0.082295,-1.0763,-0.83124,0.6921,0.62034,-0.7184,-0.99434,-0.073207
-0.32261,-1.0004,-0.44977,1.0278,0.89709,-0.52695,-0.96108,0.35299
-0.44402,-1.4364,-0.48089,0.69775,1.0733,-0.63677,-0.92408,0.2507
-0.41728,-0.93077,-0.70105,0.99206,1.1542,-0.84113,-0.96981,0.060702
-0.30125,-1.2567,-0.81343,0.90227,0.92931,-0.81906,-0.52446,0.21879
-0.4543,-1.1872,-0.61674,1.0773,0.22377,-0.72232,-1.2597,0.019029
-0.36517,-0.86852,-0.79025,0.71213,0.73179,-0.78829,-0.89349,0.37335
-0.76034,-0.88314,-0.39533,0.9252,0.7179,-0.51076,-0.94391,0.16303
-0.39979,-0.82873,-0.3065,0.5949,0.91859,-0.69514,-0.78586,0.14066
-0.88583,-1.2408,-0.71494,0.68512,0.53529,-1.0869,-1.044,0.13611
-0.43121,-1.0608,-0.77834,0.89634,0.56182,-1.0015,-0.65405,0.27856
-0.49773,-0.90332,-0.78611,0.72454,1.0214,-0.69103,-0.98658,0.16841
-0.51834,-0.79017,-0.52638,0.96239,0.99961,-1.2645,-0.87776,-0.22984
-0.57758,-1.2827,-0.42727,0.57728,0.67075,-0.68404,-0.90409,0.24432
-0.77112,-0.99182,-0.71777,0.89439,0.68841,-0.74352,-0.72963,0.011881
-0.21252,-1.2413,-0.89255,0.57382,0.68458,-0.82054,-1.0048,0.27445
-0.43849,-1.2921,-0.782,0.65533,0.54399,-0.75834,-0.8396,0.03321
-0.34754,-1.2947,-0.82811,1.0722,0.72867,-0.66907,-0.80137,0.1724
-0.397,-0.95109,-0.47222,0.59191,0.81106,-0.89927,-0.8016,0.14318
-0.32243,-1.2158,-0.59338,0.6512,0.6009,-0.70848,-0.68534,0.54479
-0.3809,-1.229,-0.48418,0.78143,0.66867,-1.3194,-0.68492,0.29652
-0.58643,-0.92497,-0.88747,0.82618,0.70994,-0.68204,-0.75334,0.1466
-0.71873,-0.92452,-0.53897,0.93075,0.92748,-0.87479,-1.0059,0.28772
-0.45489,-1.3052,-0.67919,0.89512,0.68152,-0.76448,-0.67168,0.24723
-0.49386,-0.94612,-0.2695,0.87524,0.7811,-1,-0.89725,0.15657
-0.20856,-1.1641,-0.86563,1.0745,0.91624,-0.83202,-1.0437,0.11365
-0.49918,-1.0761,-0.63553,0.8256,0.75406,-0.80225,-0.80648,-0.10381
-0.48365,-1.0625,-0.84904,0.9022,0.7616,-0.89311,-1.2012,0.23905
-0.6705,-1.1082,-0.44791,0.57629,0.60725,-0.80541,-1.0225,0.027164
-0.2995,-1.1575,-0.35646,0.55018,0.48032,-0.70489,-1.1272,0.231
-0.67447,-1.0076,-0.97627,0.68342,0.71789,-0.74757,-0.645,-0.10953
-0.30616,-1.1127,-0.73749,0.78622,0.59637,-0.39394,-0.8113,0.16355
-0.37371,-1.0757,-0.7413,1.2935,0.79088,-0.96367,-1.0544,-0.0045616
-0.62118,-1.1185,-0.99428,0.80679,0.90632,-0.92407,-0.82035,-0.040365
-0.57107,-1.1289,-0.42808,1.0145,0.81123,-0.59832,-0.77944,-0.073322
-0.24911,-1.0902,-0.63258,0.83853,0.7912,-0.62258,-0.70865,0.030372
-0.61026,-0.87367,-0.39385,0.94576,0.71537,-0.86431,-1.3836,0.23745
-0.71002,-0.88996,-0.76001,0.19975,0.52503,-0.96904,-0.9922,0.089447
-0.79093,-1.1215,-0.39902,0.78472,0.59789,-0.58718,-0.94521,0.4686
-0.71389,-1.2947,-0.51561,0.75908,0.49579,-0.848,-1.0111,0.25508
-0.52383,-0.84308,-0.70222,0.67291,0.39805,-0.98926,-0.75984,0.054229
-0.60741,-0.93722,-0.6059,0.90153,0.73231,-0.76859,-1.0367,0.031038
-0.77851,-0.65782,-0.53101,0.74101,1.2098,-0.71329,-0.99526,0.22398
-0.66079,-0.92702,-0.80247,0.63067,0.90176,-0.94174,-0.3979,-0.064925
-0.48967,-1.0695,-0.65263,0.64937,0.61766,-0.90565,-1.0205,0.23389
-0.69709,-0.86661,-0.44321,1.2398,0.63438,-0.79257,-1.0896,0.34383
-0.47464,-0.86612,-0.77112,0.70412,1.042,-0.71271,-0.8551,0.24338
-0.46477,-1.1864,-0.89521,0.56156,0.67595,-0.70608,-0.90719,0.25573
-0.5156,-1.0098,-0.71757,1.258,0.59119,-0.74469,-0.99594,0.20661
-0.58829,-0.98023,-0.55862,1.0649,0.96023,-0.82754,-1.0929,0.18391
-0.62627,-0.78697,-0.45296,0.88579,0.59893,-0.7259,-1.0833,0.09062
-0.55632,-0.76686,-0.32471,0.74,0.55605,-0.81192,-0.70759,0.11697
-0.82598,-1.1362,-0.66749,1.0223,0.703,-1.1194,-1.0006,0.32993
-0.6208,-1.0656,-0.64581,0.75992,1.3168,-0.85037,-0.88508,-0.051958
-0.51162,-0.93079,-0.91783,1.1101,1.0001,-0.82878,-0.9784,0.22997
-0.38726,-0.80136,-0.76877,0.93314,0.74579,-0.76036,-1.0515,0.090716
-0.68356,-0.58888,-0.90548,0.65702,0.74512,-0.63916,-1.2681,-0.0040237
-0.48558,-0.69412,-0.51493,1.2664,1.0657,-0.80204,-1.0265,0.29581
-0.47783,-1.1862,-0.78163,0.99787,0.58427,-1.1394,-1.509,-0.17347
-0.82142,-0.68341,-0.94845,0.89472,0.45434,-0.85617,-0.82354,0.36239
-0.25844,-1.0912,-0.56927,0.62787,0.48349,-0.74285,-1.1983,0.058132
-0.4548,-0.86823,-0.84038,0.76512,0.57732,-0.50894,-0.89674,0.2628
-0.77386,-1.0246,-0.71548,0.69215,0.70431,-1.1159,-1.0811,0.39319
-0.78889,-0.91828,-0.72939,0.55965,0.74801,-1.0583,-0.65504,0.084919
-0.70795,-0.55588,-0.40301,1.0022,0.64449,-0.87301,-1.1675,0.24714
-0.89178,-1.1144,-0.48839,0.91722,0.75811,-0.63101,-1.0113,0.24868
-0.35282,-0.82473,-0.49787,0.88555,0.30943,-0.66171,-1.0129,0.49246
-0.8682,-0.71422,-0.98315,0.96955,0.62848,-0.78953,-1.2527,0.036031
-0.64599,-1.0448,-1.0553,0.78911,0.70867,-0.78383,-0.86583,0.10526
-0.71879,-0.83514,-0.8414,0.9065,0.33194,-0.8344,-0.9961,0.22773
-0.60408,-0.51442,-0.67395,1.0155,0.62677,-0.86534,-1.0691,0.46851
-0.66633,-0.66761,-0.4716,1.2223,0.6105,-0.82541,-1.1494,0.44744
-0.77669,-1.1895,-0.37845,0.73698,0.7327,-0.66617,-0.9703,0.42773
-0.89088,-0.56057,-0.70152,0.97381,0.75678,-0.63048,-1.0471,0.19897
-0.99775,-0.88783,-0.72305,0.70251,0.32907,-0.70381,-0.92608,0.14465
-0.604,-1.0392,-0.65472,0.68837,0.87868,-0.8904,-0.81186,0.29498
-0.7429,-0.68047,-0.60532,0.98732,0.43309,-0.7023,-1.0422,0.0090997
-0.85019,-0.75163,-0.58386,1.0294,0.65817,-0.97373,-0.98162,0.23437
-1.0862,-0.85322,-0.74749,0.70478,0.83455,-0.95218,-0.71987,0.37338
-0.73851,-0.70212,-0.67191,0.86962,0.44266,-0.65011,-1.1916,0.28814
-0.59573,-0.74051,-1.0303,0.6869,0.52219,-0.58928,-1.1007,0.166
-0.65792,-0.56761,-0.6155,1.166,0.61302,-0.92533,-1.3753,0.12698
-0.94368,-0.60076,-0.47414,0.83996,0.68021,-0.95232,-1.0897,-0.077844
-0.84008,-0.89178,-0.91712,1.1617,0.51028,-0.9068,-0.97977,0.16698
-0.59602,-0.94401,-0.84953,0.65177,0.32722,-0.72414,-1.0598,-0.079562
-0.55913,-0.75662,-0.84323,0.91393,0.30381,-0.59914,-1.274,0.32306
-1.2328,-0.81481,-0.537,0.96404,0.81291,-1.0087,-1.2769,-0.090395
-0.93401,-0.72855,-0.87193,1.196,0.65353,-1.0786,-1.1137,-0.011322
-0.88744,-0.89098,-0.65836,0.98199,0.8454,-0.44181,-0.9117,-0.05628
-0.85277,-0.54176,-0.8489,1.4392,0.65333,-0.99179,-1.0398,0.10592
-1.0248,-0.77557,-0.68501,0.8699,0.4957,-0.82,-0.92759,-0.28708
-0.91088,-0.77176,-0.90909,1.1208,0.5263,-0.57348,-1.3792,-0.030011
-0.63557,-0.59145,-0.67364,0.89973,0.90505,-0.99796,-1.013,0.025838
-0.78367,-0.62111,-0.8526,0.80829,0.74912,-0.63787,-1.2009,0.012416
-0.80987,-0.97748,-0.9627,1.0356,0.60271,-0.52472,-0.9321,0.16042
-0.73779,-0.70056,-0.67297,0.82501,0.56653,-0.80051,-1.1447,0.25224
-0.78657,-0.69559,-0.86587,0.9857,0.61534,-0.52534,-0.88729,0.46776
-0.61022,-0.31257,-0.67276,0.92154,0.95544,-0.58576,-1.0578,0.13039
-0.77581,-0.56505,-0.7883,0.948,0.37707,-0.84666,-1.0365,0.2331
-0.95951,-0.47798,-0.72351,1.1033,0.52358,-0.71729,-1.0163,0.18904
-0.72352,-0.55151,-0.73041,0.65803,0.52681,-0.78297,-1.0172,0.16886
-1.1425,-0.62791,-0.96819,0.47054,0.5264,-0.82752,-1.2933,-0.18339
-1.0598,-0.71263,-1.1321,0.70302,0.45776,-0.79681,-0.95248,0.032595
-0.70177,-0.50904,-0.79459,0.74294,0.54902,-0.71382,-1.134,0.29635
-0.90075,-0.80663,-0.76458,1.1505,0.58791,-0.66501,-1.0532,-0.29407
-0.78444,-0.81331,-0.72857,0.90913,0.97786,-0.83483,-1.3187,0.19614
-1.3553,-0.72538,-0.55849,1.2845,0.58296,-0.69986,-1.1462,0.23304
-0.766,-0.75137,-0.75886,0.92915,0.40696,-0.58109,-0.98922,-0.1699
-0.5825,-0.61794,-0.26146,0.91323,0.64847,-0.92105,-1.2788,0.010105
-0.91973,-0.72139,-0.86878,0.80277,0.75534,-1.2479,-1.1177,-0.023785
-0.91785,-0.70508,-1.0066,1.1143,0.63521,-0.81115,-1.3105,0.32893
-1.0282,-0.6419,-0.50456,0.88952,0.80613,-0.54625,-1.2165,0.10271
-1.0034,-0.75961,-0.82496,1.0346,0.43027,-0.80127,-1.4232,-0.066126
-1.0671,-0.68134,-0.99359,1.0689,0.67072,-0.83033,-1.1906,-0.092984
-1.0575,-0.62584,-0.73794,1.1345,0.466,-1.0422,-0.90215,-0.21915
-0.70794,-0.7013,-0.87098,1.1164,0.68298,-0.89031,-1.0869,0.31964
-0.92327,-0.5038,-0.84237,0.75943,0.58787,-0.7966,-1.1957,-0.28906
-0.91268,-0.44812,-0.87734,0.91362,0.1225,-0.75123,-1.5192,0.099247
-1.1068,-0.69416,-1.0589,0.88669,0.23508,-0.58065,-1.2071,-0.14669
-1.3557,-0.52991,-0.87725,0.85438,0.48419,-0.7704,-0.86202,-0.10057
-0.89967,-0.48109,-1.104,0.61931,0.61603,-0.55605,-0.67023,0.15895
-0.88998,-0.56711,-1.022,1.0157,0.46443,-0.60133,-1.3483,0.2484
-1.1682,-0.55558,-0.95193,0.9416,0.60459,-0.68834,-1.1373,0.32532
-1.2299,-0.71093,-0.72919,0.81358,0.82885,-0.77928,-1.2884,-0.016115
-0.83897,-0.45433,-1.129,1.0929,0.39068,-0.84002,-0.97307,-0.13521
-1.1291,-0.2736,-0.76914,0.816,0.23941,-0.75403,-1.1654,0.034746
-0.66989,-0.75521,-0.97242,0.95802,0.63037,-0.56486,-1.2674,0.41741
-0.93093,-0.30656,-1.103,0.78142,0.4755,-0.69411,-1.1108,0.095385
-1.0623,-0.6362,-1.0891,1.0911,0.30427,-0.64192,-1.2467,0.084708
-0.727,-0.89396,-0.81025,0.78411,0.56018,-0.64207,-1.2399,0.32609
-0.93832,-0.53856,-0.81856,0.82557,0.55507,-0.83236,-1.147,0.1028
-1.173,-0.36029,-1.2307,0.98817,0.56263,-0.58359,-1.1761,0.23968
-0.75226,-0.51793,-1.0061,1.0285,0.74852,-0.67201,-1.2825,-0.045913
-1.1734,-0.54105,-0.77556,0.97186,0.43796,-0.44533,-1.3937,0.46957
-0.95952,-0.64082,-1.0015,1.2144,0.69269,-0.33564,-1.3112,-0.0092644
-1.4729,-0.48638,-0.85968,1.1883,0.54574,-1.1717,-1.56,0.00097653
-0.9203,-0.37755,-1.0358,0.76149,0.59755,-0.96498,-1.0483,-0.038317
-1.204,-0.59854,-0.78572,1.3602,0.4131,-0.40577,-1.4875,0.0021662
-1.1564,-0.40555,-0.87546,1.0303,0.29572,-0.46224,-1.2794,0.11067
-0.62466,-0.49956,-1.2232,1.0531,0.36617,-0.61125,-1.3708,-0.029656
-1.0602,-0.51715,-1.0391,0.93032,0.30858,-0.68491,-1.1938,-0.034327
-1.1132,-0.41031,-1.0952,0.61193,0.50315,-0.59951,-1.1072,0.19385
-0.78874,-0.31643,-0.92264,0.94418,0.88987,-0.83726,-1.4371,-0.38889
-1.2286,-0.44763,-1.0708,0.82675,0.42648,-0.44916,-1.3831,0.26445
-1.0213,-0.54513,-1.0277,1.2783,0.38086,-0.23451,-1.0874,-0.194
-0.96978,-0.26104,-1.1551,0.93349,0.54892,-0.55581,-1.315,-0.10374
-0.89695,-0.48586,-0.78365,1.1294,0.45901,-0.55088,-1.1578,-0.046071
-0.94499,-0.54203,-1.0034,0.82671,0.05131,-0.67259,-1.3483,-0.12853
-1.3646,-0.47905,-1.1627,1.1741,0.57983,-0.79893,-1.1323,0.046651
-1.3544,-0.52325,-1.0713,0.92481,0.74829,-0.45693,-1.1898,-0.30497
-0.90558,-0.52336,-1.1968,1.0905,0.26821,-0.77205,-1.1624,-0.27172
-0.72058,-0.28543,-1.0267,0.76128,0.43902,-0.38417,-1.3335,-0.016065
-0.99324,-0.41612,-1.0359,0.85071,0.42592,-0.49908,-1.1992,0.092153
-1.0404,-0.15252,-1.2454,0.85688,0.61464,-0.83521,-1.4424,-0.24428
-0.83307,-0.51016,-1.1663,1.0184,0.35701,-0.68033,-0.69142,-0.27504
-0.64351,-0.38886,-1.0048,1.0697,0.60399,-0.56571,-1.3035,0.2267
-0.87406,-0.4057,-1.1971,0.79402,0.5197,-0.62096,-1.1981,-0.1645
-0.76974,-0.64783,-1.0059,0.79921,0.41915,-0.60151,-1.2289,-0.11561
-0.79425,-0.69601,-0.97609,0.54883,0.58567,-0.63878,-1.1171,0.11872
-1.0833,-0.40277,-0.93666,0.89267,0.62155,-1.0177,-1.378,0.1882
-0.73266,-0.58613,-1.1685,0.71655,0.55124,-0.54151,-1.2798,0.25745
-0.97501,-0.5921,-0.75371,0.89684,0.64256,-0.72187,-1.2041,-0.10161
-0.94621,-0.38132,-0.8515,0.98234,0.72818,-0.46052,-1.4339,-0.014057
-1.2831,-0.41473,-1.1142,0.86335,0.7079,-0.58628,-1.2092,-0.40643
-0.9749,-0.29039,-1.3321,0.6445,0.85569,-0.43478,-1.4698,-0.30512
-0.85263,-0.24395,-1.4449,0.73073,0.35536,-0.37796,-1.8895,0.16085
-0.70065,-0.35695,-1.288,0.93417,0.56204,-0.607,-0.99175,0.20016
-1.1574,-0.69161,-1.127,0.83718,0.26714,-0.74233,-1.2686,0.21744
-0.96928,-0.31214,-1.0186,0.95839,0.4168,-0.6409,-1.3353,0.13904
-0.91393,-0.32236,-0.64149,0.85118,0.66234,-0.53983,-1.7866,-0.14693
-0.84995,-0.41076,-1.4096,0.80891,0.52532,-0.55355,-1.3339,-0.056906
-1.3582,-0.52101,-1.0867,0.5965,0.31033,-0.6393,-1.4314,-0.1712
-1.2551,-0.46018,-1.1389,0.94201,0.66603,-0.5953,-1.0901,0.032988
-0.93391,-0.50868,-1.2278,1.0936,0.64004,-0.29871,-1.2774,0.096277
-0.96482,-0.32175,-1.0381,0.82682,0.99655,-0.24809,-1.4649,-0.082708
-1.0197,-0.26155,-1.2376,0.76745,0.85887,-1.1158,-0.95035,0.27624
-0.9722,-0.28538,-1.5702,0.89542,0.44289,-0.73812,-1.5259,0.1453
-0.69405,-0.58113,-1.2163,0.56699,0.62749,-0.30286,-1.5715,0.00027565
-1.1899,-0.35212,-1.1508,0.60664,0.34708,-0.37498,-1.0678,0.32882
-1.4911,-0.47847,-1.0043,0.59811,0.40476,-0.57174,-1.3371,0.15694
-1.459,-0.34215,-1.1137,1.0839,0.67336,-0.57654,-1.3975,-0.12515
-0.66139,-0.23446,-1.3019,0.67742,0.57389,-0.77778,-1.4819,-0.09615
-1.3264,-0.59111,-0.99118,0.74854,0.53856,-0.40383,-1.4138,-0.14888
-0.57839,-0.82658,-1.0605,0.659,0.4799,-0.58113,-1.2171,0.00061361
-1.3287,-0.60548,-1.1531,0.98961,0.84026,-0.86956,-1.7203,0.045007
-1.0933,-0.20546,-1.0737,0.69522,0.60915,-0.45915,-1.5367,-0.040078
-0.73867,-0.34095,-1.2145,1.0944,0.47326,-0.2322,-1.2225,-0.36839
-1.1802,-0.19462,-1.0195,0.69255,0.53699,-0.47463,-1.6925,0.14655
-0.69791,-0.46528,-1.1736,0.60962,0.45566,-0.35183,-1.6686,-0.042389
-0.97619,-0.38192,-1.2273,0.87028,0.84405,-0.33711,-1.3413,-0.21505
-1.0711,-0.40974,-1.186,1.0976,0.73847,-0.53865,-1.5238,-0.10965
-1.0294,-0.37821,-1.7027,0.63076,0.78142,-0.76398,-1.6032,-0.075977
-1.2039,-0.060224,-1.4423,0.81852,-0.0019382,-0.57328,-1.4459,0.12123
-1.0214,-0.62644,-1.4244,0.54589,0.12479,-0.46073,-1.3501,-0.125
-0.92612,-0.10496,-1.2781,1.0549,0.94175,-0.42568,-1.4213,-0.12343
-1.1293,-0.55503,-1.4843,0.63848,0.75497,-0.72241,-1.4061,-0.22024
-0.52591,-0.31165,-1.4563,0.70144,0.77469,-0.36862,-1.1902,0.0083266
-0.92707,-0.86891,-1.3417,0.81654,0.30937,-0.48319,-1.423,-0.17608
-0.76221,-0.35909,-1.2848,0.90646,0.55094,-0.6644,-1.2734,-0.12886
-1.0856,-0.32242,-1.6219,0.69656,0.37701,-0.49902,-1.6054,0.021673
-0.89229,0.043458,-0.9128,0.60852,0.68078,-0.75499,-1.7239,-0.35214
-1.1458,-0.28719,-1.0703,0.78687,0.39116,-0.80219,-1.3185,-0.12772
-0.75603,-0.32966,-1.3449,0.90123,0.35314,-0.56699,-1.7641,-0.2989
-0.85248,-0.25324,-1.1228,0.60981,0.44539,-0.60026,-1.3898,-0.21596
-0.84076,-0.19935,-1.4429,0.77163,0.65237,-0.7749,-1.5785,-0.39155
-0.84259,-0.46095,-1.3339,0.2705,0.35035,-0.47241,-1.1847,0.085615
-0.75207,-0.58516,-1.639,0.6511,0.46377,-0.78309,-1.2623,-0.015409
-0.94264,-0.28653,-1.2232,0.83824,0.81092,-0.60867,-1.7099,-0.39108
-1.0572,-0.73513,-1.0991,0.83828,0.49652,-0.58801,-1.546,-0.35207
-1.1629,-0.2554,-1.1887,0.78503,0.34258,-0.79531,-1.3771,-0.44974
-1.0178,-0.14882,-1.5486,0.6944,0.56812,-0.30374,-1.2709,-0.04422
-1.0537,-0.46744,-1.4574,0.93932,0.44131,-0.6059,-1.8617,-0.19024
-1.101,-0.22854,-1.4338,0.64586,0.31633,-0.15335,-1.2196,0.0085845
-1.15,-0.56079,-1.3353,0.91379,0.54158,-0.47415,-1.5582,-0.27307
-0.6716,-0.35366,-1.304,0.86243,0.53261,-0.54279,-1.239,-0.083475
-0.71397,-0.507,-1.5525,0.50371,0.51379,-0.58469,-1.4364,-0.35111
-1.0076,-0.53187,-1.445,0.58573,0.35689,-0.61059,-1.4039,0.040174
-1.1601,-0.4025,-1.6162,0.5325,0.40607,-0.41029,-1.368,-0.057574
-0.92752,-0.77196,-1.3512,0.7309,0.82226,-0.36881,-1.5695,0.17345
-1.079,-0.41651,-1.5607,0.81484,0.48659,-0.52928,-1.3263,-0.22314
-1.005,-0.40177,-1.562,0.56595,0.59551,-0.17262,-1.2596,-0.14891
-0.96639,-0.36738,-0.91117,0.4279,0.27987,-0.55212,-1.2632,0.053839
-0.94057,-0.20425,-1.1993,0.59844,0.49134,-0.61372,-1.3161,-0.43579
-0.92265,-0.21082,-1.6209,0.6327,0.65292,-0.7519,-1.4,-0.15629
-0.9069,-0.45276,-1.1325,0.64839,0.45652,-0.39419,-1.2078,-0.54879
-0.77237,-0.29935,-1.5626,0.65279,0.79715,-0.72043,-1.4531,-0.047832
-1.2567,-0.28304,-1.5408,0.57652,0.64431,-0.83068,-1.368,-0.2641
-0.99239,-0.3018,-1.6352,0.67736,0.31759,-0.38129,-1.4742,-0.19916
-0.85307,-0.24416,-1.5247,0.45506,0.6357,-0.30017,-1.585,0.068748
-1.0017,-0.52021,-1.414,0.62453,0.69528,-0.37362,-1.4345,-0.1612
-0.99055,-0.46945,-1.4014,0.59749,0.51832,-0.55108,-1.8702,-0.064927
-1.4162,-0.67871,-1.3207,0.41974,0.59498,-0.57414,-1.1619,-0.20121
-0.66338,-0.6265,-1.2049,0.85982,0.90423,-0.50457,-1.158,-0.38271
-0.74552,-0.36941,-1.6592,0.39303,0.71159,-0.86149,-1.3012,-0.50548
-0.92386,-0.83834,-1.2456,0.66148,0.7549,-0.29372,-1.5465,0.18108
-0.80343,-0.47589,-1.4568,0.32074,0.54969,-0.24708,-1.4935,-0.3243
-0.63371,-0.058296,-1.4848,0.39149,0.91646,-0.95599,-1.6737,-0.48313
-0.49368,-0.48323,-1.869,0.35097,0.40592,-0.24126,-1.3855,-0.13758
-0.8943,-0.74298,-1.4655,0.25534,0.59126,-0.60439,-1.4888,-0.28734
-0.57824,-0.18791,-1.4851,0.6348,0.56659,-0.5857,-1.4912,-0.29526
-0.867,-0.57654,-1.8182,0.47325,0.71609,-0.70661,-1.4269,-0.6892
-0.91569,-0.21225,-1.3234,0.60158,0.77379,-0.23414,-1.3282,-0.0075464
-0.77664,-0.29616,-1.4249,0.20225,0.65858,-0.639,-1.1863,-0.55835
-0.81343,-0.22428,-1.6839,0.45256,0.69809,-0.54045,-1.4531,-0.42292
-0.86785,-0.15535,-1.408,0.16472,0.54446,-0.50249,-1.4491,-0.48102
-0.73906,-0.36565,-2.046,0.066103,0.63224,-0.26552,-1.4968,-0.22381
-0.86547,-1.032,-1.6545,0.30405,0.99689,-0.4835,-1.317,0.050954
-0.9035,-0.69495,-1.4918,0.39067,0.58099,-0.51244,-1.1756,-0.28094
-0.9304,-0.52118,-1.4312,0.55044,0.6754,-0.39414,-1.3859,-0.47464
-0.62066,-0.3671,-1.5715,0.15532,0.50733,-0.74318,-1.4011,-0.27617
-0.65023,-0.50077,-1.3692,0.39497,0.65989,-0.74735,-1.7868,-0.30545
-0.50668,-0.48033,-1.5309,0.41086,0.57325,-0.44936,-1.5136,-0.59292
-0.79509,-0.74454,-1.8993,0.55307,0.62824,-0.46292,-1.3522,-0.56918
-0.82767,-0.19934,-1.7974,0.18625,0.6363,-0.765,-1.1937,-0.49476
-1.1257,-0.41037,-1.5036,0.40718,0.92255,-0.6871,-1.6212,-0.52385
-0.74695,-0.42326,-1.5523,0.29578,0.50792,-0.30763,-1.5366,-0.31456
-0.77721,-0.42663,-1.5013,0.41556,0.37442,-0.62907,-1.4556,-0.83595
-0.88388,-0.51774,-1.466,0.38946,0.86306,-0.64467,-1.659,-0.062368
-0.88923,-0.83656,-1.4466,0.16143,0.60191,-0.42614,-1.1366,-0.13381
-0.94976,-0.23434,-1.6374,0.23781,0.7877,-0.57139,-1.4226,-0.46236
-0.89475,-0.7251,-1.6308,0.23755,0.49944,-0.58512,-0.94351,-0.29885
-0.95079,-0.55472,-1.5726,0.35923,0.3586,-0.47174,-1.3627,-0.57642
-0.85137,-0.35674,-2.1633,0.28241,0.65745,-0.23019,-1.4545,-0.39598
-0.67813,-0.66373,-1.6267,0.59569,0.92001,-0.40614,-1.3848,-0.11484
-0.85856,-0.65925,-1.7234,0.31151,0.80256,-0.50457,-1.5773,-0.50665
-0.56839,-0.82652,-1.5242,0.39246,0.69467,-0.25124,-1.6402,-0.37349
-0.9067,-0.65218,-1.5983,0.38896,0.95385,-0.77389,-1.002,-0.31333
-0.71388,-0.45408,-1.7422,0.1024,0.70769,-0.32888,-1.7512,-0.64453
-0.60824,-0.48352,-1.5575,0.31551,0.55041,-0.17213,-1.1874,-0.41628
-0.40466,-0.68163,-1.6733,0.23267,0.71425,-0.34676,-1.4053,-0.2833
-0.57002,-0.45929,-1.2831,0.30568,0.87027,-0.57708,-1.533,-0.4463
-0.95045,-0.52244,-1.7196,0.10888,0.78021,-0.74099,-1.0539,-0.22584
-0.76877,-0.45461,-1.7112,0.14686,0.84643,-0.33738,-1.2283,-0.63941
-0.96952,-0.4722,-1.5344,0.13829,0.74136,-0.48516,-1.2664,-0.20509
-0.80241,-0.22121,-1.616,0.42049,0.66883,-0.51175,-1.4397,-0.477
-0.55809,-0.81996,-1.6546,0.23045,0.81172,-0.54182,-1.3195,-0.60732
-0.77433,-0.61634,-2.0566,0.15808,0.70639,-0.25265,-1.322,-0.2792
-0.86851,-0.21621,-1.3833,0.12614,0.37223,-0.37479,-1.1448,-0.58503
-0.78484,-0.5603,-1.7726,0.47498,0.67967,-0.67229,-1.3012,-0.17487
-0.76483,-0.17828,-1.4312,0.23228,1.0295,-0.52646,-1.5971,-0.39048
-1.089,-0.40816,-1.2182,0.015867,0.62825,-0.63066,-1.4898,-0.31906
-0.42723,-0.7545,-1.949,0.019387,0.66407,-0.35481,-1.3091,-0.31385
-0.5854,-0.34979,-1.9293,0.025957,0.49017,-0.50497,-1.2085,-0.50769
-0.81824,-0.47647,-1.6939,-0.052993,0.79116,-0.6316,-1.2957,-0.36312
-0.61312,-0.54001,-1.9858,0.42399,0.90536,-0.3677,-1.3078,-0.56038
-0.54286,-0.33967,-1.9732,0.088284,0.76576,-0.75751,-1.2293,-0.74174
-0.74258,-0.48728,-1.7709,0.13847,0.66256,-0.2735,-1.3011,-0.79087
-0.64811,-0.72322,-1.7151,0.087552,0.48638,-0.2717,-0.90023,-0.15517
-0.5014,-0.65103,-1.6778,0.49757,1.021,-0.59621,-1.5366,-0.23795
-0.53923,-0.39154,-1.9336,0.042024,0.58201,-0.41693,-1.6953,-0.62075
-0.57902,-0.49856,-1.5017,0.068172,0.40709,-0.25536,-1.3282,-0.34948
-0.48342,-0.56869,-1.5769,-0.074723,0.89267,-0.29933,-1.4584,-0.72686
-0.50403,-0.25848,-1.5385,0.05318,0.74765,-0.54341,-1.5046,-0.36529
-0.52616,-0.63629,-1.2977,0.22466,0.88625,-0.64878,-0.97621,-0.62371
-0.59579,-0.55216,-1.6391,-0.25919,0.52216,-0.62321,-1.5602,-0.38426
-0.4463,-0.85172,-1.9896,0.10013,0.34236,-0.085883,-1.3636,-0.55372
-0.41193,-0.44909,-2.0544,0.096672,1.1023,-0.64602,-1.4641,-0.4342
-0.56153,-0.61164,-1.5265,0.09116,0.6728,-0.62558,-1.5127,-0.46444
-0.39406,-0.69204,-1.7461,0.12725,0.70139,-0.22614,-1.7293,-0.84282
-0.66482,-0.46489,-1.9858,-0.22257,0.54004,-0.45423,-1.6131,-0.45529
-0.64511,-0.68199,-1.955,-0.16136,0.74573,-0.20615,-1.5868,-0.41947
-0.66781,-0.6314,-1.6012,0.15651,0.72275,-0.59327,-1.4991,-0.35709
-0.67718,-0.60721,-1.8261,0.032203,0.60171,-0.45018,-1.2934,-0.82594
-0.61663,-0.63891,-1.4635,-0.12732,0.68529,-0.5032,-1.339,-0.72883
-0.8104,-0.4647,-1.6624,0.21035,0.87855,-0.5557,-1.1444,-0.5537
-0.42728,-0.86763,-1.7921,0.13208,0.71218,-0.43886,-1.6674,-0.57463
-0.53193,-0.65155,-1.6043,-0.033434,0.79453,-0.47606,-1.4327,-0.37073
-0.96738,-0.24168,-1.8061,-0.091602,0.6788,-0.39074,-1.1134,-0.29086
-0.60899,-0.78858,-1.8659,-0.14715,0.69915,-0.52515,-1.4095,-0.68909
-0.17766,-0.46972,-1.7431,0.065023,0.8435,-0.13677,-1.2707,-0.69221
-0.65955,-0.66065,-1.7475,-0.29389,0.82815,-0.54914,-1.0757,-0.55869
-0.36025,-0.8016,-1.7296,0.06608,0.82601,-0.4294,-1.4039,-0.42306
-0.56701,-0.79669,-1.877,-0.44715,0.66194,-0.17578,-1.2006,-0.39586
-0.41914,-0.6573,-1.8809,-0.098826,1.0127,-0.598,-1.5018,-0.41516
-0.59723,-0.70162,-1.5874,0.098448,1.061,-0.5409,-1.2864,-0.63264
-0.86692,-0.87853,-1.989,-0.069609,0.7776,-0.34601,-1.3342,-0.36211
-0.55966,-1.0435,-1.5315,0.044082,0.50965,-0.65135,-1.2696,-0.21647
-0.61333,-0.93592,-1.6207,0.037163,0.7032,-0.52797,-1.4094,-0.7089
-0.76974,-0.71092,-1.7109,-0.20721,0.73671,-0.51451,-1.3098,-0.60291
-0.34787,-0.80633,-1.7662,-0.068872,0.8852,-0.38517,-1.501,-0.3932
-0.59813,-0.51192,-2.0773,-0.23207,0.83367,-0.5965,-1.3181,-0.39134
-0.49199,-0.52766,-1.7075,-0.29758,1.0071,-0.55443,-1.2059,-0.78632
-0.63805,-0.72035,-1.8687,-0.046971,0.83134,-0.30915,-1.3652,-0.67755
-0.65044,-0.56861,-1.3493,-0.21478,1.0197,-0.40718,-1.4714,-0.71851
-0.84347,-0.82648,-1.8352,-0.06212,0.60181,-0.42531,-1.2091,-0.63095
-0.7691,-1.1166,-1.7387,-0.5113,0.88164,-0.58376,-1.3505,-0.55536
-0.90539,-1.0861,-1.8146,0.076128,0.76617,-0.59093,-1.5036,-0.69026
-0.48025,-0.71542,-1.6554,-0.45566,0.81548,-0.47821,-1.3148,-0.44597
-0.48957,-0.67912,-1.7319,-0.29074,0.95273,-0.73514,-1.3197,-0.48882
-0.57923,-0.91867,-2.0691,-0.32652,0.9345,-0.35539,-1.0392,-0.58361
-0.46239,-0.9255,-1.7438,-0.16435,0.63653,-0.11773,-1.4332,-0.75016
-0.77935,-0.72448,-1.42,-0.38122,0.67738,-0.49553,-1.5028,-0.84732
-0.42848,-0.61357,-2.1032,-0.17384,0.81254,-0.56003,-1.0586,-0.3698
-0.3702,-0.72908,-2.1101,-0.024463,0.92272,-0.69459,-1.2162,-0.77685
-0.55791,-0.73741,-1.4586,-0.072192,1.157,-0.66588,-1.1971,-0.42331
-0.78931,-1.0269,-2.0866,-0.21993,1.0207,-0.2892,-1.3816,-0.72334
-0.65096,-0.70746,-1.7334,-0.19161,1.176,-0.46605,-1.2539,-0.77708
-0.47275,-1.1715,-1.8354,-0.18797,0.84397,-0.65334,-1.1555,-0.43101
-0.55846,-0.9143,-1.9093,-0.67581,0.68783,-0.62644,-1.3173,-0.73562
-0.5202,-0.8346,-1.9583,-0.033809,1.0662,-0.74966,-1.2535,-0.71035
-0.67414,-0.7757,-1.4771,-0.32631,0.73935,-0.2702,-1.3713,-0.84603
-0.61689,-0.5903,-1.7606,-0.21287,0.86879,-0.80447,-1.0548,-0.77929
-0.30244,-0.61975,-1.829,-0.301,0.81644,-0.55955,-1.4683,-0.60459
-0.31309,-0.73623,-1.89,-0.47456,0.84127,-0.714,-1.3242,-0.6972
-0.46619,-0.79608,-1.874,-0.25605,0.9151,-0.41319,-1.394,-0.903
-0.4251,-1.0311,-1.4762,-0.045418,0.64931,-0.54968,-1.3126,-0.80192
-0.63534,-0.99485,-1.9733,-0.15977,1.2048,-0.42448,-1.4552,-0.56954
-0.32068,-0.90337,-1.7081,-0.29246,0.95036,-0.45208,-1.4173,-0.68193
-0.52503,-0.97563,-1.881,-0.43599,0.83376,-0.34202,-1.2389,-0.64962
-0.36084,-0.81532,-1.8473,-0.47864,0.86502,-1.1282,-1.4222,-0.68179
-0.30074,-0.68161,-2.0344,-0.43357,0.89675,-0.25039,-1.1988,-0.88723
-0.35585,-0.86627,-1.7704,-0.40379,0.92954,-0.40599,-1.2337,-0.91304
-0.36359,-1.1166,-2.085,-0.36046,1.0538,-0.36948,-1.5641,-0.2836
-0.19944,-1.0713,-1.7586,-0.065528,0.69903,-0.66156,-1.1691,-0.77285
-0.56378,-0.5846,-1.8011,-0.51718,0.87091,-0.62274,-1.3363,-0.84702
-0.60344,-0.90621,-1.7615,-0.31279,1.0617,-0.39189,-1.3243,-0.69073
-0.64725,-0.66838,-1.6897,-0.47668,1.1077,-0.52364,-1.3077,-0.49185
-0.095885,-1.1979,-1.8488,-0.41842,1.0212,-0.5878,-1.089,-0.45776
-0.28592,-0.98631,-1.9652,-0.45391,1.0578,-0.27916,-1.366,-0.58773
-0.44635,-0.63736,-1.7486,-0.68399,0.77503,-0.49051,-1.4046,-0.84367
-0.13137,-0.77808,-2.0116,-0.35498,0.86823,-0.64877,-1.2496,-0.74164
-0.73649,-0.74733,-1.7976,-0.64209,0.57898,-0.65185,-1.4489,-0.83667
-0.43744,-1.2681,-1.9131,-0.097877,0.74632,-0.15521,-1.2151,-0.71673
-0.18967,-0.94902,-2.0376,-0.31206,0.98337,-0.50594,-1.1818,-0.73519
-0.4457,-0.83948,-1.6347,-0.58058,0.78853,-0.57428,-1.1102,-1.0341
-0.035088,-1.103,-2.0531,-0.57412,1.0963,-0.48914,-1.5166,-0.57403
-0.2966,-0.8253,-1.6761,-0.55845,1.078,-0.41464,-1.1124,-0.6298
-0.49659,-0.63711,-1.8619,-0.39771,0.7154,-0.58051,-1.2423,-0.45515
-0.4419,-0.67541,-1.5426,-0.3508,0.95903,-0.7358,-1.0546,-0.66426
-0.46273,-0.85898,-1.8291,-0.33079,0.89463,-0.74043,-1.2749,-0.89265
-0.56847,-1.282,-1.7528,-0.80199,0.82805,-0.59369,-1.2906,-0.36115
-0.09822,-0.98301,-1.8286,-0.33976,0.73895,-0.52675,-1.1962,-0.91123
-0.26449,-0.8195,-1.6232,-0.42565,0.88582,-0.64398,-1.3998,-1.0647
-0.44867,-1.1363,-1.7708,-0.38407,0.94801,-0.53213,-1.2688,-0.87407
-0.43492,-0.86589,-2.046,-0.47435,1.0054,-0.44366,-1.144,-0.81814
-0.11675,-0.62859,-1.4822,-0.3223,0.96664,-0.53439,-1.2034,-0.65526
-0.42725,-0.8025,-2.0124,-0.74974,0.84949,-0.13082,-1.3445,-0.87979
-0.42618,-0.78419,-2.0061,-0.59598,0.77933,-0.65651,-1.2182,-0.57607
-0.1059,-1.3987,-1.414,-0.66481,0.89279,-0.57343,-1.0372,-0.98029
-0.063451,-1.086,-1.907,-0.69516,0.84659,-0.22832,-1.427,-0.53763
-0.2691,-1.37,-1.5875,-0.57316,1.1451,-0.64336,-1.1015,-0.7416
-0.094952,-1.1078,-2.3056,-0.8223,0.99902,-0.60701,-1.1827,-0.77052
-0.55778,-1.4254,-1.9709,-0.71102,0.90573,-0.83739,-1.1068,-0.83176
0.0080371,-1.2692,-2.1141,-0.40377,0.66819,-0.55317,-1.4798,-0.84915
-0.21424,-1.5354,-1.7326,-0.81784,1.297,-0.41333,-1.1625,-0.83331
-0.03369,-0.78258,-1.5276,-0.53474,0.70406,-0.63834,-1.603,-0.60856
-0.63483,-1.1465,-1.9286,-0.38499,0.88923,-0.70835,-1.2403,-0.7645
-0.33553,-1.1888,-1.6004,-0.44181,0.81806,-0.34274,-1.1757,-0.96954
-0.1567,-1.04,-1.5645,-0.35399,0.39159,-0.55816,-0.90023,-0.96594
-0.49952,-1.3083,-1.6618,-0.82232,0.70929,-0.82594,-1.1661,-0.75978
-0.18391,-0.91865,-1.8839,-0.55953,0.8909,-0.89903,-1.1549,-0.58253
-0.13199,-0.90858,-1.7686,-0.95441,1.0741,-0.48163,-1.1399,-0.94026
-0.25089,-1.0874,-1.7893,-1.2793,1.3424,-0.47379,-1.4706,-0.91424
-0.22902,-1.2898,-1.7235,-0.66138,0.67968,-1.0456,-1.2103,-0.70865
-0.19151,-0.88615,-2.1305,-0.55807,0.84674,-0.44244,-1.0638,-0.90694
-0.46336,-1.0093,-1.9051,-0.67441,0.94246,-0.99641,-1.1171,-0.80483
-0.33673,-1.1336,-1.7381,-0.45993,0.92286,-0.65392,-1.0458,-0.46303
-0.28392,-1.1643,-1.6783,-0.6746,1.1278,-0.4772,-1.5072,-0.8919
-0.21526,-1.0718,-1.7841,-0.50946,0.85303,-0.40681,-1.1112,-0.70923
-0.27682,-0.63631,-1.7867,-0.74858,1.1621,-0.6782,-1.1091,-0.91772
-0.45043,-0.7983,-1.8334,-0.63242,1.0944,-0.66194,-1.309,-0.75861
0.00773,-1.2843,-1.705,-0.95719,0.98722,-0.15308,-1.0643,-1.003
-0.17047,-0.97152,-1.7786,-0.68902,0.93099,-0.8581,-0.70648,-0.90878
-0.040168,-1.082,-1.4725,-0.94374,0.91111,-0.50284,-1.1164,-0.64004
-0.13933,-0.96071,-1.7238,-0.6611,1.0277,-0.57146,-1.1358,-0.68444
-0.2774,-1.4342,-1.5268,-0.75119,0.80568,-0.71145,-1.0851,-0.77405
-0.65134,-1.1637,-1.8691,-0.65314,1.2408,-0.50375,-1.3947,-0.75833
-0.014126,-1.1776,-1.7611,-0.82478,0.97742,-0.57166,-1.1257,-0.7777
-0.16694,-0.93918,-1.7648,-0.76997,1.0242,-0.54956,-1.2625,-0.43798
0.011397,-0.99807,-1.8709,-0.9548,0.9142,-0.6315,-1.1065,-0.32931
-0.019979,-1.1741,-1.6053,-0.94282,0.96426,-0.74397,-0.96127,-1.0371
-0.22911,-1.1416,-1.847,-0.7345,0.87695,-0.41995,-0.95098,-0.79373
-0.1941,-1.3776,-1.7189,-0.74721,1.3049,-0.76027,-1.0277,-0.75914
0.1119,-1.3603,-1.9878,-0.44795,1.1775,-0.48518,-0.97516,-0.74739
-0.23438,-1.2595,-1.8955,-0.79588,1.1844,-0.2534,-1.2823,-1.1339
-0.37769,-0.87675,-2.0736,-0.55554,0.71813,-0.65325,-1.5167,-0.73159
-0.18912,-1.1286,-1.8725,-0.47769,1.111,-0.48258,-1.0212,-0.88727
-0.071582,-1.3721,-1.9001,-0.66711,1.1508,-0.78417,-0.98049,-0.95072
0.1037,-1.2228,-1.8205,-0.73061,0.98881,-0.36627,-1.1971,-1.0011
-0.30556,-0.87227,-2.0461,-0.79708,1.2007,-0.48823,-1.2896,-0.84609
-0.18752,-1.4041,-1.7301,-0.98822,1.0451,-0.77029,-1.2191,-0.69124
-0.22062,-1.3107,-1.7616,-1.3596,1.1237,-0.51149,-1.0163,-0.76023
0.0052976,-1.0484,-1.5822,-0.68978,0.75766,-0.78041,-0.90857,-0.63257
-0.19029,-1.518,-1.91,-0.90708,0.98411,-0.60193,-0.79221,-0.70809
-0.59664,-1.3362,-1.689,-0.79492,0.85185,-0.48377,-1.0983,-1.0458
-0.15932,-1.6252,-1.7051,-0.8639,1.178,-0.67377,-1.1667,-0.93389
-0.17917,-1.1212,-1.7197,-0.79115,0.84052,-0.78601,-0.98907,-0.93727
-0.17761,-1.197,-1.5237,-0.88422,0.91271,-0.62544,-1.1074,-0.58566
-0.058492,-1.4099,-1.9009,-0.84282,0.96893,-0.66621,-1.1656,-0.80593
0.040274,-1.4307,-1.4931,-0.48156,0.90611,-0.71226,-1.1657,-0.84536
-0.051923,-1.5356,-1.6135,-0.90773,0.7354,-0.59062,-1.1907,-0.78007
-0.16554,-1.0062,-1.9432,-0.74843,0.8901,-0.71332,-0.71861,-0.78615
-0.014088,-1.2093,-1.6566,-0.93556,0.89593,-0.58087,-0.82759,-0.73542
-0.32116,-1.1799,-1.4202,-0.94689,0.90647,-0.54034,-0.72771,-0.9163
0.2278,-1.3892,-1.7694,-1.0254,1.0673,-0.7068,-0.96013,-0.94321
0.15341,-1.2652,-1.6163,-0.59285,1.0017,-0.8798,-0.8324,-0.82118
0.032028,-1.1876,-1.5289,-0.88123,0.95921,-0.73106,-0.96201,-1.2556
-0.27316,-1.2004,-1.7864,-0.90458,1.0022,-0.73097,-0.91925,-0.69208
-0.12283,-1.0438,-1.8121,-1.0706,1.3162,-0.51037,-1.1645,-1.0345
-0.21291,-1.3742,-1.5412,-0.76498,1.167,-0.25849,-1.173,-1.099
-0.20845,-1.1238,-1.9155,-0.98162,0.80267,-0.58754,-1.1925,-0.97338
-0.26506,-1.3846,-1.6839,-1.0218,1.2702,-0.76427,-1.0834,-0.7589
-0.20169,-1.3675,-2.1421,-1.1732,1.1408,-0.39119,-1.1555,-1.0836
-0.04226,-1.1363,-1.7492,-0.79833,1.4526,-0.83775,-1.023,-0.77827
-0.1396,-1.2562,-1.761,-0.93297,0.9508,-0.73399,-1.068,-0.68523
-0.17204,-1.21,-1.7084,-0.97406,1.269,-0.8039,-1.3029,-1.2642
-0.019118,-1.1075,-1.8341,-0.96188,1.1734,-0.74643,-1.0697,-0.92324
-0.18102,-1.5125,-1.5607,-0.70797,1.1064,-0.55378,-1.1645,-0.65283
-0.27809,-1.0368,-1.5586,-0.75924,1.1417,-0.87223,-1.059,-0.82828
-0.20779,-1.3849,-1.3697,-0.84551,1.0521,-0.62788,-0.97348,-0.66323
0.090695,-1.4856,-1.2788,-0.75656,1.0938,-0.69002,-1.0309,-0.8473
0.07368,-1.4761,-1.6141,-0.72221,0.9004,-0.82036,-0.94173,-0.86953
-0.24605,-1.1331,-1.5774,-0.69085,1.2776,-0.77122,-0.68461,-0.95897
-0.087894,-1.362,-1.4598,-0.70618,1.1373,-0.98185,-1.1992,-0.63067
-0.12145,-1.1406,-1.5388,-0.87585,0.92567,-0.66048,-1.0697,-0.87535
-0.1064,-1.3246,-1.7854,-0.8397,1.1129,-0.73921,-0.88854,-1.1042
-0.32663,-1.6588,-1.5349,-1.1627,1.4152,-0.52639,-0.92832,-0.74275
-0.30503,-1.1896,-1.5265,-0.9339,0.94361,-1.0295,-0.87514,-0.6703
0.031945,-1.2587,-1.6518,-1.0711,0.88444,-0.53148,-1.1185,-0.8174
0.072347,-1.1508,-1.4503,-0.81417,1.1857,-0.71932,-1.0766,-1.1387
-0.23605,-1.2371,-1.8489,-1.0008,1.1786,-0.71181,-1.1813,-0.82128
0.12258,-1.5291,-1.6009,-0.95129,0.98273,-0.84385,-1.1844,-0.89394
-0.014204,-1.5285,-1.7511,-0.87509,1.2417,-0.9238,-0.89573,-0.61315
-0.15518,-1.2505,-1.4217,-0.78297,0.58959,-0.65153,-0.75332,-0.79588
-0.0073343,-1.2876,-1.4355,-0.82039,1.0327,-0.34809,-0.88399,-0.76006
-0.17999,-1.223,-1.5428,-0.95967,0.95388,-0.68022,-1.0337,-1.0168
-0.026323,-1.366,-1.8784,-0.78488,1.3162,-0.90001,-0.95166,-0.8474
-0.37914,-1.4022,-1.6479,-0.78173,1.338,-0.97354,-0.98766,-0.97411
0.013775,-1.383,-1.2222,-1.1565,1.4942,-1.0349,-1.1014,-0.58611
-0.050791,-1.2473,-1.5059,-0.8503,1.2711,-0.88529,-1.1731,-0.78783
0.15219,-1.5976,-1.252,-0.9608,1.0013,-0.59718,-0.83629,-0.60833
0.34446,-1.0023,-1.5796,-0.82229,0.79752,-0.72515,-0.97025,-1.0445
-0.2003,-1.4246,-1.4424,-1.2785,1.0734,-0.70623,-0.89255,-0.7045
0.16262,-1.5317,-1.3684,-1.0837,1.0345,-0.82854,-0.97367,-1.0908
-0.23654,-1.117,-1.457,-0.91966,0.87047,-0.77423,-1.0454,-0.68969
-0.0089644,-1.3021,-1.5611,-1.0125,0.99382,-0.89205,-0.69872,-0.7089
-0.32615,-1.6416,-1.7501,-0.82839,1.1675,-0.8742,-0.99177,-0.9853
-0.066499,-1.7375,-1.7342,-1.41,0.60253,-0.56116,-1.2708,-1.0233
-0.19933,-1.0535,-1.3674,-0.89427,1.0173,-0.94488,-0.99419,-1.2552
-0.18478,-1.5785,-1.6842,-0.95909,0.95107,-0.7243,-1.0957,-0.69969
-0.20159,-1.12,-1.6721,-1.054,1.3277,-1.0877,-1.002,-0.94495
-0.31807,-1.6155,-1.5718,-1.0419,0.54944,-0.683,-1.0613,-0.66564
-0.15101,-1.6156,-1.6169,-0.78499,1.4734,-0.73867,-0.67707,-0.77003
-0.26827,-1.6117,-1.6458,-1.0902,1.341,-0.61194,-0.96692,-0.68336
-0.20505,-1.3264,-1.8963,-1.1695,1.2906,-0.81203,-1.3242,-0.71894
-0.2005,-1.1864,-1.5654,-0.95266,1.001,-0.9115,-0.89939,-1.0319
0.10525,-1.2741,-1.6109,-0.98408,1.0796,-0.8987,-0.57928,-0.66989
0.014985,-1.1645,-1.4069,-1.2103,1.1383,-0.54801,-0.95932,-0.76205
-0.22015,-1.3441,-1.2218,-0.96882,1.3451,-0.83129,-0.93581,-0.68977
0.015361,-1.4935,-1.4624,-0.93534,1.2623,-1.1576,-1.0608,-0.58303
-0.13093,-1.4525,-1.5048,-0.67591,1.0393,-0.93212,-0.70208,-1.0183
-0.06434,-1.8824,-1.5319,-0.8531,1.2106,-0.78369,-0.84801,-0.61135
0.076875,-1.3848,-1.4159,-1.2579,1.2314,-0.79303,-1.0851,-0.78257
0.18244,-1.3043,-1.5781,-0.84763,1.4512,-0.73388,-1.1007,-0.83702
-0.13713,-1.456,-1.1299,-1.0908,1.0481,-0.54246,-1.1089,-0.75774
0.12455,-1.4276,-1.5175,-1.0826,0.86437,-0.49569,-0.74236,-0.5749
-0.19914,-1.5562,-1.5982,-1.1833,1.0477,-0.83048,-0.83147,-0.90208
-0.17427,-1.2047,-1.6719,-1.3297,1.2024,-0.69811,-0.74367,-0.72917
0.013718,-1.1893,-1.3201,-1.1048,0.91637,-1.2377,-0.64524,-0.74305
0.020574,-1.2478,-1.3671,-1.0502,0.82361,-1.1165,-0.81569,-1.0312
0.22669,-1.296,-1.3322,-0.71778,0.95705,-0.79757,-1.0554,-1.0882
-0.07041,-1.4749,-1.7627,-0.81262,0.91753,-0.74871,-0.58566,-1.0884
-0.15166,-1.5911,-1.4215,-1.1239,1.1393,-0.8201,-0.73683,-0.86558
0.050126,-1.4174,-1.2507,-1.1243,1.3626,-0.91064,-0.82677,-0.74817
-0.0060334,-1.4982,-1.512,-1.0979,1.2923,-0.87921,-0.76576,-0.70776
-0.16434,-1.3581,-1.4685,-1.0217,1.3069,-1.0369,-0.79084,-0.9111
-0.11632,-1.3068,-1.4664,-0.92979,1.0253,-1.0001,-0.72432,-0.64721
0.022229,-1.3955,-1.2514,-1.2552,1.4167,-0.6984,-1.0076,-0.8227
-0.21486,-1.4061,-1.4808,-1.0544,1.1913,-0.94174,-0.83403,-0.95478
-0.061931,-1.1902,-1.3548,-1.1017,1.2048,-0.91433,-0.86199,-0.91248
-0.17491,-1.3428,-1.4545,-0.88501,1.115,-0.87342,-0.86893,-0.57878
-0.034412,-1.697,-1.2741,-1.1099,1.1514,-0.72679,-0.87494,-1.019
-0.081198,-1.5004,-1.4466,-0.94673,1.1842,-0.869,-1.0639,-0.6348
0.28785,-1.1739,-1.5459,-0.94586,1.0634,-1.2382,-0.87539,-1.0944
-0.35887,-1.1883,-1.4607,-1.0296,1.064,-0.81524,-0.82965,-0.86409
-0.014017,-1.4867,-1.3904,-1.0289,0.87234,-1.2004,-1.0719,-0.99703
0.017731,-1.2612,-1.4163,-0.83411,1.3136,-0.88354,-0.72547,-0.93209
-0.4317,-1.6853,-1.3435,-0.92475,1.2809,-0.92986,-1.0867,-0.78626
0.11854,-1.3516,-1.0586,-0.9201,1.2979,-0.78194,-0.78195,-1.0213
-0.3309,-1.2907,-1.4564,-1.042,1.3725,-1.122,-0.83769,-0.89814
-0.049382,-1.3252,-1.0567,-1.2284,1.1621,-0.99322,-0.72927,-0.65387
0.046282,-1.1861,-0.94137,-0.80235,1.0277,-0.87334,-1.0205,-0.77536
0.21815,-1.5505,-1.2565,-0.96893,1.142,-1.2711,-0.58741,-0.82643
-0.12133,-1.4177,-1.526,-1.0234,0.91633,-0.84031,-0.83022,-0.73391
-0.13055,-1.6968,-1.1999,-0.52459,1.015,-0.90932,-0.76448,-0.95159
0.01702,-1.6895,-1.3382,-0.89937,1.0264,-0.83965,-0.72811,-0.56123
-0.46321,-1.2953,-1.6147,-0.92445,1.2173,-1.2142,-0.64888,-0.75431
-0.009975,-1.2994,-1.1306,-0.973,1.2259,-1.0427,-0.96138,-0.92615
-0.41502,-1.3836,-1.029,-1.2602,0.96057,-0.68868,-1.0643,-0.74296
-0.30809,-1.6325,-1.0002,-1.0982,1.0862,-0.69698,-0.81384,-0.59036
-0.30574,-1.5237,-1.2221,-0.96837,1.0211,-1.0809,-0.8694,-0.76437
-0.25967,-1.1889,-1.4919,-0.98186,0.99506,-0.87945,-0.78869,-0.6199
-0.12619,-1.4066,-1.3565,-1.0127,1.3557,-1.0184,-1.0206,-1.0114
-0.39503,-1.3807,-1.0565,-0.95002,0.85146,-0.73429,-1.0063,-0.31749
0.091849,-1.1177,-1.157,-1.2028,1.1073,-1.3,-0.74379,-0.77846
0.19835,-1.5768,-1.0637,-0.91973,0.93621,-0.89688,-0.8157,-1.0808
0.080631,-1.5287,-1.3767,-1.0276,1.3455,-0.75077,-1.0012,-0.59028
-0.058856,-1.3301,-1.2773,-0.88108,1.0907,-0.83983,-0.6583,-0.63293
-0.23239,-1.3054,-1.5147,-1.24,1.0594,-0.92924,-0.67889,-0.83025
-0.094213,-1.3139,-0.99291,-1.0447,1.1747,-0.97956,-0.45993,-0.75869
0.019713,-1.3372,-1.2974,-1.2062,0.87471,-0.93873,-0.57443,-0.907
-0.38211,-1.4699,-1.0945,-0.78528,1.1979,-0.90165,-1.1733,-0.85215
-0.10611,-1.6366,-1.2852,-1.0521,1.0481,-0.93835,-0.95335,-0.75499
-0.20564,-1.218,-1.0626,-0.8067,0.76475,-1.2111,-0.60701,-0.78525
0.019068,-1.4056,-0.92426,-0.87139,1.0175,-1.2377,-0.81671,-0.71318
-0.27961,-1.2902,-1.2284,-1.0172,1.1585,-1.0511,-1.145,-1.1059
-0.022608,-1.4232,-1.2292,-0.88028,1.1089,-1.0991,-0.77647,-0.78774
-0.1143,-1.3472,-1.204,-0.72548,0.81498,-0.88305,-0.67673,-0.63422
0.068748,-1.4296,-1.0648,-0.94436,1.2894,-1.0115,-0.84732,-0.43204
0.062136,-1.3385,-1.0095,-1.0822,0.91095,-1.0648,-0.95787,-0.52271
-0.082924,-1.0764,-1.0946,-0.84403,1.2252,-1.1646,-0.72031,-0.69356
-0.063546,-1.3343,-0.64525,-0.83325,0.94883,-0.90451,-0.58669,-0.7972
-0.30995,-1.7004,-1.1565,-1.2522,1.0895,-0.84715,-0.58359,-0.50719
-0.40133,-1.3033,-1.418,-1.1332,1.1654,-1.1818,-1.1795,-0.34514
-0.33596,-1.7224,-1.2418,-0.92191,0.91534,-1.3385,-1.0135,-0.73953
-0.35818,-1.4698,-1.1165,-1.1392,0.81741,-1.2833,-0.94414,-0.5626
-0.17701,-1.6725,-1.2704,-0.84212,1.2727,-1.53,-0.64891,-0.58063
0.11038,-1.371,-0.8648,-0.86936,1.0786,-1.3356,-0.63998,-0.9417
-0.14727,-1.8809,-1.199,-1.1128,0.8722,-0.95488,-0.70931,-0.72782
-0.32276,-1.1584,-1.0056,-1.1,0.8624,-0.99846,-0.86612,-0.39561
-0.45393,-1.5016,-1.0376,-1.0886,0.7274,-1.0847,-0.76163,-0.56115
0.055094,-1.2974,-1.0713,-0.78743,1.028,-1.1389,-0.93093,-0.374
0.16179,-1.4414,-1.1152,-0.96593,1.329,-1.3427,-0.93997,-0.92409
-0.015213,-1.6994,-0.82907,-1.1258,0.9611,-1.2458,-1.0058,-0.74009
-0.10142,-1.2987,-1.0599,-0.89585,1.1149,-1.0382,-0.929,-0.67945
-0.4695,-1.7746,-0.94437,-0.71697,0.89398,-1.0789,-1.2795,-0.79742
-0.30052,-1.5611,-1.2723,-1.0454,0.92769,-1.2162,-0.88555,-0.62239
-0.30182,-1.6508,-0.86151,-0.67401,1.0073,-1.1914,-0.66017,-0.70795
-0.24192,-1.2065,-1.0145,-1.0754,0.65832,-1.0403,-0.77866,-0.63377
-0.30011,-1.5481,-1.0824,-1.2726,0.69782,-1.3322,-0.77234,-0.96318
-0.0075134,-1.5687,-1.0075,-0.89933,0.72254,-1.0378,-0.55127,-0.56115
-0.27232,-1.2971,-1.0303,-0.7923,0.85135,-0.94918,-0.4881,-0.30748
-0.27875,-1.3106,-1.1772,-0.98001,1.2577,-1.0876,-0.89312,-0.57807
-0.30229,-1.467,-0.99427,-0.79591,1.0666,-1.5415,-0.55153,-0.92765
0.013679,-1.3048,-0.87644,-0.94434,1.1865,-1.3777,-0.52929,-0.77543
-0.24737,-1.3036,-0.74857,-0.71217,0.91238,-1.2421,-0.84403,-0.69135
-0.3294,-1.2152,-0.76771,-0.88554,1.2154,-1.1616,-0.67372,-0.57021
-0.20848,-1.2769,-0.86323,-1.4213,1.0179,-0.99492,-1.2127,-0.67811
-0.42345,-1.2065,-0.76843,-0.98208,0.81177,-0.9605,-0.90045,-0.49544
-0.05606,-1.464,-0.60844,-0.80252,0.61513,-1.2761,-0.93705,-0.72346
-0.32552,-1.1186,-1.277,-0.86663,1.1994,-1.165,-0.51507,-0.68437
-0.27692,-1.5939,-0.77677,-0.95178,1.0246,-0.79915,-0.88407,-0.33489
-0.43662,-1.2663,-1.0041,-1.0658,0.87945,-1.3054,-0.3173,-0.79673
-0.26459,-1.5015,-0.85074,-0.93318,1.0739,-1.2862,-0.30887,-0.42952
-0.051208,-1.525,-0.92032,-0.71863,1.0557,-1.2289,-0.86735,-0.99319
-0.34814,-1.2616,-0.97253,-1.1127,0.86117,-1.2955,-0.76457,-0.59795
0.11754,-1.6252,-0.41246,-0.86647,0.87131,-1.3839,-0.79092,-0.42581
-0.11482,-1.2898,-1.1749,-0.70439,1.3185,-1.0795,-0.85843,-0.83577
-0.19242,-1.3866,-1.1941,-0.75984,0.69312,-1.1454,-0.90303,-0.3179
-0.18686,-1.4992,-0.74139,-0.82211,0.84427,-1.1244,-0.90694,-0.64773
-0.011341,-1.7042,-0.909,-1.1924,0.7118,-1.1498,-0.91842,-0.82477
-0.79107,-1.1916,-1.1278,-0.98068,0.9385,-1.4234,-0.97264,-0.51011
-0.14165,-1.4098,-0.95584,-1.0351,1.0398,-1.0562,-0.87431,-0.72514
-0.04116,-1.3353,-1.1653,-0.77478,0.5676,-1.2969,-0.92344,-0.83279
-0.18942,-1.284,-0.90098,-1.0697,0.73971,-1.1105,-0.71141,-0.53765
-0.49424,-1.2238,-0.85246,-1.0227,1.1172,-1.2816,-0.60047,-0.23378
-0.14751,-1.4851,-1.1188,-1.0637,0.85997,-1.1349,-1.0069,-0.60424
-0.11719,-1.3792,-0.81214,-0.80275,0.79923,-1.2147,-0.78852,-0.79843
-0.20202,-1.7342,-0.98147,-0.5942,0.79931,-0.98171,-0.83301,-0.57359
0.056152,-1.546,-0.74731,-0.65881,0.66931,-0.93008,-0.88504,-0.70397
-0.43662,-1.4522,-0.71443,-0.96717,0.74624,-1.1067,-1.0128,-0.45595
-0.37031,-0.94694,-0.82171,-0.63091,0.98427,-1.5334,-0.81828,-0.54268
-0.54332,-1.5414,-1.0964,-0.75211,1.0737,-1.345,-0.75115,-0.62452
-0.13958,-1.4826,-0.72562,-0.66224,0.90502,-1.1703,-0.82604,-0.50033
-0.4287,-1.4223,-1.0433,-1.0492,0.68555,-1.1209,-0.55752,-0.75353
-0.50469,-1.4421,-1.0605,-1.0001,0.75271,-1.4123,-0.4896,-0.4325
-0.40752,-1.1758,-0.74681,-0.69795,0.52596,-1.5207,-0.98827,-0.42327
-0.31841,-1.0046,-1.1746,-1.0667,0.79333,-1.6334,-0.71602,-0.36829
-0.1828,-1.2915,-0.97577,-0.88925,0.88335,-1.485,-0.81984,-0.36489
-0.45359,-1.2209,-0.73945,-1.0162,0.96907,-1.3809,-0.99556,-0.47317
-0.30023,-1.4434,-0.77794,-0.98145,0.9133,-1.1054,-0.73158,-0.51119
-0.15128,-1.4382,-0.74928,-0.56663,0.68579,-1.2061,-0.77821,-0.36509
-0.17191,-1.6593,-0.9795,-0.95488,0.60028,-1.2164,-1.0761,-0.48092
-0.20024,-1.4208,-0.90953,-0.92432,1.0943,-1.1254,-0.82351,-0.31777
-0.25384,-1.6566,-0.72108,-0.98691,1.1211,-1.2175,-0.90706,-0.45861
-0.28006,-1.2543,-0.73714,-0.8437,0.78162,-1.258,-0.90647,-0.656
-0.44519,-1.5649,-1.136,-0.86252,0.58955,-1.478,-0.85846,-0.29534
-0.61611,-1.336,-0.64244,-0.81173,1.1246,-1.3929,-1.0407,-0.22697
-0.45023,-1.4279,-0.86228,-0.71298,0.71268,-1.4389,-0.77663,-0.42016
-0.5801,-1.3767,-0.99601,-0.53627,1.054,-1.3088,-0.67794,-0.36746
0.0054555,-1.5867,-0.87815,-0.78516,0.68585,-1.4331,-1.0771,-0.54671
-0.34302,-1.0539,-0.97039,-0.57754,0.88169,-1.3003,-0.67043,-0.80532
-0.68839,-1.3557,-0.65086,-0.77585,1.1047,-0.90018,-0.49695,-0.56982
-0.082565,-1.6342,-0.82465,-0.46206,0.84875,-1.4288,-0.9336,-0.46503
-0.63458,-1.3844,-0.57972,-0.74667,0.9599,-1.5963,-0.68601,-0.85371
-0.23797,-1.2762,-0.70381,-0.66442,0.99663,-1.4164,-1.0294,-0.46658
-0.26273,-1.4343,-0.57078,-0.93279,0.58707,-1.6508,-0.51215,-0.49764
-0.38877,-1.5288,-0.81141,-0.98989,0.8465,-1.3857,-0.97417,-0.41844
-0.38133,-1.5328,-0.64945,-0.45685,0.7935,-1.6958,-0.82513,-0.53148
-0.38819,-1.5453,-0.52263,-0.60067,0.85322,-1.6012,-0.89195,-0.54392
-0.22987,-1.3024,-0.67372,-0.58915,1.0245,-1.193,-0.7411,-0.46411
-0.27708,-1.3465,-0.38295,-0.33537,0.94344,-1.2322,-1.164,-0.36721
-0.53625,-1.1081,-0.67917,-0.72999,0.74607,-1.1186,-0.73836,-0.16705
-0.34662,-1.4359,-0.45114,-1.0366,0.85196,-1.2685,-0.79364,-0.34256
-0.49413,-1.5006,-0.75133,-0.67849,0.97257,-1.4932,-0.92097,-0.24122
-0.55119,-1.1407,-0.73295,-1.0528,0.63152,-1.3878,-0.7236,-0.35372
-0.32203,-1.1637,-0.50056,-0.73504,1.0704,-1.5743,-0.89556,-0.26471
-0.84809,-1.4693,-0.86636,-0.87534,0.99447,-1.2905,-0.8724,-0.65173
-0.35904,-1.6599,-0.33914,-0.66772,0.71828,-1.2387,-0.83304,-0.47383
0.030123,-1.2261,-0.72411,-0.80273,0.58178,-1.2759,-1.1468,-0.58957
-0.51828,-1.7309,-0.47887,-0.85081,1.0354,-1.4599,-0.77092,-0.52071
-1.024,-1.2085,-0.73107,-0.87239,0.70765,-1.0808,-0.91774,-0.43771
-0.35285,-1.3372,-0.62838,-0.82366,0.71837,-1.2854,-0.77917,-0.41057
-0.62629,-1.24,-0.87451,-0.70702,0.92228,-1.7094,-0.87914,-0.36291
-0.48114,-1.4631,-0.65331,-1.0933,0.6556,-1.5132,-1.0582,-0.43956
-0.31553,-1.077,-0.59126,-0.96057,0.6939,-1.5029,-1.0928,-0.40574
-0.040049,-1.3172,-0.58758,-0.61268,0.47569,-1.5528,-0.75664,-0.3599
-0.7425,-1.247,-0.82911,-0.68408,0.78519,-1.542,-0.71542,-0.35466
-0.6786,-1.3759,-0.48767,-0.79357,0.95345,-1.2916,-0.99227,-0.1941
-0.61044,-1.6726,-0.62253,-0.80561,0.97783,-1.2445,-0.39381,-0.65612
-0.16465,-1.484,-0.36028,-0.92205,1.0027,-1.381,-0.96851,-0.73497
-0.23116,-1.5148,-0.52273,-0.69097,0.72546,-1.5949,-0.8766,-0.25218
-0.50799,-1.4073,-0.62035,-0.90604,0.63607,-1.6547,-0.96933,-0.31357
-0.20828,-1.3516,-0.47875,-0.77613,0.53992,-1.2807,-1.258,-0.58157
-0.76939,-1.3021,-0.80823,-0.63998,0.76281,-1.3065,-0.9292,-0.43298
-0.33533,-1.2447,-0.5753,-0.45896,0.66775,-1.973,-0.7707,-0.22305
-0.37559,-1.388,-0.86204,-0.647,0.80492,-1.3615,-0.79122,-0.49201
-0.35898,-1.1128,-0.27458,-0.6658,0.54325,-1.1336,-0.78774,-0.17456
-0.38055,-1.4515,-0.50846,-0.64725,0.71569,-1.4761,-0.83646,-0.10738
-0.80081,-1.5171,-0.32002,-0.95502,0.84999,-1.7715,-1.1314,-0.33753
-0.4451,-0.87159,-0.48745,-0.54518,0.74763,-1.071,-0.9013,-0.1869
-0.22871,-1.5791,-0.65777,-0.6886,0.61649,-1.7843,-0.88016,-0.58104
-0.56629,-1.3212,-0.43107,-0.74024,0.51972,-1.5902,-0.79487,-0.2717
-0.74588,-1.4123,-0.57421,-0.49186,0.64352,-1.5272,-0.89938,-0.28767
-0.23211,-1.1439,-0.41419,-0.76258,0.80164,-1.7893,-0.96989,-0.12194
-0.58444,-1.6429,-0.84321,-0.97504,0.5426,-1.2781,-1.4688,-0.32437
-0.63745,-1.0126,-0.74836,-0.6717,0.86704,-1.4284,-0.89008,-0.2182
-0.273,-1.3022,-0.28216,-0.44674,0.97721,-1.4265,-1.1103,-0.59005
-0.59461,-1.3766,-0.45432,-0.78662,0.629,-1.7012,-1.0178,-0.35928
-0.45578,-1.264,-0.47439,-0.60103,0.25645,-1.8336,-1.0863,-0.14193
-0.71043,-1.4013,-0.5644,-0.54283,0.47609,-1.6019,-0.89892,-0.3382
-0.52261,-1.4577,-0.1822,-0.44174,0.284,-1.4885,-1.1502,-0.16029
-0.37164,-1.2853,-0.25981,-0.40417,0.5836,-1.738,-0.75022,-0.40817
-0.44558,-1.2189,-0.81927,-1.0303,0.42699,-1.4831,-1.0569,-0.20133
-0.58661,-1.3189,-0.50911,-0.36016,0.49942,-1.4654,-1.1705,-0.17674
-0.46134,-1.3744,-0.66189,-0.45418,0.72754,-1.6068,-0.8283,0.1167
-0.63767,-1.4815,-0.21487,-0.26809,0.53426,-1.6506,-0.91316,-0.31664
-0.74524,-1.4364,-0.66263,-0.66479,0.54265,-1.5768,-1.0186,0.079165
-0.33926,-1.0549,-0.28653,-0.7073,0.5712,-1.4477,-0.79997,-0.18694
-0.64072,-1.3415,-0.64666,-0.74726,0.83187,-1.5754,-0.82983,-0.16737
-0.69763,-1.1774,-0.36843,-0.63449,0.61335,-1.7952,-1.1468,-0.32558
-0.39592,-1.3346,-0.48955,-0.7304,0.40752,-1.9143,-1.298,-0.26395
-0.78234,-1.211,-0.3437,-0.61747,0.35978,-1.8154,-0.86205,-0.49668
-0.5897,-1.2743,-0.50514,-0.75672,0.65582,-1.7397,-1.1561,-0.20269
-0.68828,-1.3663,-0.74314,-0.40541,0.51439,-1.6854,-0.92852,0.20241
-0.61149,-1.5338,-0.71771,-0.53042,0.32153,-1.8108,-0.9866,-0.31586
-0.85465,-1.1339,-0.66997,-0.79005,0.54662,-1.5948,-1.1573,0.0036148
-0.56643,-1.0175,-0.093479,-0.55873,0.47923,-1.5377,-1.2412,-0.32557
-0.60416,-1.3221,-0.424,-0.28666,0.4574,-1.6695,-0.9603,-0.014645
-0.5609,-1.3588,-0.48897,-0.84509,0.73318,-1.9077,-1.3685,-0.16666
-0.52679,-1.1458,-0.50518,-0.84451,0.60228,-1.4699,-0.78777,-0.12909
-0.4641,-1.5795,-0.70954,-0.61122,0.78057,-1.4574,-1.2808,0.15302
-0.56355,-1.1156,-0.3954,-0.96442,0.79065,-1.8505,-1.0006,-0.29149
-0.54629,-1.0995,-0.67932,-0.75926,0.42638,-1.5421,-0.94795,-0.26743
-0.63193,-1.2478,-0.56612,-0.58153,0.39266,-1.6727,-1.0508,0.040481
-0.73502,-0.81679,-0.48126,-0.4396,0.5768,-1.6498,-1.1349,0.090058
-0.48508,-1.1156,-0.41321,-0.27351,0.38023,-1.8356,-1.0394,-0.32057
-0.68323,-1.5451,-0.40127,-0.76224,0.43109,-1.7606,-1.2596,0.057958
-0.50488,-1.1263,-0.073515,-0.76729,0.5173,-1.6845,-1.178,-0.074993
-0.76822,-0.96576,-0.44593,-0.57008,0.36163,-1.6837,-1.0243,-0.10222
-0.60407,-1.3652,-0.50209,-0.79043,0.55958,-1.5935,-0.95116,-0.48369
-0.3227,-1.2231,-0.20369,-0.57892,0.22259,-1.5778,-1.2121,-0.30196
-0.57924,-1.2055,-0.21767,-0.67656,0.34534,-2.0523,-1.0709,-0.37451
-0.74635,-1.3388,-0.30122,-0.79515,0.58868,-2.0631,-0.85503,0.22574
-0.72129,-0.98292,-0.68713,-0.67545,0.39331,-1.6586,-1.1107,-0.0073707
-0.85025,-1.3328,-0.34925,-0.53449,0.47117,-1.7444,-1.1334,0.094877
-0.70681,-0.82035,-0.4097,-0.50542,0.5594,-1.6645,-0.89506,-0.053103
-0.55491,-1.1065,-0.63241,-0.297,0.48158,-1.8316,-1.2201,-0.055256
-0.39103,-1.1487,-0.31119,-0.46324,0.41746,-1.88,-1.1525,-0.050891
-0.24182,-1.041,-0.37013,-0.54369,0.32987,-1.6835,-1.243,-0.14752
-0.12577,-1.3118,-0.66116,-0.83453,0.3977,-1.6544,-1.0099,-0.078273
-0.57249,-1.4219,-0.37668,-0.8541,0.51715,-2.0095,-0.90381,0.22641
-0.51867,-1.4178,-0.4231,-0.78946,0.66861,-1.6339,-0.75213,-0.17224
-0.73482,-1.1065,-0.36355,-0.69554,0.42087,-1.7221,-1.4379,-0.19686
-0.45703,-0.97173,-0.24331,-0.75411,0.41045,-1.6038,-1.0924,0.034714
-0.35877,-1.3488,-0.6676,-0.58991,0.44749,-1.8509,-0.85007,-0.073505
-1.0508,-1.3369,-0.44865,-0.69252,0.48523,-1.6027,-0.99956,0.061447
-0.59067,-0.88711,-0.46856,-0.6104,0.22147,-1.8662,-1.1027,0.21815
-0.50694,-1.2575,-0.25427,-0.63127,0.49686,-1.8432,-1.2033,0.17485
-0.60409,-1.0779,-0.4876,-0.21834,0.357,-1.8417,-0.91097,0.13428
-0.74569,-1.3368,-0.30362,-0.86229,0.55295,-1.9732,-1.1038,-0.025159
-0.85527,-1.0497,-0.75321,-0.60059,0.21703,-1.9504,-1.0799,0.23354
-0.66461,-0.99064,-0.73501,-0.51639,0.60251,-1.8042,-0.81759,-0.20952
-0.52388,-1.1268,-0.14201,-0.44991,0.1933,-2.0531,-0.98445,-0.27328
-0.32201,-1.118,-0.50525,-0.82048,0.34372,-1.6384,-1.4729,-0.11643
-0.65136,-1.1439,-0.48144,-0.54461,0.45814,-1.5623,-0.78795,-0.24078
-0.66641,-1.1048,-0.39607,-0.23666,0.38197,-1.6823,-1.2234,0.17031
-0.57831,-1.2762,-0.49535,-0.40738,0.26125,-1.7229,-1.0261,0.23268
-0.58851,-1.3986,-0.053571,-0.40813,0.23916,-1.6097,-1.5238,-0.15417
-0.70192,-1.3613,0.037787,-0.33013,0.34151,-1.8363,-1.3624,-0.089006
-0.47483,-1.2261,-0.40018,-0.70611,0.38291,-1.4497,-0.93878,-0.079396
-0.50214,-0.74665,-0.34523,-0.41557,0.13763,-1.8368,-1.2465,0.25052
-0.79659,-1.0804,-0.49672,-0.56412,0.13478,-1.7507,-1.3704,0.019716
-0.42759,-1.1332,-0.67291,-0.51339,0.13133,-1.7283,-1.2423,-0.043175
-1.0188,-1.2457,-0.53449,-0.45063,0.24716,-1.8682,-0.89185,-0.14126
-0.69855,-1.3153,-0.54743,-0.53232,0.44257,-1.5412,-1.3784,-0.093262
-0.62873,-1.1755,-0.48925,-0.37093,0.44955,-1.5277,-1.3241,0.083723
