-1.9031,-0.76252,0.22762,-1.8923,-0.93487,1.1137,0.023789,-1.2391
-1.6945,-0.052038,-0.012712,-1.5671,-1.1033,0.65961,0.091681,-1.234
-1.8053,-0.35609,0.35938,-1.9066,-1.365,0.91697,0.092723,-1.3298
-1.6618,-0.33871,0.034024,-1.7129,-1.2424,0.6987,0.09316,-0.67067
-1.9199,-0.14002,0.062943,-2.0468,-1.2469,0.87265,0.39632,-0.99944
-2.063,-0.41574,0.29288,-1.6592,-0.96896,1.3806,0.090267,-0.92819
-1.7814,-0.57104,0.1566,-1.4154,-1.2788,0.83927,0.013224,-1.1515
-2.0055,-0.46184,0.020864,-1.9821,-1.4737,0.84852,0.13969,-1.0995
-2.0195,-0.34433,0.10004,-1.3523,-1.3462,1.075,0.5333,-0.98987
-1.5428,-0.50682,0.40493,-1.4648,-1.1563,0.97236,-0.31426,-1.4754
-1.6952,-0.44959,0.37617,-1.8114,-1.263,0.87788,0.072579,-1.1825
-1.8472,-0.19829,0.22849,-2.0583,-1.1084,1.1275,0.47423,-0.93448
-1.783,-0.61328,0.48392,-1.7121,-0.91791,0.86648,0.17523,-1.2095
-1.4328,-0.63283,0.18967,-1.6933,-1.4045,0.8071,0.23184,-1.0633
-1.9199,-0.52063,0.17982,-2.2281,-1.2872,0.76635,0.18613,-1.0032
-1.6339,-0.63914,0.3237,-1.6544,-1.0037,0.97823,0.42618,-1.1432
-1.6941,-0.6907,0.17831,-1.7691,-1.0279,1.2461,-0.2538,-1.1102
-1.4871,-0.5051,-0.014605,-2.1448,-1.2246,1.2137,0.61077,-1.0522
-1.4398,-0.38847,-0.0059527,-1.8732,-1.0654,0.88167,0.040237,-1.0431
-1.6915,-0.58893,-0.15869,-1.9069,-1.2718,1.0583,0.22873,-0.8591
-1.5158,-0.70242,0.44954,-1.7531,-1.5908,1.0137,0.066907,-0.88545
-1.5462,-0.45447,0.45608,-1.9399,-0.89724,0.81715,0.30693,-0.95691
-2.0154,-0.70585,0.36975,-1.8898,-1.3481,0.97807,0.51925,-0.86457
-2.0239,-0.50886,0.070193,-1.5263,-1.1097,1.0426,0.42383,-0.94692
-1.5878,-0.39767,0.10334,-2.1041,-1.119,0.80931,0.22478,-0.69343
-1.6071,-0.19447,0.3538,-1.6929,-1.3933,0.60715,0.20588,-1.2619
-1.5782,-0.58373,0.25869,-1.5249,-1.428,0.72087,0.48853,-0.8524
-1.6148,-0.45,0.2114,-1.7881,-1.2646,1.2582,0.74284,-0.57021
-1.5199,-0.40475,-0.27746,-1.8292,-1.4876,0.90178,0.1783,-1.1167
-1.8883,-0.64977,0.17846,-2.0997,-1.3517,1.077,0.30379,-0.90908
-1.5809,-0.70904,0.27379,-1.7469,-1.021,0.8725,0.61426,-1.1321
-1.5618,-0.5788,0.19712,-1.8821,-1.4329,0.87582,0.074513,-1.2249
-1.8676,-0.54751,0.36304,-1.8805,-1.1513,0.73511,0.16823,-1.0964
-1.3298,-0.47557,0.39349,-2.199,-1.1794,0.96771,0.19555,-1.0005
-1.8474,-0.62327,0.26147,-1.6437,-1.1394,0.97016,0.13645,-1.1037
-1.634,-0.46746,0.51068,-1.7763,-1.1399,0.77123,0.38402,-1.3364
-1.4084,-0.5963,0.36612,-1.5732,-0.91203,1.0177,0.33278,-1.3167
-1.849,-0.42704,0.19954,-2.0116,-1.1866,1.2062,0.34606,-0.9963
-1.3825,-0.49084,0.31409,-1.6478,-1.1476,1.2942,0.71368,-1.0582
-1.3579,-0.55057,0.21261,-1.6255,-0.84206,0.9433,0.46997,-1.2345
-1.758,-0.68501,-0.043222,-1.3751,-1.1797,0.87331,0.30711,-1.3073
-1.4799,-0.63215,0.13619,-1.6209,-1.5027,1.0368,0.59202,-0.76474
-1.3657,-0.74727,0.42581,-1.2301,-0.83728,0.79494,0.26667,-1.1456
-1.3593,-0.61365,0.25594,-1.4744,-1.1523,0.91707,0.68265,-1.0871
-1.6983,-0.77182,0.51393,-1.6435,-0.85742,0.96401,-0.12109,-0.67986
-1.4688,-0.73338,0.13177,-1.8802,-1.0117,1.1385,0.9054,-1.1379
-1.5458,-0.78347,0.57971,-1.8555,-1.2278,0.85853,1.0489,-0.91282
-1.4508,-0.6167,0.16905,-1.579,-1.0249,1.3688,0.37453,-0.8861
-1.5573,-0.45671,0.14463,-1.8176,-1.0074,0.86585,0.78103,-1.0562
-1.694,-0.77408,0.085453,-1.5947,-1.1939,0.77566,0.344,-1.344
-1.7193,-0.67735,0.19826,-1.2839,-1.2396,0.98293,1.0273,-1.0011
-1.3234,-0.54508,0.063973,-1.6217,-1.2618,1.0381,0.33986,-0.83342
-1.5727,-0.55678,0.071768,-1.7376,-1.3698,0.98344,0.50181,-1.2128
-1.7645,-0.61262,0.445,-1.6629,-1.2675,1.3536,0.27497,-1.2838
-1.2462,-0.77614,0.053505,-1.7213,-0.83409,0.90877,0.33087,-1.189
-1.4886,-0.59715,0.088487,-1.6758,-1.1175,1.1146,0.7865,-1.137
-1.7102,-0.58697,0.14811,-1.8153,-1.2867,1.2008,0.52386,-1.4186
-1.6537,-0.81861,0.39497,-1.6297,-0.99745,1.0335,0.39882,-0.93977
-1.575,-0.9533,0.24522,-1.6987,-1.124,1.0284,0.49952,-1.3665
-1.5404,-0.78696,0.0069896,-1.7954,-1.2271,1.0689,0.33299,-0.89361
-1.3834,-0.85967,0.36558,-1.7326,-0.97289,1.2852,0.39677,-1.1835
-1.5526,-0.95841,0.22057,-1.4513,-1.0952,1.2107,0.38055,-0.87695
-1.7639,-0.73242,0.27113,-1.5872,-1.3733,1.217,0.56566,-1.2191
-1.5602,-0.61815,0.43593,-1.8046,-1.2902,1.1277,0.2135,-0.99467
-1.7059,-0.80507,0.33019,-1.6626,-1.3082,0.81867,0.88332,-1.011
-1.462,-0.7848,0.17076,-1.4956,-1.0997,0.7289,0.50132,-1.1086
-1.4702,-0.84552,0.16709,-1.7541,-1.1031,0.81308,0.39572,-1.3171
-1.2615,-0.73644,0.31193,-2.0097,-0.77812,0.44427,0.69125,-1.1021
-1.6566,-0.73248,0.30133,-1.7201,-1.2518,1.0652,0.52037,-1.1518
-1.8283,-0.41864,0.1516,-1.3784,-1.256,0.90513,0.80758,-0.74435
-1.4658,-0.6663,0.4162,-1.7517,-1.2451,1.1272,0.77106,-1.327
-1.5065,-0.91616,0.16736,-1.6742,-1.3187,1.1837,0.70431,-1.1179
-1.2673,-0.60638,-0.007708,-1.8179,-1.0645,1.3557,0.34517,-0.87864
-1.4115,-0.85149,0.14279,-1.5136,-1.3541,1.0594,0.79897,-1.0651
-1.1942,-0.87092,-0.0372,-1.6553,-1.2533,1.2058,0.87287,-1.0397
-1.7987,-0.99685,0.37652,-1.6479,-1.0459,0.82804,0.90299,-0.88997
-1.5692,-0.5545,-0.17985,-1.536,-1.1515,0.83595,0.74072,-1.1875
-1.3192,-0.4005,0.16421,-1.6285,-1.1443,1.2009,0.66934,-0.99718
-1.2314,-0.74889,0.1694,-1.6702,-1.5556,0.80437,1.0355,-1.2266
-1.5482,-0.82437,0.1651,-1.6739,-1.086,1.0322,0.60663,-1.1602
-1.0386,-0.94234,0.4538,-1.8398,-1.194,1.1127,0.9359,-1.0455
-1.2991,-1.1025,0.35991,-1.1586,-1.5671,1.4242,0.88178,-1.287
-1.2708,-0.892,0.19372,-1.4235,-1.3678,0.74165,0.82364,-0.99395
-1.2808,-0.94556,0.1779,-1.3635,-1.2616,0.96461,0.69691,-1.3223
-1.2426,-1.1165,0.26417,-1.4315,-1.1145,0.96667,1.0429,-0.82501
-1.2498,-0.98092,0.19565,-1.6454,-1.264,0.86853,0.73596,-1.0117
-1.2911,-0.88764,0.40256,-1.5919,-0.78418,0.84148,1.0912,-0.83528
-1.2889,-0.98313,0.21588,-1.5779,-1.3048,1.0255,0.94623,-1.0731
-1.1453,-0.62355,0.46207,-1.5579,-1.1248,1.2664,0.8998,-0.86322
-1.2986,-0.78313,0.031239,-1.5684,-1.3217,0.81454,0.97456,-0.7987
-1.4234,-0.91999,0.20302,-1.5709,-1.1664,0.89301,0.78087,-0.83739
-1.268,-0.99886,0.067395,-1.4146,-1.3735,0.893,0.73598,-0.96268
-1.2121,-1.0333,0.61142,-1.4111,-1.1196,0.97358,1.0068,-1.0508
-1.3008,-1.0391,0.18236,-1.2302,-1.4298,1.1717,0.99101,-0.74038
-1.3264,-0.74147,0.27021,-1.3462,-1.3145,1.0423,0.80681,-1.1504
-1.321,-0.72736,0.21247,-1.4514,-0.98085,1.2643,1.1801,-1.2894
-1.4678,-0.98153,0.29922,-1.5294,-1.0523,1.2891,0.68398,-1.1312
-1.2848,-0.81129,0.30466,-1.6101,-1.2569,1.2246,0.99248,-1.0027
-1.1369,-1.0445,-0.047999,-1.5523,-1.163,1.1128,0.83365,-0.84513
-1.1216,-1.0074,0.54063,-1.5097,-1.1812,1.5141,0.9695,-0.872
-1.1629,-1.1796,0.24284,-1.3935,-0.94685,1.0832,0.99364,-1.0168
-1.258,-0.78827,-0.065335,-1.4991,-1.0055,1.3224,0.79882,-0.88677
-1.3848,-0.83172,0.31274,-1.444,-1.2827,0.98068,0.89981,-1.0254
-1.3502,-0.92145,0.35753,-1.558,-1.015,1.0845,1.1366,-1.1067
-1.1788,-1.1392,0.072797,-1.4897,-1.5293,1.1778,0.81798,-1.0351
-0.97376,-0.99212,0.33392,-1.4831,-1.4693,1.0045,1.076,-1.286
-1.0925,-0.98886,0.1132,-1.6461,-1.3108,1.2404,0.97573,-1.1795
-1.1054,-0.84049,-0.0037103,-1.4024,-1.2751,0.88046,0.84548,-1.3164
-1.1694,-0.86092,0.31354,-1.1521,-1.4052,1.2765,1.185,-1.0525
-1.2181,-0.89586,0.26388,-1.3126,-1.1179,1.6349,0.8724,-0.89709
-1.1681,-0.73211,0.48475,-1.3662,-1.3464,1.0412,1.1246,-1.0384
-1.0179,-1.0855,0.50157,-1.4507,-1.053,1.0744,1.1438,-0.64323
-0.89718,-1.0731,0.28639,-1.4834,-1.2588,1.1859,0.91624,-1.1474
-1.1689,-0.99076,0.28272,-1.3746,-1.0391,0.97516,1.0052,-0.81681
-1.1981,-0.77482,0.11619,-1.4603,-1.2567,1.0941,0.81232,-0.99102
-1.4605,-1.1953,0.075327,-1.2428,-1.0925,1.2515,0.9649,-1.0046
-1.319,-1.3861,0.42717,-1.1785,-1.0717,1.064,1.1777,-0.71068
-1.0557,-0.88312,0.21161,-1.3214,-1.0401,1.235,0.82223,-0.81772
-0.95419,-0.86093,0.034746,-1.2351,-1.0253,1.2088,1.1992,-1.1035
-0.83299,-0.99941,0.4596,-1.4776,-1.3035,1.2658,1.0567,-0.90227
-0.79605,-0.96457,-0.051408,-1.5536,-1.0404,0.94665,1.1267,-0.85768
-0.96352,-1.01,0.49675,-1.115,-1.0762,1.3056,1.0205,-1.1034
-0.97548,-1.0496,-0.0040571,-1.2407,-1.2205,1.5813,1.1067,-1.2666
-0.85956,-1.3133,0.47373,-1.53,-1.0103,1.0988,1.2909,-1.2513
-0.72395,-0.8042,0.5488,-1.6811,-1.0317,1.1669,1.2643,-0.79837
-1.0992,-1.2743,0.21843,-1.55,-1.2642,1.2725,0.8821,-1.0232
-0.87586,-0.85231,0.32271,-1.4491,-0.88218,1.1558,1.2612,-1.0431
-1.021,-1.2251,0.51644,-1.308,-0.89631,1.3067,1.2065,-0.92506
-0.76003,-1.4326,0.18,-1.5011,-1.2508,0.95395,1.2747,-0.45796
-1.0558,-1.3312,0.078909,-1.5368,-1.0983,1.0516,1.0648,-0.87011
-0.95382,-1.2987,0.37777,-1.2568,-1.12,1.2401,1.3279,-0.87706
-0.93918,-1.3222,0.25638,-1.2536,-0.9462,1.3267,1.1274,-1.2541
-0.64392,-1.1283,0.020623,-1.1992,-1.136,1.0941,1.1137,-1.0621
-0.99262,-0.99469,0.19931,-1.5363,-0.91983,1.1408,1.308,-0.65782
-0.99909,-1.0837,0.34309,-1.1275,-1.2284,1.0976,1.1969,-1.0262
-0.78255,-1.4744,-0.18845,-1.0537,-1.0304,1.4552,1.0359,-1.0474
-1.0793,-0.96726,0.093412,-1.2983,-1.0075,1.3564,1.0817,-1.0231
-0.98423,-1.0594,0.33062,-1.5825,-0.92866,1.1004,1.0815,-0.80644
-1.0051,-1.2588,0.35051,-1.2493,-1.298,1.098,1.1964,-0.9967
-0.82308,-1.0395,0.56027,-1.1488,-0.85777,1.0056,1.3212,-1.2509
-0.98726,-1.1347,0.15635,-1.0501,-1.0226,1.2368,1.5208,-0.85655
-1.0479,-1.0616,0.35336,-1.4128,-1.024,1.0712,1.333,-0.71017
-0.9529,-1.2258,0.26231,-1.5038,-1.2806,1.4376,0.91257,-0.72008
-1.0574,-1.2178,0.44893,-1.2899,-0.73288,1.0747,1.4222,-1.2296
-1.0519,-1.5013,0.32475,-0.85913,-1.429,1.5703,1.2496,-0.95082
-1.0768,-0.97481,0.12009,-1.37,-1.0924,0.87456,1.2247,-0.72528
-0.78869,-0.98851,-0.059929,-1.2562,-0.66164,1.2441,1.2028,-0.86458
-0.95294,-1.0043,0.094443,-1.1586,-1.0248,1.0893,1.332,-0.86161
-1.0712,-1.2532,0.2703,-1.1047,-1.2196,1.2728,1.4489,-0.76239
-1.0466,-1.0024,0.3396,-1.0946,-1.2421,1.4397,1.3866,-1.2941
-0.56751,-1.037,0.10003,-0.9037,-0.89288,1.3086,1.2396,-1.0142
-0.7703,-1.3366,0.28315,-1.2729,-1.0885,1.2339,1.3361,-0.7433
-0.59589,-1.1849,0.23193,-1.2521,-0.94781,1.1512,1.5807,-1.0216
-0.8765,-1.1635,0.31625,-1.0928,-1.0932,1.3302,0.85421,-0.9925
-0.82277,-1.5725,0.27161,-1.0942,-1.1857,1.0903,1.2726,-1.0655
-0.76941,-0.88575,0.1806,-1.1802,-1.2177,1.5117,1.2273,-0.92489
-0.74949,-1.056,-0.1012,-1.4302,-1.1807,0.991,0.98279,-0.98449
-0.47873,-1.3932,0.33037,-1.1465,-1.3046,1.5415,1.4555,-0.89212
-0.87679,-1.3053,0.40714,-1.1145,-1.088,1.397,1.2296,-0.92585
-0.61567,-1.0354,0.23664,-0.93708,-0.9477,1.4615,1.1794,-1.0422
-0.80549,-1.6057,0.33404,-1.5273,-1.0659,1.4161,1.3001,-0.96938
-0.67592,-1.2664,0.1541,-1.0096,-1.119,1.4496,1.288,-0.92542
-0.46928,-1.005,0.14811,-1.0793,-1.1889,1.1196,1.2611,-0.74164
-0.62776,-1.2898,0.30329,-1.0363,-0.77396,1.3565,1.2899,-0.80079
-0.47769,-1.285,0.10298,-0.73058,-0.90029,1.2942,1.4898,-0.58569
-1.1349,-1.0683,0.26821,-0.86045,-0.84317,1.2461,1.2747,-0.97853
-0.65387,-1.518,0.050951,-1.1029,-1.194,1.0189,1.1996,-0.58925
-0.87781,-1.3447,0.49272,-0.94982,-1.1021,1.2839,1.3374,-1.072
-0.91769,-1.468,0.38742,-0.80799,-0.61605,1.4803,1.1321,-0.86126
-0.57307,-1.218,-0.0083758,-0.87461,-1.0481,1.4057,1.1966,-0.92264
-0.66747,-0.92468,0.11997,-1.1969,-0.6766,1.2738,1.4096,-0.80028
-0.74466,-1.2806,0.090415,-1.1203,-1.1056,1.6251,1.0827,-0.8417
-0.70355,-1.2321,0.39078,-1.0809,-0.85226,1.3747,1.2371,-1.0073
-0.71762,-1.2587,0.42602,-1.1428,-1.2161,1.2768,1.2761,-1.2842
-0.44651,-1.4661,0.12233,-1.294,-1.4968,1.1225,1.3395,-0.91659
-0.67815,-1.3147,0.61782,-0.7482,-0.63209,1.2304,1.3538,-0.67246
-0.63826,-1.2476,0.095596,-0.90132,-0.78118,1.1871,1.5472,-1.1719
-0.4986,-1.344,0.28551,-0.71895,-0.88642,1.4128,1.5601,-1.2607
-0.5344,-1.3748,0.38148,-0.87478,-0.85476,1.3059,1.2792,-0.81187
-0.78596,-1.6793,0.082235,-1.2246,-0.80828,1.2515,1.4979,-1.0474
-0.60246,-1.3684,0.099625,-1.0207,-1.121,1.3749,1.2081,-0.46732
-0.62434,-1.5094,0.23499,-1.0622,-0.8861,1.5039,1.2177,-0.55398
-0.78394,-1.3395,0.20492,-0.80563,-0.78165,1.504,1.3323,-0.53035
-0.83221,-1.5444,0.38907,-0.94626,-1.0416,1.2228,1.3936,-0.67194
-0.52162,-1.4953,0.44454,-1.0539,-0.83109,1.4225,1.26,-0.9347
-0.46247,-1.3828,0.19057,-1.1878,-0.50122,1.1548,0.95375,-0.80618
-0.65152,-1.0585,0.44414,-0.70772,-1.0055,1.2575,1.1996,-0.96767
-0.52177,-1.4732,0.15185,-0.76381,-0.81024,1.0026,1.3663,-0.83375
-0.6631,-1.317,0.083443,-0.93694,-0.5422,1.472,1.1596,-0.73732
-0.49226,-1.2346,0.1451,-0.77671,-0.62673,1.5594,1.482,-1.0091
-0.36496,-1.3008,0.39446,-1.0798,-1.0523,1.4932,1.027,-1.005
-0.51757,-1.4754,0.17494,-0.68835,-0.79941,1.0884,1.2778,-1.1973
-0.59315,-1.5066,0.68057,-0.93186,-0.83039,1.4691,1.3929,-0.97702
-0.70559,-1.4004,0.39478,-0.87094,-0.95159,1.3446,1.2262,-1.1565
-0.33814,-1.1994,0.36096,-0.89593,-0.96847,1.2398,1.3878,-0.82224
-0.82272,-1.0275,0.45064,-0.95489,-0.88262,1.2337,1.5891,-0.77273
-0.65176,-1.1177,0.60255,-0.97318,-1.0694,1.1798,1.1471,-0.9702
-0.78723,-1.5412,0.18471,-1.1103,-0.80752,1.5463,1.384,-0.72802
-0.59788,-1.6846,0.23409,-0.82922,-0.99651,1.5044,1.5615,-0.76612
-0.5623,-1.3636,0.4026,-1.1224,-0.78108,1.2855,1.3936,-1.1314
-0.47343,-1.0079,0.16602,-1.0582,-0.7012,1.7373,1.2791,-0.66674
-0.5724,-1.5119,0.050446,-1.0317,-0.85621,1.5063,1.2001,-0.63534
-0.54997,-1.5136,0.20125,-0.5073,-0.67977,1.7018,1.5943,-0.66625
-0.60808,-1.3254,0.16135,-1.0154,-0.83677,1.413,1.5287,-1.0538
-0.71001,-1.4932,0.066356,-0.90842,-0.59475,1.1842,0.99883,-0.85666
-0.41658,-1.4979,0.32959,-0.98522,-0.8093,1.4993,1.1713,-0.90846
-0.52934,-1.4181,-0.1525,-1.3814,-0.86841,1.1464,1.5092,-0.7608
-0.34084,-1.5321,-0.0028345,-0.65591,-0.55515,1.167,1.1117,-0.64399
-0.69833,-1.2907,0.37609,-0.78689,-0.91908,1.0716,1.4586,-0.89442
-0.58612,-1.363,0.50835,-1.2216,-0.72382,1.2292,1.3227,-0.65593
-0.56646,-1.4455,0.4478,-0.67158,-0.61559,1.2471,1.5546,-0.81642
-0.4635,-1.4752,-0.10046,-1.0153,-0.68797,1.6863,1.3266,-0.94068
-0.67284,-1.3232,0.35533,-0.90695,-0.81602,1.5745,1.4791,-0.75419
-0.3667,-1.3673,-0.013452,-0.95554,-0.78602,1.6495,1.3878,-0.62043
-0.4549,-1.5504,0.50483,-0.7134,-0.51485,1.2487,1.2441,-0.66776
-0.5116,-1.3386,-0.16295,-1.1726,-0.75346,1.151,1.6046,-0.90141
-0.60928,-1.6246,0.1227,-0.47573,-0.79448,0.88156,1.4858,-0.75065
-0.43527,-1.4234,0.2545,-1.212,-0.92106,1.2881,1.1738,-0.788
-0.43128,-1.3642,0.093301,-0.75767,-0.55387,1.2227,1.0821,-0.81327
-0.35062,-1.3439,0.12843,-0.85764,-0.73042,1.4984,1.3455,-0.93482
-0.65152,-1.5455,0.45696,-0.97016,-0.72972,1.6702,1.4626,-0.666
-0.43814,-1.2328,0.50733,-0.85815,-0.67434,1.4377,1.518,-0.7678
-0.73492,-1.6586,0.30504,-0.73032,-0.705,1.4194,1.2781,-0.55118
-0.54012,-1.4242,0.40795,-0.55398,-0.99356,1.2059,1.3228,-0.65501
-0.48489,-1.3129,0.60564,-0.83512,-1.2907,1.2574,1.4712,-0.95837
-0.21366,-1.2214,0.073444,-0.41638,-0.74807,1.5793,1.0816,-0.69624
-0.3822,-1.1625,0.25821,-0.42892,-0.77866,1.5758,1.4426,-0.9041
-0.57666,-1.3383,0.30408,-0.7223,-0.95179,1.5226,1.6277,-0.61398
-0.33316,-1.5867,0.19542,-0.53191,-0.78128,1.5529,0.98769,-0.7791
-0.50816,-1.5943,0.099654,-0.46711,-0.84323,1.2218,1.2864,-0.83402
-0.64294,-1.4869,0.14356,-0.34115,-0.62919,1.3383,1.1333,-0.99179
-0.436,-1.2246,0.31758,-0.73599,-0.87701,1.6789,1.1593,-0.88025
-0.31357,-1.6829,-2.2476e-05,-0.73265,-0.62172,1.642,1.2361,-0.75209
-0.53457,-1.5168,0.20641,-0.88562,-0.74117,1.3786,1.2245,-0.69589
-0.27891,-1.5057,0.52409,-0.72056,-0.7154,1.5245,1.2175,-0.89133
-0.7009,-1.178,0.27533,-0.73098,-0.54812,1.4985,0.88173,-0.85016
-0.46821,-1.5315,0.32158,-0.48731,-0.51483,1.4695,1.2045,-1.1016
-0.61416,-1.3653,0.27234,-0.78214,-0.67448,1.5925,1.1105,-0.73387
-0.59362,-1.6358,0.24123,-0.61592,-0.83817,1.4882,1.3101,-0.63935
-0.4736,-1.4513,0.11748,-0.61046,-0.44221,1.5774,1.3335,-0.70923
-0.55534,-1.1565,0.222,-0.5989,-0.61674,1.4612,1.345,-0.80161
-0.38308,-1.3726,0.0964,-0.29117,-0.41681,1.3805,1.3908,-0.7749
-0.27033,-1.4853,0.21516,-0.75338,-0.89463,1.6399,1.358,-0.74002
-0.53084,-1.4201,-0.11825,-0.78459,-0.89256,1.4029,1.2557,-0.75973
-0.45368,-1.4456,0.11122,-0.42157,-0.61424,1.6352,1.0966,-0.86931
-0.47487,-1.4083,0.063471,-0.49988,-1.1109,1.5215,1.1626,-0.51082
-0.60339,-1.6671,0.029659,-0.49332,-0.75774,1.4318,0.94876,-0.58178
-0.32928,-1.2893,0.245,-0.60488,-0.58399,1.3322,1.0402,-0.53945
-0.29012,-1.4523,0.12329,-0.63448,-0.64424,1.864,1.2399,-0.65607
-0.42418,-1.204,0.040274,-0.87786,-0.83827,1.7799,1.1174,-0.46461
-0.37167,-1.0116,-0.07424,-0.67752,-0.56676,1.4742,1.1167,-0.77432
-0.52021,-1.3627,0.15572,-0.67217,-0.83649,1.3918,1.1568,-1.1179
-0.3569,-1.2983,-0.13793,-0.79413,-0.73243,1.3569,1.3767,-0.59783
-0.3546,-1.3836,-0.015256,-0.6362,-0.43796,1.5546,1.7271,-0.57086
-0.36978,-1.3944,0.47729,-0.8468,-0.90039,1.7615,0.96753,-0.82237
0.016153,-1.3558,-0.027506,-0.54077,-0.66833,1.6077,1.5014,-0.60365
-0.28702,-1.1442,0.30784,-0.56948,-0.86508,1.4584,0.95109,-0.54771
-0.14311,-1.5632,-0.10768,-0.033584,-0.55472,1.3851,1.1262,-0.92239
-0.54344,-1.4313,0.26258,-0.39098,-0.69231,1.423,1.397,-1.0968
-0.43954,-1.2484,0.15769,-0.44539,-0.49371,1.3329,1.0231,-0.91637
-0.40077,-1.1916,0.16923,-0.42239,-0.36938,1.4961,0.91277,-1.0227
-0.24212,-1.323,-0.05786,-0.32948,-0.62054,1.5028,1.5388,-0.72609
-0.51629,-1.4179,0.086177,-0.62544,-0.28465,1.2826,1.0552,-0.72809
-0.14698,-1.5163,-0.24132,-0.44218,-0.72996,1.5424,1.4089,-1.0699
-0.21402,-1.5833,0.1103,-0.513,-0.25414,1.4062,1.2858,-1.0949
-0.2772,-1.8056,0.079807,-0.6393,-0.81701,1.2729,1.1353,-0.94428
-0.53208,-1.1717,0.26414,-0.27212,-0.40735,1.6631,1.1337,-0.9931
-0.49466,-1.4329,0.16459,-0.52937,-0.15459,1.5423,1.16,-0.96582
-0.095363,-1.2925,0.053109,-0.63473,-0.4406,1.3888,1.4461,-0.41598
-0.51196,-1.4041,0.13011,-0.72669,-0.46147,1.1832,1.2101,-0.36834
-0.54451,-1.5737,0.44027,-0.41204,-0.61867,1.743,1.1824,-0.52358
-0.33299,-1.4158,0.054893,-0.61674,-0.59536,1.8156,0.99391,-0.51794
-0.52816,-1.3424,0.039625,-0.26364,-0.70551,1.5675,0.84351,-0.86659
-0.1223,-1.3499,0.2847,-0.56125,-0.68084,1.7062,0.78825,-0.71902
-0.22901,-1.4633,0.0090862,-0.61623,-0.92808,1.5605,1.3134,-0.82054
-0.28645,-1.3689,-0.18766,-0.38356,-0.58948,1.5407,1.2084,-0.6279
-0.11668,-1.2915,0.1655,-0.48005,-0.38867,1.5738,1.1953,-0.81527
-0.49129,-1.4324,0.43585,-0.4288,-0.80099,1.222,0.77884,-0.68614
-0.39222,-1.3835,0.39813,-0.29933,-0.35643,1.1459,1.37,-0.34879
-0.55675,-1.3673,-0.12623,-0.60919,-0.17687,1.343,1.46,-0.68567
-0.44752,-1.4967,0.23736,-0.57903,-0.26826,1.2786,1.2831,-0.93981
-0.43094,-1.3009,0.10329,-0.4972,-0.39705,1.2946,0.97554,-0.75707
-0.4357,-1.2549,-0.47748,-0.61114,-0.47422,1.7483,1.2588,-0.86037
-0.5187,-1.6885,0.11965,-0.46751,-0.15488,1.5399,0.86446,-0.90717
-0.39976,-1.2655,-0.091547,-0.61097,-0.70795,1.636,1.0914,-0.71341
-0.34884,-1.1642,0.023498,-0.54543,-0.46772,1.4174,1.4165,-0.92268
-0.208,-1.5492,-0.075365,-0.28844,-0.40818,1.28,1.081,-0.82893
-0.44567,-1.313,0.14132,-0.65987,-0.2511,1.2782,1.3538,-0.56273
-0.14424,-1.3774,-0.045046,-0.55494,-0.14583,1.4829,1.0112,-0.78569
-0.1381,-1.4223,-0.16638,-0.53742,-0.34555,1.5761,1.1275,-0.94597
-0.45891,-1.4806,0.29928,-0.32187,-0.80378,1.5391,1.26,-0.77196
-0.093384,-1.2185,-0.34246,-0.17197,-0.51379,1.0838,0.96595,-0.67152
-0.59706,-1.6938,-0.20355,-0.70227,-0.53518,1.7952,1.2459,-0.59032
-0.35047,-1.0259,0.14576,-0.6476,-0.14463,1.4213,1.0674,-0.67341
-0.12844,-1.3888,-0.13994,-0.45217,-0.29354,1.4913,1.0081,-0.80536
-0.46411,-1.3386,0.0057446,-0.4975,-0.49064,1.3722,1.3688,-0.63578
-0.55958,-1.4886,0.042434,-0.45039,-0.27826,1.524,1.119,-0.70662
-0.43163,-1.3333,0.14955,-0.52979,-0.71327,1.3417,0.89493,-0.50394
-0.35016,-1.1935,0.17653,-0.78753,-0.47235,1.4868,1.2514,-0.84363
-0.4237,-1.2691,0.15463,-0.44429,-0.14828,1.6288,0.91481,-0.67932
-0.21967,-0.9418,0.058148,-0.16155,-0.13846,1.4157,0.967,-0.47195
-0.20551,-1.3344,-0.08819,-0.55595,0.0091322,1.2351,0.75636,-0.61463
-0.59494,-1.2443,0.1587,-0.46147,-0.46318,1.5965,0.94054,-0.91852
-0.14389,-1.4618,0.12318,-0.32928,-0.55255,1.6955,1.3758,-0.7988
-0.49151,-1.3922,0.12748,-0.55041,-0.51623,1.6712,0.9799,-0.94764
-0.3814,-1.3676,-0.029514,-0.62832,-0.63525,1.4564,1.0825,-0.5476
-0.41751,-1.2119,-0.032865,-0.36529,-0.41867,1.3166,0.8649,-0.84395
-0.14107,-1.0822,-0.20436,-0.80678,-0.2676,1.5655,0.72536,-0.77158
-0.4755,-1.345,-0.19017,-0.4512,-0.37774,1.6239,1.149,-0.61807
-0.55371,-1.0789,-0.18204,-0.44841,-0.786,1.5399,1.03,-0.8428
-0.22226,-1.2661,-0.40641,-0.50658,-0.24435,1.6615,1.1156,-0.80264
-0.26137,-1.1847,-0.032472,-0.61585,-0.40118,1.6248,0.93284,-0.84637
-0.50638,-1.4232,0.05094,-0.59221,-0.46828,1.4657,1.0082,-1.1203
-0.28399,-1.5328,0.0070869,-0.22936,-0.22448,1.4625,0.95616,-0.62331
-0.63619,-1.3671,-0.093562,-0.44208,-0.36138,1.5177,0.8932,-0.42014
-0.67548,-1.2956,-0.014326,-0.30413,-0.62453,1.5311,1.0521,-0.79419
-0.15662,-1.4483,0.24102,-0.27899,-0.52516,1.633,0.77528,-0.878
-0.50103,-1.4936,-0.030532,-0.7262,-0.48682,1.5991,0.55821,-0.80216
-0.38467,-1.3615,-0.0025621,-0.73838,-0.49671,1.6885,1.1632,-0.43277
-0.63887,-1.3641,-0.0045021,-0.48007,-0.3622,1.6958,0.90697,-0.6422
0.00071529,-1.0903,-0.044223,-0.3904,-0.3724,1.4445,1.1053,-0.48766
-0.56624,-1.2525,0.10414,-0.43766,-0.37264,1.4995,0.63598,-0.37437
-0.30608,-1.281,-0.035828,-0.60661,-0.64924,1.2732,1.0166,-0.51214
-0.47333,-1.2099,0.11715,-0.49667,-0.47521,1.6239,0.6393,-0.74003
-0.53723,-1.557,0.18504,-0.46766,-0.48285,1.7304,0.66871,-0.87545
-0.72936,-1.0803,-0.071524,-0.65675,-0.50536,1.613,1.0919,-0.43119
-0.18891,-1.1263,-0.0079846,-0.53781,-0.4802,1.6523,0.79915,-0.54985
-0.41562,-0.99918,0.08644,-0.54646,-0.57314,1.5105,0.64664,-0.68305
-0.57485,-1.2723,-0.2311,-0.49339,-0.66042,1.5014,0.9995,-0.70734
-0.36152,-0.8179,-0.084131,-0.38207,-0.010851,1.3415,1.1246,-0.45605
-0.53053,-1.4283,-0.21989,-0.27035,-0.60683,1.4408,1.1288,-0.38497
-0.59529,-1.1418,-0.060751,-0.40566,-0.53516,1.2651,0.86705,-0.49401
-0.65804,-1.2109,-0.060609,-0.19147,-0.24639,1.4649,0.9711,-0.58993
-0.75878,-1.0935,-0.095809,-0.51481,-0.31022,1.5422,1.0521,-0.65957
-0.38608,-1.2275,-0.017674,-0.49361,-0.27894,1.7408,0.96531,-0.80568
-0.34481,-1.1501,-0.20149,-0.49465,-0.49302,1.3237,0.69004,-0.33551
-0.57371,-1.2627,0.021991,-0.40695,-0.34307,1.4506,0.6936,-0.34741
-0.79886,-1.1,-0.010596,-0.73138,-0.58565,1.7667,0.39162,-0.93015
-0.38191,-1.1752,0.24302,-0.50408,-0.28687,1.5134,0.97959,-0.44898
-0.46581,-1.3451,-0.52259,-0.35903,-0.34694,1.6025,0.69757,-0.69504
-0.44397,-0.9793,0.03734,-0.2857,-0.28981,1.5499,0.70098,-0.64758
-0.28066,-1.4043,-0.14969,-0.49652,-0.51965,1.4411,0.78785,-0.89357
-0.36817,-1.2004,0.1558,-0.38782,-0.54089,1.2879,0.9849,-0.58033
-0.28661,-1.2276,-0.48876,-0.45517,-0.24944,1.3786,0.85253,-0.50416
-0.58061,-1.0815,0.067615,-0.5205,-0.23597,1.3154,0.74031,-0.63537
-0.50699,-1.0027,-0.043344,-0.57438,-0.6216,1.6868,0.85242,-0.4889
-0.44228,-0.91164,-0.29701,-0.43679,-0.24729,1.4887,0.78961,-0.27467
-0.56591,-1.2947,0.11607,-0.31489,-0.44498,1.5691,0.5395,-1.0547
-0.71668,-1.2884,0.14021,-0.42391,-0.28243,1.6723,0.63117,-0.41959
-0.29126,-1.1019,-0.09636,-0.36274,-0.37456,1.6653,0.54872,-0.897
-0.74627,-1.1813,-0.10554,-0.62269,-0.3433,1.2616,1.2349,-0.67844
-0.44738,-1.1403,0.17567,-0.35241,-0.15142,1.6109,0.96025,-0.6185
-0.68425,-0.91411,-0.097578,-0.55638,-0.2323,1.5701,0.72123,-0.94972
-0.61008,-0.97273,-0.49673,-0.3212,-0.79015,1.5606,0.74763,-0.37933
-0.32748,-0.94201,0.0094343,-0.37989,-0.23079,1.5248,0.66953,-0.68889
-0.31109,-1.1436,-0.1246,-0.66705,-0.36576,1.5237,0.63664,-0.38604
-0.60105,-0.97961,-0.35917,-0.1652,-0.79551,1.4396,0.69495,-0.65677
-0.61631,-1.1321,-0.11895,-0.5157,-0.40034,1.2331,0.74532,-0.3055
-0.75206,-1.0354,-0.23549,-0.61022,-0.42671,1.6973,0.61393,-0.57094
-0.76404,-1.004,0.18297,-0.54943,-0.31843,1.8192,0.67198,-0.39794
-0.85618,-0.97593,-0.12703,-0.59249,-0.41404,1.6038,0.5593,-0.46423
-0.45157,-0.90565,-0.11404,-0.71358,-0.33627,1.4303,0.31887,-0.79957
-0.69216,-0.9597,-0.28886,-0.52249,0.063288,1.5815,0.88133,-0.74674
-0.46089,-0.93385,-0.046386,-0.44407,-0.38743,1.3859,0.3051,-0.70051
-0.41481,-1.1472,-0.19769,-0.13488,-0.24971,1.1309,0.41388,-0.68239
-0.66641,-1.2216,0.16492,-0.27926,-0.33647,1.4915,0.48314,-0.35048
-0.45765,-0.92376,-0.34989,-0.17175,-0.12572,1.5681,0.76388,-0.6697
-0.39831,-0.73796,-0.022088,-0.86349,-0.70302,1.6117,0.82482,-0.77926
-0.68859,-1.1021,-0.24029,-0.43869,-0.46655,1.5304,0.63252,-0.44681
-0.67236,-1.047,-0.07361,-0.83529,-0.37837,1.5101,0.58264,-0.72275
-0.24902,-1.1269,-0.070169,-0.44164,-0.075413,1.348,0.86092,-0.27126
-0.48897,-0.75369,-0.22836,-0.46529,-0.37916,1.7223,0.42325,-0.60812
-0.51246,-1.1333,-0.039779,-0.63135,-0.76338,1.4623,0.3839,-0.53644
-0.71249,-0.64876,-0.16138,-0.63094,-0.44215,1.3487,0.46654,-1.1226
-0.6193,-0.82518,-0.096184,-0.32855,-0.4357,1.6653,0.80522,-0.37785
-0.52087,-1.0368,-0.075821,-0.65528,-0.36493,1.6189,0.36774,-0.30245
-0.873,-0.97342,-0.39382,-0.26075,-0.40798,1.2197,0.66655,-0.59888
-0.78669,-0.88498,0.0054178,-0.71385,-0.018868,1.4277,0.42826,-0.76318
-0.75644,-0.8854,0.36108,-0.47296,-0.52164,1.3442,0.3249,-0.22435
-0.83378,-1.1385,-0.17211,-0.47682,-0.74699,1.4214,0.63981,-0.42722
-0.52048,-0.93185,0.20059,-0.62187,-0.42961,1.6825,0.32028,-0.84556
-0.96322,-0.54335,-0.40937,-0.41862,-0.31879,1.5133,0.5172,-0.56538
-0.4507,-0.99678,-0.49288,-0.58363,-0.60318,1.2902,0.40307,-0.7095
-0.62905,-1.0201,-0.20086,-0.74953,-0.089001,1.5254,0.2298,-0.53833
-0.44779,-1.0198,-0.42596,-0.25146,-0.14476,1.1009,0.54465,-0.55197
-0.85914,-0.82493,0.045211,-0.68905,-0.57378,1.472,0.34012,-0.49346
-0.71357,-1.0242,-0.13143,-0.65081,-0.19035,1.6165,0.45254,-0.70275
-0.40824,-0.96628,-0.22353,-0.36942,-0.28046,1.5463,0.089244,-0.78398
-1.1204,-0.77404,-0.44036,-0.69461,-0.10039,1.0415,0.4389,-0.83901
-0.59988,-0.85884,-0.39559,-0.70991,-0.17892,1.4618,0.21089,-0.5331
-0.76174,-0.94269,-0.2098,-0.54017,-0.63929,1.3182,0.25098,-0.68241
-0.61044,-0.84037,-0.27969,-0.63844,-0.48973,1.5311,0.31476,-0.23919
-0.82945,-0.92697,-0.68778,-0.92465,-0.33176,1.8163,0.61879,-0.37191
-0.29108,-0.71972,-0.2529,-0.37543,-0.62095,1.5143,0.75442,-0.8134
-0.60081,-0.26048,0.0054337,-0.95674,-0.46285,1.5972,0.62523,-0.25921
-0.5425,-0.80807,-0.038677,-0.81093,-0.38493,1.3088,0.73658,-0.51591
-0.67225,-1.0952,-0.025245,-0.73754,-0.58188,1.3909,0.29155,-0.49489
-0.70011,-0.79132,-0.074171,-0.59089,-0.46228,1.4956,0.42206,-0.70172
-0.63303,-0.66358,0.019829,-0.34993,-0.24874,1.1963,0.18726,-0.70813
-0.58115,-0.78889,-0.28149,-0.63422,-0.35498,1.3276,0.25936,-0.55675
-0.78569,-0.91098,-0.10845,-0.50645,-0.24858,1.259,0.22661,-0.62797
-0.69975,-0.69013,-0.25128,-0.69148,-0.24574,1.364,0.54742,-0.46064
-0.1935,-0.70781,0.13207,-0.73921,-0.40083,1.0635,0.47365,-0.6523
-0.85421,-1.2468,-0.28398,-0.52231,-0.14556,1.5065,0.46483,-0.58485
-0.74833,-0.94121,-0.52984,-0.73464,-0.30237,1.1656,0.46967,-0.71662
-0.45302,-0.71997,0.12188,-0.79133,-0.24774,1.3779,0.26604,-0.81346
-0.41866,-0.76543,-0.41294,-0.37527,-0.70746,1.277,0.33243,-0.74787
-0.80448,-0.55127,-0.24061,-0.5452,-0.55443,1.4378,0.080634,-0.66908
-0.69748,-0.86666,-0.32476,-0.7987,-0.71039,1.3056,0.060085,-0.81662
-0.72503,-0.79051,-0.48652,-0.61999,-0.47656,1.2775,0.36038,-0.55896
-0.66477,-0.95995,-0.17659,-0.5627,-0.7382,1.239,0.37934,-0.91763
-0.73221,-0.69613,0.01165,-0.65174,-0.34409,1.3103,0.27161,-0.49399
-0.99498,-0.92325,-0.30937,-0.8103,-0.38271,1.3256,0.37381,-0.62832
-0.71513,-0.61472,-0.42654,-0.39485,-0.5055,0.90931,0.37223,-0.57592
-0.63632,-1.0972,-0.33655,-0.67361,-0.69205,1.2205,0.4594,-0.87862
-0.41028,-0.90342,-0.58372,-0.79575,-0.33632,1.304,0.26657,-0.46459
-0.98793,-0.72443,-0.26175,-0.50111,-0.49505,1.5728,0.29036,-0.76508
-0.66545,-0.73311,-0.2857,-0.67835,-0.78606,1.701,0.27535,-0.52084
-0.77281,-0.83026,-0.06954,-0.79624,-0.39116,1.4989,0.16842,-0.6535
-0.63508,-0.42824,-0.58448,-0.46333,-0.53508,1.1451,0.11701,-0.43108
-1.0042,-0.56004,-0.2311,-0.85845,-0.51201,1.3374,0.20101,-0.38236
-0.69233,-0.88668,-0.80578,-0.76171,-0.32123,1.7116,0.023049,-0.30955
-0.8054,-0.10417,-0.241,-0.44051,-0.47378,1.3644,0.45705,-0.60902
-0.72044,-0.62084,-0.42296,-0.31307,-0.60836,1.4226,0.044073,-0.80901
-0.93939,-0.80473,-0.062818,-0.97128,-0.64529,1.5142,0.10597,-0.46102
-0.76936,-0.41038,-0.3808,-0.66013,-0.39651,1.2795,0.19362,-0.81388
-0.64299,-0.84126,-0.28816,-1.1281,-0.22133,1.2574,-0.1174,-0.9902
-0.80681,-0.67426,0.11059,-0.65738,-0.45263,1.4276,0.045503,-0.9325
-0.71409,-0.78651,-0.56296,-0.68915,-0.51597,1.2491,0.20289,-0.93507
-0.91425,-0.64943,-0.39923,-0.83468,-0.59951,1.3431,-0.026253,-0.34281
-0.92928,-0.97657,-0.24473,-0.37855,-0.45834,1.431,0.32034,-0.43313
-0.66612,-0.66986,-0.45721,-0.7938,-0.87443,1.3526,0.18411,-0.52851
-0.70765,-0.45101,-0.32129,-0.86271,-0.42776,1.4123,0.25238,-0.41401
-1.0222,-0.84254,-0.38112,-1.2042,-0.62091,1.2078,0.1186,-0.59797
-0.51078,-0.382,-0.30609,-1.035,-0.31718,1.554,0.034826,-0.73883
-0.85679,-0.69561,-0.2927,-0.7113,-0.48896,1.2412,0.34759,-0.6242
-0.88019,-0.59834,-0.46877,-0.83843,-0.73425,1.4111,0.054192,-0.55135
-0.88936,-0.48842,-0.35976,-0.56746,-0.50144,0.98298,0.081459,-0.61637
-1.262,-0.55116,-0.43211,-0.67943,-0.5539,1.2588,-0.18378,-0.43737
-0.74928,-0.49998,-0.20594,-1.0253,-0.58444,1.3425,0.024954,-0.75954
-0.83333,-0.47378,-0.54455,-0.91744,-0.61428,1.7966,0.027285,-0.7052
-0.80547,-0.50726,-0.41451,-1.0753,-0.59403,1.079,-0.093105,-0.31643
-0.87694,-0.60626,-0.52974,-0.71869,-0.80924,1.3269,-0.063569,-0.7119
-0.8665,-0.64832,-0.053565,-0.94368,-0.73486,1.4417,0.077201,-0.78575
-0.84178,-0.55085,-0.27723,-0.55288,-0.80832,0.96339,0.037115,-0.76306
-0.75246,-0.050048,-0.51387,-1.0898,-0.59502,1.3049,-0.10124,-0.60585
-0.83254,-0.80108,-0.34195,-0.79914,-0.39365,1.0811,0.034332,-0.63137
-0.7805,-0.77497,-0.29732,-0.73505,-0.66318,1.1784,-0.15489,-0.98955
-0.93065,-0.78544,-0.43801,-0.95787,-0.67905,1.4525,0.10623,-0.67832
-0.97136,-0.63274,0.073754,-1.2647,-0.37478,1.1207,-0.13983,-0.90588
-1.0117,-0.55253,0.080291,-0.86227,-0.5157,1.4761,0.34572,-0.77539
-0.79763,-0.82594,-0.5948,-0.6933,-0.56154,1.2169,-0.0035025,-0.3745
-0.72978,-0.77919,-0.73479,-0.86437,-0.52943,1.4622,0.11645,-0.83846
-0.99757,-0.37063,-0.23248,-0.66399,-0.82204,1.2408,-0.097082,-0.31268
-1.2104,-0.67087,-0.44642,-0.92531,-0.81644,1.0865,0.032064,-0.55271
-0.78929,-0.4676,-0.40252,-0.89894,-0.23047,1.3116,-0.083204,-0.58462
-0.96575,-0.51306,-0.51764,-1.2308,-0.87821,1.129,0.023908,-0.65074
-1.0765,-0.18131,-0.52081,-1.2549,-0.48829,1.3191,-0.21027,-0.45259
-0.93307,-0.3881,-0.32034,-0.86591,-0.86382,1.0917,0.099861,-0.70255
-0.95483,-0.32302,-0.30203,-0.71633,-0.1948,1.292,0.098271,-0.62273
-0.98247,-0.62463,-0.36057,-0.9183,-0.53284,1.2434,0.073004,-0.68074
-1.0014,-0.197,-0.18798,-1.1441,-0.8113,1.09,0.18398,-0.71222
-0.92397,-0.2824,-0.23485,-0.67381,-0.44387,1.1065,-0.10633,-0.80837
-0.57772,-0.55651,-0.60334,-0.68142,-0.50376,1.1774,0.066624,-0.60316
-0.73431,-0.60692,-0.33851,-0.8116,-0.62463,0.90413,-0.056478,-0.33289
-0.99288,-0.50494,-0.46297,-0.97114,-0.63779,0.99473,0.11784,-0.64029
-1.0587,-0.41992,0.19722,-1.2308,-0.43279,1.024,-0.33834,-0.76723
-0.8822,-0.38605,-0.39633,-1.1368,-0.36323,1.0761,-0.066247,-0.94801
-0.84574,-0.41866,-0.52902,-0.8405,-0.38653,1.1621,0.42798,-0.78127
-0.8262,-0.3357,-0.039768,-1.2293,-0.54336,1.2279,-0.33688,-0.57872
-1.0062,-0.43371,-0.6196,-1.0369,-0.84855,1.119,0.064093,-0.52958
-0.87435,-0.49644,-0.48399,-0.93319,-0.59425,0.76376,-0.24025,-0.52147
-1.0153,-0.36281,-0.45983,-1.4324,-0.43951,1.1201,-0.32335,-0.88034
-1.3017,-0.31218,0.091159,-1.3417,-0.46907,0.98825,-0.19445,-0.69897
-0.93391,-0.38269,-0.27317,-1.3767,-0.60041,0.94348,-0.20347,-0.69431
-1.1139,-0.63158,-0.33513,-1.0074,-0.74555,1.149,-0.1225,-0.78851
-0.73168,-0.54297,-0.53437,-0.86565,-0.47401,1.0761,0.086194,-0.51301
-0.89018,-0.36013,-0.43399,-0.94679,-0.55917,1.0799,0.076843,-0.56987
-0.6195,-0.27249,-0.4791,-1.09,-0.79766,0.95113,0.096897,-1.1838
-0.69208,-0.43119,-0.26258,-1.1286,-0.7595,1.2631,-0.0085758,-0.93002
-0.8343,-0.18513,-0.68852,-1.271,-0.90616,1.4417,-0.18347,-1.0232
-0.98602,-0.56438,-0.58202,-1.2784,-0.6252,1.3979,-0.312,-0.84788
-0.7329,-0.36737,-0.23678,-1.317,-0.73577,1.2669,-0.19799,-0.58727
-0.67654,-0.34119,-0.38557,-0.94542,-0.4778,1.043,-0.34669,-0.75922
-1.0891,-0.29724,-0.68267,-1.3606,-0.83828,1.2329,-0.015994,-0.27946
-0.71432,-0.3442,-0.30292,-1.2259,-0.94802,0.96947,-0.088563,-0.82885
-1.4388,-0.57016,-0.38657,-1.3571,-0.56952,1.1292,-0.42904,-0.50197
-0.88244,-0.23913,-0.74751,-0.96526,-0.63458,1.5208,0.054491,-0.89632
-1.2318,-0.37405,-0.25396,-1.2299,-0.91742,0.88464,0.052962,-1.001
-0.97199,-0.38868,-0.36495,-0.93597,-0.5102,1.0245,0.35227,-0.64974
-1.0773,-0.27376,-0.32735,-0.94348,-1.124,0.84386,0.13326,-0.70528
-1.1585,-0.20658,-0.26612,-0.99057,-1.021,1.4192,-0.051622,-0.66735
-0.93326,-0.54284,-0.52798,-0.74197,-0.93212,1.276,0.028459,-0.56977
-0.97204,-0.14486,-0.32047,-1.315,-0.80371,1.0221,-0.16288,-0.87875
-1.1892,-0.3546,-0.64504,-1.2516,-0.56108,1.021,-0.39618,-0.66166
-0.69863,-0.62186,-0.4497,-1.2593,-0.79214,1.0334,-0.1596,-0.83962
-1.2748,-0.57464,-0.23768,-1.1392,-0.3727,1.3051,-0.50119,-0.79984
-0.71329,-0.084925,-0.24037,-1.5085,-0.38741,1.0635,-0.16062,-0.5192
-1.1404,-0.2247,-0.5084,-1.1375,-0.81374,1.0535,-0.25881,-0.69102
-1.2602,-0.26265,-0.50649,-1.2363,-0.59156,1.0855,-0.45456,-0.74286
-1.113,-0.072909,-0.45673,-0.79145,-1.063,1.1067,-0.26536,-0.85955
-1.3953,-0.37756,-0.21655,-1.2957,-0.69888,1.0178,-0.24824,-0.58163
-1.4065,-0.026515,-0.57987,-1.2792,-0.76014,0.63086,-0.36663,-1.0275
-1.1039,-0.21597,-0.48158,-1.4954,-0.91386,1.2143,-0.033251,-0.73755
-1.0302,-0.48488,-0.22589,-1.2145,-0.62186,1.2101,-0.26413,-0.55276
-1.2123,-0.394,-0.3391,-1.3887,-0.58319,0.81467,-0.14747,-0.4957
-0.90981,-0.21323,-0.42483,-1.1531,-0.64525,1.461,0.012583,-0.30802
-1.0705,-0.40661,-0.30821,-1.3421,-0.79498,0.78579,-0.13323,-0.35072
-1.2331,-0.48931,0.031179,-1.3721,-0.85082,0.89005,-0.24204,-0.93309
-0.97967,-0.52461,-0.40143,-1.3614,-0.58458,0.94424,0.089644,-0.58664
-0.89545,-0.3441,-0.25347,-1.6654,-0.96903,0.9988,-0.68663,-0.78108
-0.93644,-0.05119,-0.38442,-1.4936,-0.83046,1.199,-0.27705,-0.60222
-1.2276,-0.23139,-0.026447,-1.5166,-1.061,0.79704,-0.36919,-0.66512
-1.0583,-0.39769,-0.46704,-1.7117,-0.90719,0.92478,-0.17742,-0.58383
-1.1136,-0.2844,-0.24626,-1.3739,-0.67129,1.1612,-0.40946,-0.68669
-0.85349,-0.019072,-0.48641,-1.5779,-0.7513,1.0038,0.27251,-0.83916
-1.1211,-0.22259,-0.23514,-1.1646,-0.70789,1.2599,-0.068428,-0.79309
-1.0008,-0.23538,-0.15198,-1.5298,-1.2357,0.92236,-0.3324,-0.77208
-1.1128,-0.025934,-0.69735,-1.4695,-0.65402,0.92807,-0.17488,-0.96282
-0.74832,-0.048089,-0.44411,-1.0879,-0.80337,0.99628,-0.28198,-1.1854
-1.098,-0.18882,-0.54716,-1.5548,-1.1716,0.77962,-0.37999,-1.1643
-0.72142,-0.12523,-0.45826,-1.4084,-0.57431,1.0548,0.1391,-0.90863
-1.1167,-0.19378,-0.23018,-1.2871,-1.0241,1.3568,-0.043409,-0.48443
-0.95335,-0.25018,-0.05233,-1.3605,-0.86076,0.95006,-0.38246,-0.78875
-1.3396,-0.29787,-0.41507,-1.5516,-1.035,1.0043,-0.078854,-0.92012
-1.1879,-0.1255,-0.34437,-1.4711,-0.62728,1.1814,0.128,-0.7572
-1.0741,-0.093667,-0.42082,-1.763,-0.68329,1.1918,-0.51234,-0.51363
-0.91026,-0.17883,-0.52818,-1.2189,-0.88936,1.1128,-0.30017,-1.0658
-0.80501,-0.22819,-0.12247,-1.1922,-0.82477,0.93759,-0.21292,-0.87224
-1.0234,-0.5987,-0.46274,-1.5394,-1.0142,0.87692,-0.30049,-0.68937
-1.3217,-0.35146,-0.061441,-1.7781,-0.68873,0.90316,-0.27266,-0.60235
-1.0727,-0.13904,-0.11072,-1.5233,-1.1202,0.98287,0.014069,-0.94805
-1.3931,-0.28312,-0.41211,-1.4773,-0.79282,0.76749,-0.46989,-1.0662
-0.95147,-0.63295,-0.55326,-1.4418,-1.0864,0.70765,-0.20233,-0.38839
-1.3403,0.097396,-0.56454,-1.1476,-0.57612,0.90838,-0.44513,-0.37038
-1.3195,-0.21618,-0.64438,-1.6724,-0.79736,0.8453,-0.19022,-1.0103
-1.0015,-0.54825,-0.34437,-1.5197,-0.90476,1.1619,-0.18494,-1.0778
-0.71177,-0.17694,-0.65496,-1.0819,-0.91911,0.83159,-0.45672,-0.93366
-1.2225,-0.089539,-0.20704,-1.4175,-0.74599,1.1678,-0.34373,-0.72509
-1.1141,-0.19334,-0.39868,-1.5604,-0.83241,0.75359,0.045937,-0.57403
-1.3041,-0.14638,-0.28855,-1.5259,-1.0052,1.0982,-0.22491,-0.45157
-0.79464,-0.11633,-0.18063,-1.6585,-0.6267,0.871,-0.30629,-0.84951
-1.2383,0.0071876,-0.46512,-1.5461,-0.85308,0.93964,-0.17485,-0.76081
-1.0576,-0.32007,-0.28526,-1.6222,-0.96567,1.1437,0.30856,-0.91535
-1.2152,-0.19886,-0.46725,-1.6322,-1.1217,0.60616,-0.39445,-0.94527
-0.83495,-0.37811,-0.4698,-1.4408,-0.65679,0.84709,-0.17137,-0.78934
-1.2348,-0.33382,-0.24038,-1.3478,-0.83814,0.64973,-0.095494,-0.8716
-1.0974,-0.40845,-0.32868,-1.6754,-1.0908,1.0934,-0.12031,-0.52028
-0.96452,-0.27914,-0.40292,-1.4309,-1.1165,1.0595,-0.26351,-1.0278
-1.1461,-0.32623,-0.23963,-1.4157,-0.78851,0.8089,-0.31154,-0.6178
-1.3175,0.13495,-0.18734,-1.407,-1.0607,1.0547,-0.54494,-0.7239
-0.86715,-0.21747,-0.67728,-1.4987,-0.66609,1.1145,0.17349,-0.80937
-1.3936,-0.39929,-0.38053,-1.6713,-1.1527,1.0938,-0.0064084,-0.6038
-0.91641,-0.0098219,-0.38414,-1.2379,-1.0082,0.93678,-0.15971,-0.88108
-0.93883,-0.2135,-0.35919,-1.7333,-0.59499,0.69235,-0.027123,-0.92233
-1.0384,-0.34364,-0.51658,-1.2372,-1.0444,1.0006,-0.16545,-0.97686
-1.1971,-0.23456,-0.34057,-1.6609,-0.92101,1.1264,-0.33333,-0.61358
-0.68564,-0.016879,-0.2733,-1.8073,-1.0676,0.87307,-0.21654,-0.74295
-1.235,-0.077133,-0.7141,-1.6652,-0.96901,0.90064,0.074161,-0.71575
-0.93655,-0.082797,-0.23394,-1.6783,-1.3208,0.8103,-0.21365,-0.89107
-1.0486,-0.21102,-0.74412,-1.6693,-0.83574,1.0451,-0.37356,-0.94358
-0.89002,0.094759,-0.29977,-1.5733,-0.67573,0.87221,-0.24781,-1.1081
-0.99648,0.0092122,-0.27637,-1.467,-0.95354,0.97396,-0.24528,-0.74375
-0.83799,-0.33505,-0.021685,-1.909,-0.96145,0.89482,0.010397,-0.83571
-0.89311,0.18536,-0.44631,-1.5934,-1.0123,0.64551,-0.45501,-0.88584
-1.2838,-0.19792,-0.40218,-1.4823,-1.1513,0.58181,-0.41324,-0.77481
-1.1518,-0.21217,-0.25256,-1.966,-1.1618,0.86795,-0.044059,-0.71025
-0.74795,-0.11156,-0.46401,-1.4808,-1.1148,0.77955,-0.21914,-0.67739
-1.0265,-0.52762,-0.61847,-1.4969,-0.9874,0.82454,-0.25626,-0.6365
-0.84478,0.13262,-0.40926,-1.692,-1.2809,0.83222,-0.075371,-0.93547
-0.96763,-0.41743,-0.11051,-1.5539,-0.81333,0.85045,-0.18542,-0.72494
-0.90066,-0.23811,-0.80971,-1.3215,-0.81873,1.0515,-0.28376,-0.94864
-1.3247,-0.11397,-0.76622,-1.8786,-0.83814,0.82139,0.18855,-0.8795
-1.2635,-0.32798,-0.45548,-1.1097,-1.2023,0.69708,-0.21623,-0.93206
-1.1041,-0.26902,-0.35793,-1.6751,-1.0956,1.0401,-0.34818,-0.62059
-1.3918,-0.34296,-0.1895,-1.4456,-1.0418,1.0119,-0.16218,-0.92561
-1.0028,-0.32736,-0.92499,-1.9114,-0.87371,0.94602,0.029954,-0.90838
-0.89762,-0.0026165,-0.36858,-1.8798,-0.76543,0.57852,0.12475,-0.74413
-1.1738,-0.1461,0.21096,-1.57,-0.77911,0.9978,-0.27886,-1.0438
-1.1363,-0.40524,-0.17642,-1.3946,-1.092,0.95587,0.10057,-0.9548
-1.0348,-0.11558,-0.39612,-1.5121,-0.93979,0.90003,-0.3024,-1.0498
-0.91808,-0.36363,-0.40255,-1.8375,-0.94281,0.67675,-0.35416,-0.99216
-0.87907,0.041581,-0.60676,-1.5736,-0.80357,0.61418,-0.35599,-0.73329
-0.81971,-0.11886,-0.64699,-1.8454,-0.95902,1.0795,-0.40682,-0.66404
-1.2961,0.18334,-0.061002,-1.6217,-0.77242,1.0031,-0.01727,-0.78282
-0.78792,-0.20834,-0.3488,-2.1174,-1.2721,0.77546,-0.29128,-0.86914
-0.91472,-0.24532,-0.55891,-1.7055,-0.9769,0.3454,-0.28435,-0.59776
-1.2042,-0.017586,-0.087433,-1.9842,-1.1598,0.71688,-0.3169,-0.97765
-0.89375,0.26287,-0.49199,-1.8167,-1.4347,0.88333,-0.16369,-0.86963
-0.80857,-0.17957,-0.40026,-1.878,-1.0388,0.64468,-0.29502,-0.88904
-1.0608,-0.2167,0.085552,-2.046,-1.0383,0.72515,-0.056827,-0.99156
-0.76078,-0.0026155,-0.056227,-1.8796,-1.2969,0.75073,-0.1187,-0.72423
-0.95507,0.07877,-0.27179,-1.9272,-0.89565,0.90346,0.022466,-1.1702
-1.0592,-0.15524,-0.56827,-1.7624,-0.75442,0.89532,-0.0050766,-1.0561
-0.86405,-0.27203,-0.15724,-1.6846,-1.1855,1.1263,0.080405,-1.133
-1.2329,-0.14508,0.052512,-1.9738,-1.01,0.72279,-0.37169,-0.78474
-0.88474,-0.31863,-0.33727,-1.9344,-1.0616,0.75422,-0.11974,-0.83783
-1.346,-0.066419,-0.21641,-2.0426,-1.0883,0.78834,-0.1996,-1.0433
-1.0099,-0.1179,-0.31791,-2.1229,-1.2877,0.91503,0.095416,-0.70259
-0.98383,-0.46884,-0.15583,-1.8677,-1.0329,0.63946,-0.30385,-0.91896
-1.1021,0.084243,-0.26307,-1.7672,-1.2216,0.83065,-0.34257,-1.0812
-0.88104,-0.41778,-0.2165,-1.9264,-1.1765,1.166,-0.29125,-0.82666
-1.1059,-0.080256,-0.036782,-1.6356,-0.89931,0.80253,-0.35122,-0.88188
-1.0739,-0.01353,-0.24845,-1.9954,-1.2514,0.60245,-0.36363,-1.0091
-1.052,0.036166,-0.24423,-2.2508,-1.0629,0.89707,-0.13079,-1.0884
-0.91089,-0.30692,-0.50043,-1.9004,-1.0668,0.80965,-0.26765,-1.0043
-0.98468,-0.28221,-0.33518,-1.8576,-0.67828,0.62159,-0.075851,-1.3015
-1.0193,-0.04954,-0.1917,-2.0947,-1.3768,0.8499,-0.18099,-0.97872
-0.97679,-0.26318,-0.17372,-1.9732,-1.0251,0.48404,-0.029802,-0.96055
-0.83653,-0.18383,-0.39187,-1.7642,-0.98967,0.8177,0.037675,-0.87525
-0.99382,-0.073601,-0.37963,-1.7426,-1.1252,0.88007,-0.28673,-0.72064
-0.8385,-0.26529,-0.34072,-1.8587,-1.2075,0.77983,-0.3326,-0.93427
-1.1241,-0.1871,-0.3513,-1.9766,-1.1369,0.74898,-0.35712,-0.699
-1.2203,-0.24462,-0.05877,-1.6697,-1.2371,0.65916,0.035023,-0.69751
-1.0464,-0.44586,-0.32514,-2.2255,-1.1444,0.75472,-0.39974,-0.91047
-0.9051,-0.21449,-0.13787,-1.8855,-1.3042,0.66461,-0.041463,-0.85459
-0.91429,0.0087623,-0.54357,-1.8823,-1.0594,0.80271,-0.32885,-0.88927
-0.9929,-0.17198,-0.046687,-1.8974,-1.072,0.86703,-0.23669,-0.93031
-0.98298,-0.49429,-0.51118,-1.8026,-1.0057,0.60384,-0.24953,-0.73196
-0.74955,-0.13371,-0.3624,-1.9308,-1.2392,0.53092,-0.19948,-1.3704
-0.7723,-0.057893,-0.18162,-1.9999,-1.152,0.82933,0.20542,-0.67532
-0.47468,-0.4795,-0.033484,-1.6492,-1.2109,0.79356,0.010061,-0.84757
-1.2509,-0.14407,-0.11656,-2.1258,-1.247,0.59293,-0.087571,-1
-0.63311,-0.18359,-0.49523,-1.8283,-1.107,0.45826,0.05007,-0.68128
-0.6108,-0.28451,0.082467,-1.9439,-1.1085,0.59935,0.23046,-1.0785
-0.93269,-0.20758,-0.066897,-2.0588,-1.1232,0.95636,-0.13242,-1.0934
-0.71479,-0.51441,0.22668,-1.8425,-1.3353,0.92885,-0.34251,-1.0168
-1.068,-0.32065,-0.086043,-1.918,-0.93453,0.78776,0.032146,-0.60252
-0.86117,-0.58002,-0.10548,-2.4275,-1.1035,0.9599,-0.025252,-0.83862
-0.93197,0.12054,0.10785,-1.8174,-1.1996,0.58399,-0.40215,-0.88797
-0.94645,0.042142,-0.24095,-2.1009,-1.4063,0.83265,-0.20259,-1.1045
-0.5509,-0.3297,-0.22533,-2.2639,-0.83641,0.43506,0.18913,-0.89223
-0.74572,-0.40062,-0.12693,-2.2267,-1.8288,0.95748,-0.046036,-0.51032
-1.0418,-0.32068,-0.072829,-2.0529,-1.1145,0.67752,-0.16701,-0.89767
-0.81203,-0.16669,-0.089298,-2.0305,-1.4113,0.58745,-0.17669,-0.95869
-0.59402,0.066772,-0.14236,-1.8722,-1.1464,0.76198,-0.38196,-1.0384
-0.85377,-0.17346,-0.29459,-1.7743,-1.0513,0.34163,-0.10038,-0.94069
-0.70562,-0.067268,0.071157,-2.1541,-1.0042,0.83442,-0.11154,-0.81668
-0.59193,-0.35659,-0.25749,-2.2133,-1.4282,0.76583,0.11514,-1.0142
-0.72578,-0.30071,-0.19334,-2.2633,-0.93071,0.56238,-0.12025,-1.1862
-0.76344,-0.05625,-0.12054,-2.1066,-1.1826,0.49134,-0.26739,-0.72774
-0.71789,-0.18464,-0.095278,-2.0656,-0.90359,0.51528,-0.30892,-0.95923
-0.73292,-0.27777,-0.00050973,-1.9307,-1.0992,0.67964,0.008723,-0.8403
-0.94854,-0.69119,0.22068,-1.837,-1.3717,0.8297,-0.040402,-1.0329
-0.93573,-0.29246,0.012809,-2.1343,-0.8686,0.84701,0.16071,-1.0738
-0.85752,-0.43966,-0.26738,-1.7216,-1.1041,0.48547,-0.11331,-1.0793
-0.93567,-0.22921,-0.38237,-2.3717,-1.113,0.67115,-0.065026,-1.0861
-0.58516,-0.55685,0.22563,-1.9562,-1.1691,0.66676,0.20665,-1.2831
-0.84421,-0.33633,-0.097999,-2.1928,-1.1567,0.25873,0.0026309,-0.78477
-0.80696,-0.55477,0.012948,-2.2258,-1.4994,0.78948,0.0742,-0.8189
-0.73685,-0.37973,-0.18169,-2.2907,-1.2099,0.81788,-0.21557,-1.1974
-0.83446,-0.22346,-0.20332,-2.074,-1.2325,0.50234,-0.21729,-0.5797
-0.91717,-0.30433,-0.25653,-2.1562,-1.1459,0.62573,-0.31667,-0.68002
-0.95605,-0.074039,0.090814,-2.397,-0.95937,0.77971,-0.094905,-0.99888
-0.98722,-0.26706,0.054591,-2.1716,-1.0842,0.54742,0.14617,-0.8999
-0.84334,-0.28209,-0.061284,-1.9874,-1.2486,0.64823,0.031165,-0.93649
-0.82549,-0.27486,-0.1114,-2.2229,-1.138,0.65598,0.28232,-0.72128
-1.1134,-0.24433,-0.18822,-1.9763,-1.0969,0.67829,0.10272,-1.0941
-0.82222,-0.61483,-0.21413,-2.0202,-1.1114,0.26089,-0.15943,-0.91058
-0.81815,-0.13156,0.12843,-1.7371,-1.1493,0.70286,-0.12089,-1.2654
-0.79659,-0.5392,-0.12589,-2.018,-1.6882,0.64211,0.14696,-1.0627
-0.81467,-0.091391,0.02553,-2.0072,-1.0194,0.74942,0.01314,-0.80598
-0.80338,-0.14964,0.0065569,-2.3894,-1.1215,0.14389,-0.16362,-0.91964
-0.98256,-0.21503,-0.090412,-1.5947,-1.2633,0.77379,0.30887,-0.71265
-0.8798,-0.3481,-0.22375,-2.2956,-0.92203,0.43878,0.10395,-1.2494
-0.75066,-0.39592,0.081502,-2.2079,-1.4307,0.7938,-0.11069,-1.0191
-0.51305,-0.34016,0.40558,-2.3159,-1.36,0.69314,-0.03379,-0.66971
-0.89227,-0.4237,0.22972,-1.6652,-0.90148,0.67447,0.298,-0.92754
-0.5649,-0.6361,0.17891,-1.9546,-0.97934,0.82596,0.066276,-1.2791
-0.91143,-0.49042,0.066884,-1.8039,-0.93393,0.4197,-0.40902,-0.97281
-1.0327,-0.24637,0.11188,-2.1991,-1.0511,0.46869,0.27161,-1.1051
-0.65836,-0.37654,-0.090969,-2.0382,-1.0039,0.73015,-0.065434,-1.3192
-0.65875,-0.18968,0.16214,-1.582,-0.78051,0.55873,0.14129,-1.0795
-0.92367,-0.27753,0.0086033,-2.376,-1.3635,0.36991,0.14014,-1.3663
-1.181,-0.51788,0.19191,-1.6996,-1.1864,0.53116,0.075676,-1.0143
-0.88998,-0.90282,-0.021511,-1.8691,-1.4209,0.18576,0.051067,-1.2387
-0.6105,-0.45849,-0.22263,-2.4001,-1.2803,0.46325,0.11406,-1.2112
-0.6844,-0.3409,0.21839,-2.0719,-1.3605,0.44448,-0.087594,-0.96593
-0.59803,-0.57713,-0.054666,-1.899,-1.0471,0.64885,-0.04248,-1.0088
-0.87302,-0.78594,0.070119,-1.8424,-1.4526,0.61042,-0.1238,-0.63456
-0.67826,-0.42321,-0.044958,-1.9429,-1.2043,0.49109,0.28316,-0.92959
-0.5975,-0.57707,0.1384,-1.8878,-1.2461,0.41907,-0.0033399,-1.314
-0.67867,-0.078609,0.15632,-1.6663,-1.182,0.58015,0.15172,-1.32
-0.98603,-0.65252,-0.12583,-2.466,-0.88628,0.69628,0.35008,-0.85139
-0.67803,-0.48145,0.10161,-1.771,-1.0205,0.76992,0.2082,-1.2906
-0.38419,-0.57948,-0.042132,-2.0242,-0.91635,0.45731,0.050431,-1.2059
-0.50603,-0.58558,0.13144,-2.445,-1.3455,0.72825,-0.18444,-0.97541
-0.69535,-0.70292,0.27331,-2.0465,-1.1446,0.64311,-0.10137,-1.0669
-0.51976,-0.56652,-0.054467,-2.2592,-0.73821,0.59406,0.23935,-1.4125
-0.82842,-0.19637,0.1748,-2.1971,-1.0231,0.6178,0.09553,-1.1059
-0.35293,-0.68057,0.13521,-1.9181,-1.1988,0.64906,0.10822,-1.1011
-0.49959,-0.39591,-0.029442,-1.8432,-1.3661,0.6435,0.026913,-0.97265
-0.56544,-0.72566,-0.12123,-1.9747,-1.056,0.51726,-0.030282,-1.1875
-0.4376,-0.57429,-0.10651,-1.9542,-1.326,0.56612,0.21955,-0.83705
-0.76033,-0.7667,0.082625,-2.0559,-0.95939,0.61814,0.23585,-0.97798
-1.076,-0.80149,-0.016425,-2.2939,-1.1362,0.2983,0.26826,-0.99468
-0.67503,-0.54191,0.19003,-1.8832,-0.73018,0.47801,-0.052573,-0.91664
-0.70387,-0.23925,0.18669,-1.9735,-1.3489,0.557,-0.090322,-1.2038
-0.8812,-0.816,0.53509,-2.1274,-1.1958,0.86682,0.25897,-1.0806
-0.3773,-0.75738,0.13555,-1.6931,-1.1494,0.92272,0.48502,-1.2288
-0.46109,-0.82092,0.13147,-2.1942,-1.3505,0.39785,0.10958,-1.1155
-0.7884,-0.62968,0.18828,-1.9154,-1.3645,0.52715,0.55593,-1.0633
-0.72541,-0.41747,0.30621,-2.2716,-0.88796,0.62872,0.0020058,-1.1613
-0.39483,-0.40236,0.11527,-1.9082,-1.0942,0.57788,0.083169,-0.955
-0.69057,-0.83592,0.18819,-2.3282,-1.1371,0.52693,0.11729,-1.1178
-0.53526,-0.59676,0.093569,-1.687,-0.76065,0.98123,0.278,-1.0993
-0.24594,-0.56556,-0.29245,-2.2014,-0.76366,0.51264,-0.0046527,-0.92406
-0.53086,-0.33249,0.020207,-2.1361,-1.0057,0.46638,0.35242,-0.82222
-0.60312,-0.52179,0.042573,-2.0264,-1.1934,0.47398,0.1093,-1.5272
-0.70055,-0.69308,0.19277,-1.868,-1.12,0.34799,0.19388,-1.0663
-0.54839,-0.84218,0.52783,-1.9292,-1.0915,0.48237,-0.098208,-1.3864
-0.65478,-0.4899,0.1424,-1.998,-1.1854,0.63152,0.28953,-0.87943
-0.68592,-0.66666,0.22972,-2.1943,-0.88234,0.41745,0.069744,-0.77495
-0.46651,-0.87114,0.048315,-1.7638,-1.0792,0.66096,-0.11417,-1.1479
-0.47863,-0.72112,0.16191,-1.9809,-1.1493,0.61189,0.062521,-0.96486
-0.43257,-0.32685,0.073941,-2.1071,-1.1114,0.55108,0.18545,-0.88302
-0.26975,-0.33979,0.13344,-1.9668,-1.0814,0.57135,0.28537,-1.0849
-0.094474,-0.76669,0.095951,-1.9665,-1.2317,0.39161,0.097606,-1.3626
-0.59589,-0.557,0.4131,-1.6029,-0.88018,0.76104,0.27957,-1.3862
-0.76768,-1.1174,-0.0064194,-1.984,-1.0886,0.56027,-0.038801,-1.1149
-0.64218,-0.70379,0.19061,-2.0704,-1.0987,0.83989,0.21219,-0.9919
-0.52307,-0.77097,0.20426,-2.0938,-0.95675,0.43541,0.15135,-1.1602
-0.65157,-0.38299,-0.19045,-1.7746,-0.81814,0.44958,0.13645,-1.026
-0.45513,-0.85737,0.23076,-1.9204,-0.91202,0.52309,0.075157,-1.0924
-0.58622,-0.67874,0.35714,-2.1807,-1.192,0.61032,0.22787,-1.1178
-0.13348,-0.8388,0.051465,-1.936,-1.0954,0.59953,0.26739,-1.0055
-0.45712,-0.61127,0.16665,-1.9973,-0.78929,0.62812,0.068317,-1.2441
-0.19762,-0.70542,0.23277,-1.8664,-1.0202,0.59673,0.022622,-1.1995
-0.20979,-0.87836,0.081034,-1.8489,-1.1098,0.44013,0.23654,-1.4539
-0.64435,-0.66176,0.34384,-1.8883,-1.186,0.53678,0.17332,-0.99184
-0.49202,-0.58623,0.30676,-1.646,-1.2356,0.45386,0.38128,-1.2476
-0.52702,-0.59251,0.2021,-2.1757,-1.4415,0.42513,0.40246,-1.3914
-0.37909,-0.7099,0.22768,-2.2182,-1.1164,0.50287,0.044283,-1.4277
-0.63032,-0.86303,0.20474,-2.0113,-1.0073,0.45684,0.040423,-1.0742
-0.094613,-0.9066,0.279,-1.9109,-1.0327,0.41511,0.32511,-1.1224
-0.34397,-0.77308,0.079739,-2.2276,-1.0557,0.4032,0.056553,-1.2132
-0.46013,-0.62148,0.1889,-2.0581,-1.1609,0.81847,0.096717,-1.1219
-0.71127,-0.95643,0.25161,-1.6765,-1.2492,0.1043,0.56917,-1.112
-0.77703,-0.57553,0.1203,-1.8945,-1.0072,0.71185,0.16107,-1.1469
-0.23518,-0.6455,0.44817,-1.5959,-0.94543,0.59229,0.64505,-1.169
-0.5538,-0.74179,0.35673,-2.0732,-0.94245,0.56532,0.43861,-1.3609
-0.44724,-0.81468,0.054479,-1.7894,-0.71469,0.73422,0.35599,-0.86613
-0.63441,-1.3621,0.33865,-1.9135,-0.97899,0.4857,0.7324,-1.1206
-0.55875,-0.59955,0.24269,-1.5887,-1.0452,0.41341,0.34154,-1.3615
-0.30596,-0.84637,0.34429,-1.7004,-1.1239,0.28391,0.75695,-1.2152
-0.23647,-0.99893,0.18473,-1.83,-0.98209,0.64432,0.28125,-1.2646
-0.30865,-1.0725,0.4851,-2.0527,-0.96118,0.54409,0.36033,-1.3399
-0.48537,-0.85231,0.32215,-1.7679,-0.94064,0.63666,0.034803,-1.1845
-0.18227,-1.0415,0.5175,-1.9286,-1.2344,0.40145,0.30654,-1.2865
-0.35441,-1.1245,0.26008,-1.939,-0.57473,0.51075,0.27872,-1.0872
-0.28649,-0.91291,0.41097,-1.8706,-0.6802,0.56867,0.31431,-1.181
-0.32678,-0.72411,0.21065,-1.3053,-1.0433,0.66755,0.32821,-1.3618
-0.38554,-0.8892,0.34939,-1.6224,-1.046,0.42525,0.27267,-1.3028
-0.51433,-1.0912,0.37361,-1.7029,-1.0083,0.67373,-0.023353,-1.7567
-0.15986,-0.73748,-0.014545,-1.9785,-0.97223,0.79448,0.29455,-1.1742
-0.76153,-1.0142,0.24705,-1.8468,-0.98693,0.51317,0.408,-1.0685
-0.14442,-0.76945,0.60042,-1.8719,-1.0194,0.81573,0.33608,-1.2332
-0.3495,-0.83379,0.24337,-1.622,-0.81862,0.365,0.34475,-0.9927
-0.14967,-0.9217,0.42783,-1.9725,-0.95781,0.55667,-0.00189,-0.95969
-0.55494,-0.87059,0.16721,-2.0535,-0.91371,0.49723,0.43471,-1.0398
-0.17069,-1.3295,0.64342,-2.0324,-0.97568,0.69091,0.59686,-1.4032
-0.42854,-1.1596,0.33747,-1.8764,-0.89885,0.37046,0.44809,-1.3907
-0.27616,-0.92958,0.29358,-1.8392,-1.0582,0.66169,0.25459,-1.3454
-0.14231,-0.71594,0.39575,-1.6929,-1.18,-0.012753,0.14955,-1.2521
-0.29694,-0.83468,0.45546,-1.8684,-0.72865,0.37644,0.17537,-1.2233
-0.45091,-1.1555,0.54901,-1.4768,-0.96767,0.84281,0.48631,-1.1984
-0.17494,-0.98386,0.12251,-2.0861,-1.032,0.71387,0.24857,-1.2093
0.13472,-1.0844,0.49521,-1.9421,-0.60414,0.67769,0.20038,-1.4863
-0.18861,-1.158,0.70668,-1.8029,-0.80565,0.70371,0.68616,-1.6178
-0.55398,-1.212,0.34037,-1.8142,-1.0048,0.78036,-0.009221,-1.5531
-0.26474,-1.1878,0.11731,-1.5642,-0.75792,0.63399,0.050459,-1.2268
-0.41519,-1.014,0.68174,-1.4265,-0.93194,0.45278,0.64758,-1.4601
-0.32911,-1.2,0.62296,-1.6867,-0.59454,0.49384,0.31257,-1.4053
-0.28563,-0.91125,0.30351,-1.6467,-0.97102,0.47054,0.26479,-1.3621
-0.13995,-1.6153,0.48821,-1.7233,-0.95636,0.59427,0.23027,-1.2605
-0.12307,-1.3247,0.72619,-1.4707,-1.1403,0.821,0.46435,-1.3211
-0.44644,-1.353,0.48088,-1.7439,-0.81898,0.85284,0.34497,-1.3888
-0.01051,-0.89952,0.34951,-1.72,-0.93937,0.41969,0.36167,-1.2077
-0.55843,-1.4465,0.58209,-1.6635,-0.98377,0.257,0.042684,-1.2917
-0.18877,-1.5436,0.29837,-1.4801,-0.93419,0.3977,0.29691,-1.2489
-0.43317,-0.99537,0.71809,-2.0619,-0.80584,0.4932,0.33573,-1.2272
-0.29119,-1.1744,0.50067,-1.704,-0.86508,0.66858,0.2015,-1.5907
-0.55825,-1.1716,0.41747,-1.4386,-1.1228,0.3393,0.66432,-1.1276
-0.31436,-1.3851,0.33153,-1.6111,-0.87412,0.55329,0.31188,-1.3588
-0.4415,-1.0388,0.5004,-1.4603,-1.0104,0.27015,0.56677,-1.385
-0.34847,-1.441,0.42921,-1.7833,-0.53469,0.45875,0.13886,-1.2021
-0.22963,-0.98176,0.57983,-1.5513,-0.72171,0.39144,0.52924,-1.3048
-0.21949,-0.98722,0.86186,-1.585,-0.72764,0.38418,0.53094,-1.3654
-0.40544,-1.109,0.5302,-1.8804,-0.98337,0.89772,-0.042219,-1.1517
-0.043189,-1.259,0.82607,-1.6934,-0.66125,0.23371,0.24549,-1.1702
-0.37156,-1.6297,0.40205,-1.4921,-0.83424,0.61,0.26368,-1.2217
-0.37787,-1.3702,0.55821,-1.3678,-0.83214,0.22278,0.11163,-1.5501
-0.21011,-1.5242,0.52601,-1.4918,-0.91588,1.004,0.58925,-1.2385
-0.033703,-1.3782,0.33274,-1.4876,-0.4986,0.60678,0.44182,-1.3962
-0.14264,-1.2884,0.47537,-1.2245,-0.96327,0.35914,0.30812,-0.94981
-0.2335,-1.4899,0.24505,-1.5542,-0.71757,0.53349,0.40388,-1.0924
-0.20053,-1.1584,0.73616,-1.6676,-0.92515,0.53375,0.47738,-1.3565
-0.13705,-1.1664,0.63693,-1.3956,-0.42093,0.68993,0.46167,-1.0864
-0.19813,-1.0828,0.45209,-1.6966,-0.51741,0.72866,0.35278,-1.2329
-0.12803,-1.2844,0.74349,-1.6099,-0.66159,0.4336,0.20524,-1.2457
-0.080664,-1.4394,0.45903,-1.6889,-0.77642,0.45463,0.10168,-1.2512
-0.205,-1.0727,0.69185,-1.5677,-0.53254,0.43046,0.33389,-0.97377
-0.046312,-1.2138,0.67993,-1.4118,-0.84942,0.56558,0.51725,-1.1729
0.070598,-1.4178,0.92421,-1.7701,-0.83594,0.47187,0.29661,-1.3354
-0.16342,-1.1869,0.58982,-1.4777,-0.72198,0.1892,0.37616,-1.4831
-0.38484,-1.3494,0.43706,-1.4523,-0.90783,0.8741,0.4085,-1.2812
0.0022361,-1.7026,0.52163,-1.579,-0.59226,0.70197,0.34469,-1.3713
0.14007,-1.3682,0.42679,-1.2004,-0.8698,0.7795,0.60194,-1.3246
-0.49573,-1.4419,0.43897,-1.5452,-0.7513,0.37176,0.65577,-1.2138
-0.32499,-1.56,0.52029,-1.6931,-0.53826,0.64565,0.25828,-1.5405
-0.11387,-1.1272,0.40165,-1.4625,-0.78407,0.65491,0.44208,-1.2198
-0.27743,-1.4455,0.86294,-1.4886,-0.64043,0.84303,0.3161,-1.2415
-0.024018,-1.2622,0.63849,-1.6002,-0.92024,0.51539,0.45728,-1.1755
-0.24336,-1.1842,0.85426,-1.802,-0.39486,0.40845,0.50854,-1.1224
-0.28555,-1.5008,0.33773,-1.4051,-0.57942,0.36565,0.28564,-1.1277
-0.1138,-1.3182,0.65945,-1.3815,-0.64585,0.8006,0.50494,-1.5362
-0.29299,-1.4384,0.59783,-1.4184,-0.72936,0.44387,-0.18933,-1.4939
-0.48239,-1.2777,0.68544,-1.521,-0.87402,0.14425,0.32309,-1.2402
-0.28246,-1.2916,0.80547,-1.3265,-0.75108,0.36497,0.21712,-1.512
-0.34822,-1.5566,0.83791,-1.0583,-0.58585,0.63184,0.32518,-0.99878
-0.37405,-1.5691,0.58035,-1.6239,-0.63809,0.56541,0.47467,-1.367
-0.19525,-1.4481,0.84147,-1.4967,-0.8425,0.293,0.40623,-1.253
-0.25192,-1.3261,0.51036,-1.5327,-0.54957,0.65309,0.24233,-1.6938
0.022919,-1.385,0.88962,-1.1092,-0.75639,0.49568,0.16734,-1.3944
-0.049485,-1.398,0.65245,-1.5686,-0.28482,0.70742,0.37906,-1.4133
-0.078091,-1.5004,0.64754,-1.5991,-0.75502,0.46292,0.20579,-1.5789
-0.2281,-1.2184,0.65955,-1.5307,-0.68475,0.80255,0.01703,-1.1969
-0.2446,-1.678,0.42868,-1.3502,-0.72932,0.40594,0.47299,-1.6385
-0.091167,-1.3793,0.54394,-1.3379,-0.67673,0.504,-0.062328,-1.6115
-0.026685,-1.3452,0.7415,-1.231,-0.75059,0.52679,0.37979,-1.303
-0.15864,-1.2228,0.4462,-1.7546,-0.49389,0.69638,0.55739,-1.3472
0.15313,-1.6901,0.35886,-1.2759,-0.5829,0.41324,0.58123,-1.0362
-0.14499,-1.4918,0.52426,-1.3283,-0.4409,0.79981,0.66229,-1.2476
-0.21049,-1.4142,0.45155,-1.0888,-0.38413,0.62768,0.13063,-1.3595
-0.028785,-1.5977,0.37428,-1.25,-0.72983,0.69445,0.22074,-1.4187
-0.68991,-1.6141,0.47767,-1.57,-0.51788,0.71788,0.30534,-1.2145
-0.020505,-1.332,0.64531,-1.284,-0.46569,0.51515,0.20259,-1.313
0.02864,-1.6648,0.48421,-1.5597,-0.80488,0.60202,0.63939,-1.2825
-0.34468,-1.361,0.27838,-1.3465,-0.88399,0.52097,0.15796,-1.4089
-0.081307,-1.6457,0.82899,-1.3872,-0.52776,0.40115,0.50516,-1.2961
-0.20667,-1.3459,0.88452,-1.1918,-0.81601,0.4754,0.092694,-1.1378
0.022733,-1.774,0.67877,-1.2159,-0.35643,0.78418,0.43548,-0.92481
0.019872,-1.5296,0.51357,-1.2772,-0.72418,0.49527,0.63612,-1.3836
-0.21852,-1.9162,0.81934,-1.6642,-0.37389,0.41283,0.0014488,-1.3016
0.2032,-1.5955,0.69749,-1.2251,-0.4936,0.47194,0.3201,-1.2454
0.15326,-1.2521,0.7859,-1.4691,-0.36118,0.88212,0.36433,-1.4116
-0.20627,-1.2984,0.88079,-1.2605,-0.19552,0.49165,0.17977,-1.3601
-0.13412,-1.4961,0.65893,-1.1941,-0.59338,0.51665,0.23817,-0.89626
-0.24387,-1.5592,0.68135,-1.2203,-0.71807,0.58117,0.23652,-1.3182
-0.10471,-1.5365,0.65368,-1.1845,-0.66169,0.38899,0.2861,-1.3722
-0.12276,-2.0783,0.85685,-1.1291,-0.81055,0.57966,0.4039,-1.2132
-0.041205,-1.6422,0.65633,-1.3557,-0.32319,0.45963,0.21908,-1.2579
-0.28619,-1.4317,0.94773,-1.1616,-0.46172,0.69364,0.21882,-1.4444
-0.068255,-1.6581,0.55174,-1.1646,-0.53207,0.36397,0.38906,-1.482
-0.12816,-1.8048,1.0182,-1.2307,-0.32819,0.60581,0.19419,-1.0565
-0.095051,-1.3966,0.43704,-1.2881,-0.65572,0.47522,0.26612,-1.4496
-0.047232,-1.5726,0.57591,-1.2965,-0.35644,0.37072,0.38469,-1.2301
-0.036792,-1.4914,0.83803,-1.2529,-0.33855,0.88456,0.38439,-1.3064
0.023072,-1.6389,0.8315,-1.5352,-0.44141,0.46893,0.30766,-1.143
-0.32515,-1.2517,0.5893,-1.3676,-0.20854,0.771,0.2397,-1.0823
-0.10074,-1.8944,0.81267,-1.1472,-0.41515,0.60206,0.43066,-1.1729
0.074386,-1.5664,0.91555,-1.2815,-0.53617,0.52998,0.060525,-1.2831
0.12813,-1.7498,1.0278,-1.324,-0.32916,0.34921,0.31186,-1.4192
-0.12208,-1.8998,0.44438,-0.86187,-0.41655,0.77251,0.54741,-1.3654
-0.32267,-1.6422,0.79554,-1.0944,-0.62746,0.65172,0.54569,-0.89635
-0.12563,-1.7182,0.6672,-1.0934,-0.10384,0.52022,0.64612,-0.8698
-0.11529,-1.7366,1.0203,-1.2041,-0.48764,0.68606,0.67886,-1.0556
-0.47315,-1.8789,0.60144,-1.4088,-0.53953,0.55972,0.024124,-1.3362
-0.0081039,-1.5925,1.0311,-0.97593,-0.69331,0.77358,0.20771,-1.257
-0.029877,-1.6081,0.88746,-1.1752,-0.27797,0.80143,0.45604,-1.346
-0.14148,-1.8573,0.81911,-1.1553,-0.61345,0.68881,0.26245,-1.3068
-0.16707,-1.66,0.51412,-0.78137,-0.52072,0.59428,0.76876,-1.0793
-0.19694,-1.6729,1.0206,-1.6584,-0.44704,0.80036,0.26287,-1.472
-0.052918,-2.1584,0.89059,-1.1225,-0.69299,0.22265,0.14753,-1.2202
0.22231,-2.0079,0.8021,-1.0521,0.18657,0.54693,0.49859,-1.1062
0.072912,-1.8384,0.81744,-1.3306,-0.043032,0.53136,0.22107,-1.3196
-0.22972,-1.9043,0.80785,-1.1538,-0.42498,0.62093,0.28837,-1.5192
-0.24794,-1.6539,0.81525,-0.92066,-0.43934,0.61117,0.47979,-1.4545
-0.033568,-1.9075,0.60129,-0.96126,-0.47369,0.83138,0.37147,-1.078
-0.12055,-1.8171,0.99625,-1.1045,-0.37652,0.51106,-0.12689,-0.94154
-0.33058,-1.794,1.0209,-0.84001,-0.25762,0.39846,0.36655,-1.3456
-0.1007,-1.9683,0.74268,-0.84526,-0.55569,0.16531,0.060165,-1.2151
-0.0041251,-2.0737,0.8776,-1.0164,-0.57359,0.84255,0.43021,-1.4288
-0.14813,-1.9559,0.86839,-1.0878,-0.60871,0.58413,0.49875,-0.94999
-0.011493,-1.9021,0.96357,-0.8846,-0.62898,0.70797,0.53374,-1.2163
-0.2724,-1.8931,0.88851,-1.2714,-0.79064,0.85829,-0.103,-1.6094
-0.12555,-2.0939,0.82151,-1.0449,-0.51831,0.64493,0.023154,-1.1319
-0.18333,-2.0159,0.78626,-1.1507,-0.51084,0.45823,0.095284,-1.3484
-0.24927,-1.6918,0.62435,-1.0795,-0.34206,0.7661,0.33884,-1.2084
-0.20733,-1.7268,0.49432,-1.0581,0.048708,0.68263,0.29272,-1.0713
0.079635,-1.8964,0.80218,-1.0193,-0.29839,0.8165,0.27901,-1.2634
-0.10915,-1.9053,0.38566,-1.0731,-0.42821,0.71471,0.50389,-1.0682
-0.17826,-2.0726,0.9344,-1.0556,-0.0029157,0.48588,0.18987,-1.1865
-0.12787,-1.6679,0.78448,-1.0327,-0.40018,0.6603,0.022534,-1.1896
0.017574,-1.9767,0.95685,-1.095,-0.44451,0.36352,0.079811,-1.6495
-0.18718,-1.9378,0.91595,-1.1719,-0.83143,0.51465,-0.097531,-1.6192
-0.22136,-2.0485,0.63693,-0.99248,-0.28199,0.70318,0.021034,-1.4627
0.030833,-1.7668,0.34818,-1.128,-0.13185,0.37337,-0.16135,-1.3547
-0.14531,-1.7064,0.34952,-1.0149,-0.12517,0.67726,0.092498,-1.8372
-0.12862,-2.0851,0.9171,-0.70986,-0.26824,0.6906,0.11473,-1.357
-0.073068,-1.9466,0.80315,-1.0962,-0.31321,0.87059,0.22821,-1.574
0.030204,-2.0229,0.92162,-1.1154,-0.4058,0.71409,0.2412,-1.2943
-0.20249,-1.6833,0.71521,-1.0957,-0.54194,0.94174,0.36603,-1.343
-0.043933,-1.7878,0.82547,-1.0375,-0.30333,0.8822,0.24167,-1.4517
-0.41661,-2.1259,0.32871,-1.3152,-0.16081,0.83153,0.2114,-1.4085
-0.3572,-2.135,0.45544,-1.4355,-0.093996,0.63163,-0.12316,-1.2275
-0.092688,-1.7305,0.64761,-0.97409,-0.44936,0.90826,0.37058,-1.7554
0.1216,-2.0526,0.85227,-1.1018,-0.54708,0.69425,0.44169,-1.3777
0.064856,-2.2549,0.65302,-1.1139,-0.13632,0.71692,0.26174,-1.2783
-0.19086,-1.9911,0.68591,-0.86728,-0.20851,0.77173,0.14231,-1.5243
-0.14348,-1.5962,0.8353,-0.99498,-0.16246,0.8925,0.1962,-1.5864
-0.17266,-2.0951,0.83853,-0.91218,-0.37909,0.5965,0.25483,-1.2924
-0.0029005,-1.8669,0.90239,-1.0961,-0.29837,0.76022,0.16736,-1.0173
0.11382,-1.9878,0.99257,-1.2079,-0.084556,0.63563,0.20074,-1.7484
-0.089056,-1.7667,0.62612,-0.60162,-0.12959,0.21743,-0.049802,-1.3226
-0.027347,-1.8798,0.86211,-1.0324,-0.24429,0.9178,0.1509,-1.2859
-0.44372,-2.2389,1.0827,-0.78364,0.12651,0.66132,0.11471,-1.6266
-0.23291,-1.854,0.92888,-1.0415,0.060457,0.91445,0.046858,-1.1882
-0.31676,-1.8814,0.97108,-0.85569,-0.13167,0.78654,0.58391,-1.3087
-0.021847,-2.1473,0.73108,-0.71214,-0.3026,0.63116,0.11261,-1.572
-0.23217,-1.863,0.71725,-1.1521,-0.28792,0.99716,-0.15955,-1.6317
-0.40039,-2.2743,0.762,-0.93037,-0.32993,0.66812,0.14596,-1.1622
-0.01159,-1.8902,0.71008,-0.84661,-0.39386,0.80376,0.14816,-1.1062
0.048005,-1.7875,0.86907,-1.0222,-0.14909,0.7234,0.24998,-1.2756
-0.20048,-1.9935,0.9851,-0.76094,-0.095267,0.50628,-0.056204,-1.2282
-0.39783,-1.9817,0.59951,-0.53573,-0.068575,0.73447,0.20256,-1.1911
-0.083896,-1.6575,0.69575,-1.1096,-0.0068536,0.86961,0.30326,-1.4545
0.0016041,-2.2377,0.9156,-0.61569,-0.08309,0.65352,0.0028235,-1.5062
-0.32879,-1.9973,0.55729,-0.7887,-0.26162,0.30816,-0.096905,-1.4939
-0.27569,-1.5323,0.75243,-0.61995,-0.29642,0.86824,0.059205,-1.4089
-0.37247,-1.9213,0.60083,-0.9236,-0.58001,0.55536,0.23383,-1.3647
-0.18011,-2.2041,1.0138,-0.94001,-0.21189,0.40066,-0.030023,-1.284
-0.049582,-2.2701,0.8206,-0.9194,-0.28886,0.27317,-0.094595,-1.0505
-0.1146,-2.0496,0.54575,-0.86996,-0.1315,0.78952,-0.12468,-1.1376
-0.25179,-1.8884,0.63111,-0.87029,-0.23,0.91334,0.16984,-1.2826
-0.14024,-1.995,0.80024,-1.1645,-0.44669,0.68966,0.17745,-1.3672
-0.27045,-2.1586,0.38611,-1.1889,-0.262,0.6429,0.13504,-0.95646
0.0069221,-1.4569,0.75668,-0.86308,-0.058634,0.92884,-0.07638,-1.223
-0.073673,-2.1918,0.802,-1.0262,-0.39817,0.46429,-0.17932,-1.4168
-0.15183,-2.0481,0.7806,-0.96511,-0.065149,0.6683,-0.067792,-0.91845
-0.25029,-2.177,0.7905,-0.84485,-0.28804,0.72826,0.01818,-1.4928
-0.041067,-1.86,1.2536,-0.68892,0.26681,0.86222,0.25759,-1.3923
-0.34704,-1.9377,0.93658,-1.3896,-0.11665,0.65547,-0.010871,-1.0121
0.14412,-1.9856,0.96305,-0.90229,-0.063011,0.78638,-0.20824,-1.052
-0.20693,-1.7451,0.50662,-0.80654,-0.56502,0.83884,-0.065882,-1.0886
-0.10956,-1.9604,0.81473,-0.8923,-0.24138,0.67867,0.20544,-1.4859
-0.36229,-1.9976,0.89612,-1.0497,-0.13333,0.84537,-0.062393,-0.98953
0.13248,-2.0693,0.95175,-0.77689,-0.27734,0.84599,0.14118,-1.0835
-0.1458,-2.1382,0.77767,-0.76556,-0.078133,0.67878,-0.12638,-1.1973
-0.16815,-2.1824,0.31469,-0.73156,-0.36124,1.0047,-0.24759,-1.4654
0.13363,-1.8805,0.78858,-0.97224,-0.32206,0.66099,-0.073083,-1.5965
-0.2947,-2.0633,0.68084,-1.0223,-0.18103,0.73537,0.10205,-1.3059
0.011297,-2.0309,0.56206,-0.79109,0.065597,0.83752,-0.40622,-1.2881
-0.15599,-1.734,0.99938,-0.8083,-0.12749,0.64521,0.20696,-1.3089
-0.35379,-2.0161,0.80679,-0.56728,-0.11942,1.0224,0.13873,-1.0782
-0.17844,-2.1472,0.63813,-0.73064,-0.26916,0.86435,0.3281,-1.3864
-0.25257,-2.27,1.0305,-0.96191,-0.13027,0.65223,-0.085356,-1.2819
-0.16794,-2.0982,0.9155,-0.73928,-0.29891,0.71525,-0.12704,-1.2235
0.21055,-1.9999,0.8342,-0.86668,-0.21487,0.89207,0.51146,-1.0856
-0.18134,-2.0963,0.84582,-0.90079,-0.00236,0.87111,-0.057722,-1.2936
-0.3237,-1.9912,1.0092,-0.29236,-0.22725,0.99298,-0.41909,-1.1874
-0.076003,-2.0132,0.70798,-0.92972,-0.28348,0.70993,0.28464,-1.3985
-0.29406,-1.9522,0.65455,-0.59667,-0.15097,0.90041,-0.089283,-1.3729
0.10885,-2.303,0.68301,-1.0769,-0.15245,1.0083,-0.039021,-0.92457
-0.28706,-1.7123,0.85907,-0.6305,-0.34233,0.51042,0.14617,-0.96201
-0.57907,-1.9744,0.82859,-0.7423,-0.01398,0.97439,0.16092,-1.3506
-0.44181,-2.2177,0.58664,-0.72292,-0.30916,0.55897,0.10415,-1.2376
-0.24857,-2.2509,0.5188,-0.62848,-0.2866,0.79872,0.050123,-1.2725
-0.23895,-1.7736,1.0435,-0.63045,-0.059306,0.83607,0.17935,-1.0421
-0.13773,-2.203,0.63159,-0.97397,-0.33597,1.0207,-0.11249,-1.184
-0.21433,-2.0442,0.76101,-0.86034,-0.37897,0.99382,-0.026356,-1.1433
-0.25694,-2.1777,0.33262,-0.98327,-0.20684,0.6634,0.15083,-1.4448
-0.44778,-1.8017,0.68988,-0.80534,-0.057358,0.83318,-0.193,-1.5776
-0.33063,-2.0319,0.82546,-0.86065,-0.1948,0.80768,-0.21336,-1.2369
-0.37192,-1.6798,0.64106,-0.51009,-0.33934,0.79008,-0.039703,-1.4004
-0.15672,-2.2036,0.68181,-0.56802,0.0011756,0.55894,-0.30461,-1.2255
-0.076348,-1.6524,0.76378,-0.82297,0.079254,0.6327,-0.18468,-1.2706
-0.21216,-1.8144,0.60236,-1.0014,-0.19913,0.76142,0.19763,-1.0858
-0.2153,-2.1923,0.97788,-0.81067,0.09235,1.1873,0.29728,-1.0416
-0.41835,-2.1252,0.55555,-0.92545,-0.10127,1.1828,-0.46946,-1.2623
-0.053646,-2.1214,0.5443,-1.0205,0.07334,0.93784,-0.25817,-1.2428
-0.30798,-1.9379,0.83748,-0.64685,-0.14021,0.93485,-0.23138,-1.2703
-0.40607,-1.8645,0.71267,-0.8521,-0.078502,0.46268,0.084448,-1.0384
-0.27326,-2.1832,0.41722,-0.77044,0.025209,0.67448,-0.027913,-1.0352
-0.25198,-2.3608,0.72319,-0.84379,0.27442,1.1818,-0.05945,-1.1152
-0.20887,-1.9745,0.73097,-0.60916,-0.07639,0.8953,-0.50203,-1.0776
-0.5746,-1.911,0.82339,-0.88037,-0.25117,0.66933,0.09588,-1.2024
-0.36252,-2.127,0.64803,-0.81653,-0.073406,1.127,-0.40027,-1.1654
-0.35488,-2.1414,0.69734,-0.70521,-0.35585,0.75442,-0.077487,-1.1151
-0.45209,-1.9376,0.59144,-0.90887,-0.12665,1.1392,-0.21593,-1.0048
-0.33722,-2.3647,0.73915,-0.64394,-0.19118,0.9459,-0.19652,-0.9608
-0.18499,-1.8175,0.70785,-0.84622,-0.20642,0.92615,-0.035162,-1.0118
-0.14714,-1.6234,0.46152,-0.6622,-0.17552,0.71788,-0.088258,-1.2426
-0.26287,-2.0671,0.28287,-0.52085,-0.055461,0.70886,-0.23237,-1.3597
-0.57522,-2.2214,0.41634,-0.88134,-0.25297,0.70875,-0.28984,-1.4482
-0.042059,-1.6416,0.58267,-0.93055,-0.097848,1.0091,-0.50086,-1.0846
-0.40598,-1.8219,0.76171,-0.86015,-0.19153,0.85596,0.40528,-1.1884
-0.33658,-1.6952,0.98003,-0.67767,-0.32799,0.71184,-0.42737,-1.177
-0.35224,-1.9427,0.73783,-0.80848,-0.026106,1.1119,-0.22264,-1.3056
-0.35375,-2.0008,0.93605,-0.88685,-0.094141,1.1434,-0.34416,-1.186
