-1.2402,-1.3098,1.8277,1.2033,0.43672,1.9345,-0.72723,-0.49129
-1.2069,-1.3337,1.8621,1.1031,0.6845,2.0098,-0.77705,-0.71703
-1.1409,-0.95978,1.5343,0.94026,0.72592,2.0953,-0.21513,-0.67019
-1.3282,-1.3359,1.8512,0.92351,0.63466,1.7767,-0.91636,-0.54906
-1.3741,-1.0317,1.9562,1.4952,0.98536,1.7977,-0.82893,-0.91619
-1.4113,-1.0136,1.6794,0.97428,0.81688,2.1249,-0.87808,-0.75841
-1.3087,-1.0363,1.3149,1.2479,0.89371,1.9625,-0.6732,-0.55976
-1.3552,-1.2334,1.5291,0.82116,0.74336,1.8817,-0.6056,-0.66948
-1.4762,-1.0227,1.595,1.0644,0.77289,1.7684,-0.90073,-0.42556
-1.3344,-1.0558,1.7774,0.81377,0.8426,1.9927,-0.97077,-0.44882
-1.1159,-0.95338,1.8312,1.1229,0.90931,1.9311,-0.69686,-0.43128
-1.2145,-1.2704,1.5237,1.1344,0.69099,1.8708,-0.59302,-0.3852
-1.574,-0.97898,1.4254,1.0686,0.73068,2.2195,-0.81939,-0.40166
-1.2671,-1.1068,1.7407,1.3221,0.69217,1.7732,-0.99699,-0.32168
-1.3945,-1.126,2.0143,1.2164,0.82332,1.8165,-0.92447,-0.8269
-1.3249,-1.1849,1.8714,1.2801,0.77646,2.0898,-0.62399,-0.64183
-1.4379,-0.72054,1.4225,1.391,0.61527,1.74,-0.93508,-0.46656
-1.513,-1.2298,1.7783,0.97389,0.75109,1.8832,-0.70816,-0.496
-1.5925,-1.0868,1.6734,1.0382,0.72503,1.7661,-1.0203,-0.74874
-1.6732,-1.118,1.5745,1.3494,1.0158,2.0934,-0.85033,-0.74798
-1.194,-0.77674,1.681,1.2435,0.80548,1.8508,-0.8367,-0.47991
-1.5137,-1.1195,1.6245,1.5956,0.82464,1.5147,-0.88833,-0.59975
-1.0925,-1.2742,1.5952,0.92596,0.68168,1.7759,-0.72775,-0.50754
-1.1033,-1.3069,1.5472,1.1455,0.62669,1.718,-0.68863,-0.62457
-1.5776,-0.88421,1.7885,1.2959,0.83223,1.8015,-0.49677,-0.44213
-1.3736,-1.2232,1.4483,1.4384,0.70779,2.0792,-1.1133,-0.58587
-1.4146,-1.3606,1.7453,1.5666,0.77402,1.6976,-0.94784,-0.31581
-1.5904,-1.2881,1.6785,1.1289,0.95627,1.7119,-0.5782,-0.35358
-1.1728,-1.1635,1.8149,1.294,1.0483,1.7887,-0.56326,-0.38812
-1.5758,-1.12,1.4214,1.1904,0.62899,1.7066,-0.785,-0.51717
-1.5031,-1.2475,1.8547,1.3688,0.9363,1.7578,-0.822,-0.70935
-1.6362,-1.2628,1.7327,0.8245,0.83338,2.1025,-0.73758,-0.66486
-1.2401,-1.05,1.367,1.0216,0.80499,1.5429,-0.9389,-0.84421
-1.4031,-0.98789,1.6773,1.6341,0.54459,1.7225,-0.63483,-0.36033
-1.5769,-0.67911,1.6388,1.0987,0.9859,1.7131,-0.82115,-0.69964
-1.4264,-1.3748,1.707,1.3607,0.71116,1.8685,-0.91524,-0.54765
-1.324,-1.1554,1.5674,1.2822,0.84891,1.7394,-0.86208,-0.48091
-1.2857,-1.3232,1.3537,1.1524,0.89868,1.6834,-0.88666,-0.66252
-1.5778,-1.372,1.9734,1.5007,0.77129,1.7785,-0.83917,-0.45405
-1.4067,-1.0651,1.6288,1.3322,0.70831,1.7476,-0.34967,-0.66637
-1.359,-1.1126,1.4912,1.0338,0.47733,1.8626,-0.84053,-0.64945
-1.2484,-1.3059,1.9822,1.5296,0.81309,1.6819,-0.79118,-0.82158
-1.3957,-1.0488,1.8969,1.2088,0.76563,1.9266,-0.76136,-0.73096
-1.3948,-1.432,1.711,1.4721,0.9316,1.6296,-1.0405,-0.53968
-1.2628,-1.089,1.7577,1.2874,1.1188,2.0025,-0.83713,-0.67557
-1.612,-1.3067,1.5749,1.1546,0.93034,1.727,-0.72797,-0.4462
-1.5426,-1.2032,1.3927,1.4269,0.91687,1.7638,-0.94815,-0.22639
-1.4113,-1.118,1.6303,1.6825,0.70113,1.5456,-1.0608,-0.18404
-1.6356,-1.3357,1.9501,1.194,1.1259,1.4059,-0.81204,-0.32199
-1.5042,-1.3879,1.7797,1.591,0.75409,1.5978,-0.65708,-0.15061
-1.9685,-1.3255,1.8067,1.5219,0.7102,1.5993,-0.63302,-0.3896
-1.6139,-1.0351,1.3935,1.5208,0.98682,1.6775,-1.1391,-0.6987
-1.5876,-1.321,1.8117,1.4969,0.56146,1.6358,-0.94669,-0.53078
-1.7484,-0.89584,1.8039,1.0965,0.97919,1.7087,-0.89648,-0.1982
-1.8633,-1.3093,1.6095,1.4416,0.64573,1.7906,-0.55641,-0.57493
-1.3199,-1.5605,1.5323,1.5444,0.89726,1.7311,-0.69964,-0.62663
-1.3516,-1.403,1.7095,1.2507,0.78969,1.869,-1.0462,-0.74177
-1.4088,-1.0476,1.7911,1.5307,0.72959,1.4628,-1.1566,-0.38233
-1.6496,-0.92072,1.8415,1.3646,0.86686,1.7008,-0.93516,-0.36723
-1.3958,-1.2121,1.7656,1.5192,1.0236,1.7701,-1.2618,-0.3361
-1.4973,-1.1902,1.6984,1.2262,0.65851,1.7816,-0.7107,-0.5551
-1.4235,-1.2156,1.5984,1.3404,0.60833,1.7377,-0.94464,-0.45657
-1.478,-0.90159,1.6628,1.1441,0.4754,1.3535,-0.98658,-0.58237
-1.562,-1.1148,1.4044,1.1442,0.97521,1.4552,-0.70939,-0.20354
-1.2204,-1.44,1.8443,1.4185,0.96036,1.5014,-0.55357,-0.65587
-1.7508,-1.0783,1.5782,1.7428,0.84012,1.5813,-1.0098,-0.43447
-1.6496,-1.1113,1.9116,1.1905,0.64728,1.4207,-0.99552,-0.33186
-1.4959,-1.4581,1.7884,1.3625,0.64335,1.8074,-1.0325,-0.51154
-1.2042,-1.5672,1.9501,1.3513,0.77068,1.8018,-0.8299,-0.61186
-1.6194,-1.3487,1.5335,1.1986,0.98399,1.7068,-0.9403,-0.68452
-1.4719,-1.0254,1.6218,1.2633,0.83926,1.457,-0.84544,-0.17502
-1.7127,-1.331,1.8108,1.3872,0.67431,1.8417,-1.038,-0.48928
-1.479,-1.1233,1.5935,1.1933,0.92255,1.3406,-0.84851,-0.73593
-1.3746,-1.3663,1.5948,1.3172,0.78105,1.0479,-0.6994,-0.53426
-1.7861,-1.1725,1.5633,1.3687,0.70986,1.7748,-0.57636,-0.71064
-1.5066,-1.3224,1.4407,1.5671,0.81296,1.904,-1.1538,-0.095705
-1.6769,-1.4785,1.6289,1.666,1.2197,1.3665,-0.95291,-0.2714
-1.5739,-1.308,1.4175,1.3313,0.71103,1.5969,-0.9963,-0.57138
-1.7456,-1.3854,1.9507,1.3134,0.89112,1.5387,-0.95692,-0.37585
-1.8003,-1.0529,1.7074,1.4068,0.60159,1.4088,-1.0175,-0.27974
-1.291,-1.0823,1.5754,1.6798,0.59435,1.2053,-0.6774,-0.39749
-1.3678,-1.0809,1.7533,1.6845,0.94482,1.8089,-1.0095,-0.16027
-1.7022,-0.84789,1.5698,1.5224,0.96075,1.5515,-0.66896,-0.35147
-1.1808,-1.0468,1.5858,1.6091,0.9922,1.4152,-0.75122,-0.39946
-1.8204,-1.1947,1.657,1.7188,1.0469,1.4898,-0.96333,-0.36587
-1.7391,-1.2826,1.8097,1.4044,0.80776,1.5301,-0.68476,-0.62488
-1.505,-1.0873,1.782,1.5143,0.75483,1.4683,-0.95039,-0.63148
-1.3497,-1.4973,1.8722,1.5469,0.61775,1.4252,-0.80027,-0.4902
-1.4494,-1.0796,1.498,1.5563,0.78942,1.4775,-1.0767,-0.44744
-1.3173,-1.2358,1.8317,1.3976,0.95379,1.275,-0.79939,-0.46908
-1.6406,-1.1179,1.8573,1.7045,0.92441,1.3149,-0.72453,-0.34864
-1.654,-1.2973,2.0501,1.6006,0.80437,1.2668,-0.92557,-0.1812
-1.469,-1.1952,1.6044,1.7015,0.66931,1.3221,-1.0566,-0.29404
-1.5744,-1.4394,1.4564,1.7552,0.74043,1.1128,-0.86517,-0.63089
-1.5635,-1.1631,1.769,1.3996,0.7898,1.3914,-0.84333,-0.59538
-1.3119,-1.4441,1.8835,1.3383,0.63394,1.2866,-1.145,-0.34002
-1.0359,-1.4613,1.7609,1.7474,0.70214,1.2485,-0.91483,-0.5977
-1.5855,-1.3861,1.7224,1.5361,1.1773,1.2731,-0.70414,-0.6879
-1.5242,-1.2295,1.4409,1.4839,1.0078,1.2706,-0.89465,-0.48777
-1.7699,-1.2437,1.4473,1.5624,0.76139,1.6848,-1.0043,-0.50075
-1.6535,-1.4927,1.5406,1.3663,0.74528,1.0752,-0.79658,-0.53942
-1.4864,-1.2869,1.6504,1.7497,0.78345,1.0069,-1.1946,-0.51792
-1.5755,-1.2346,1.6428,1.4807,0.9334,1.2063,-0.98376,-0.3337
-1.6734,-1.4904,1.5497,1.3369,0.75085,1.2575,-0.84697,-0.52741
-1.5805,-1.1309,1.6524,1.5697,0.85203,1.1573,-0.80407,-0.38643
-1.7154,-1.1632,1.4554,1.3986,0.93712,1.2308,-0.98331,-0.65252
-1.4596,-1.3178,1.3483,1.7039,0.91932,1.1415,-0.67961,-0.40216
-1.6592,-1.3698,1.5196,1.4826,0.64503,1.3221,-0.9344,-0.53959
-1.9736,-1.3878,1.8227,1.526,0.65103,1.0287,-1.1508,-0.17463
-1.5872,-1.1275,1.5315,1.695,0.42138,1.0587,-0.92801,-0.5605
-1.6363,-1.2024,1.3939,1.6723,0.9351,1.2129,-1.128,-0.45162
-1.7099,-1.4422,1.4879,1.0888,1.1486,1.3305,-0.4639,-0.48518
-1.4,-1.3431,1.4705,1.4537,0.75093,1.3404,-0.95935,-0.74331
-1.4511,-1.2077,1.6042,1.207,0.8263,1.1232,-0.68234,-0.66894
-1.1848,-1.3419,1.3911,1.5138,0.68631,1.3149,-0.72663,-0.22123
-1.5141,-1.3208,1.259,1.3011,0.99496,1.4798,-1.1903,-0.14485
-1.7146,-1.2951,1.4532,1.0379,0.89682,1.2925,-0.81338,-0.54398
-1.923,-1.2379,1.5124,1.4224,1.0174,1.5676,-0.66944,-0.46538
-1.702,-0.92635,1.5014,1.1313,0.67013,1.458,-1.1861,-0.2526
-1.6633,-1.2294,1.83,1.4389,1.1495,1.3922,-0.92697,-0.19026
-1.8475,-1.3023,1.4982,1.5341,1.0003,1.016,-0.83242,-0.45278
-1.1243,-0.95634,1.3962,1.44,1.2199,1.3913,-0.78708,-0.36378
-1.6156,-1.3979,1.8316,1.3514,0.65222,1.1571,-0.73605,-0.52511
-1.8149,-1.4544,1.1963,1.6063,0.75501,0.81647,-0.93462,-0.11737
-1.5569,-1.2799,1.0816,0.94518,1.0275,1.3374,-1.1063,-0.39932
-1.4242,-1.2124,1.2834,1.424,1.1007,1.1445,-0.94009,-0.44327
-1.6208,-1.6929,1.4997,1.2328,0.60719,1.4009,-0.8732,-0.40555
-1.6204,-1.3581,1.3943,1.5076,0.63339,1.2617,-0.96123,-0.79347
-1.6383,-1.2786,1.3039,1.3626,0.89026,1.1874,-0.94719,-0.60336
-1.6835,-1.0503,1.5831,0.98434,0.65104,1.0316,-1.0568,-0.55237
-1.8308,-1.49,1.2537,1.2683,0.65232,1.0953,-0.97936,-0.043155
-1.7619,-1.3972,1.3646,1.6256,0.6431,1.4588,-1.0122,-0.52549
-1.5905,-1.2204,1.5501,1.3956,0.51223,0.96126,-0.88234,-0.47571
-1.6426,-1.1982,1.2027,1.5887,0.57075,1.1278,-1.1584,-0.51822
-1.4971,-1.0939,1.5743,1.1893,0.65381,0.94862,-0.96132,-0.52333
-1.4383,-1.2704,1.2339,1.2371,1.1359,1.0188,-0.75285,-0.47298
-1.7167,-1.4477,1.5564,1.3303,0.9183,1.5349,-1.0287,-0.73812
-1.5838,-1.5314,1.5286,1.1424,0.91254,1.0074,-0.87014,-0.44
-1.4763,-1.6223,1.3439,1.114,0.9398,1.1826,-0.786,-0.17595
-1.5663,-1.5814,1.5137,1.2757,0.72958,1.1659,-1.0723,-0.32584
-1.4699,-1.2995,1.5044,1.309,0.94192,0.94997,-0.92202,-0.71897
-1.928,-1.3034,1.333,1.6676,0.60782,1.2635,-1.103,-0.76582
-1.8951,-1.3451,1.1965,1.1379,0.66745,1.1616,-1.3277,-0.52881
-1.3905,-1.3956,1.6328,1.4611,0.65301,1.1016,-0.89534,-0.25614
-1.8873,-1.1879,1.665,1.3795,0.68508,0.84672,-0.88844,-0.69742
-1.611,-1.1553,1.6185,1.3619,0.66495,1.1351,-1.1082,-0.84929
-1.3734,-1.131,1.3762,1.0599,0.77133,0.69958,-1.2595,-0.60173
-1.6294,-1.3245,0.98925,1.5409,0.70992,1.1035,-0.9676,-0.77909
-1.5987,-1.4933,1.3447,1.39,0.78997,1.1067,-1.112,-0.70777
-1.8285,-0.93302,1.0573,1.5335,0.90277,0.94383,-0.7301,-0.80768
-1.6825,-1.6123,1.3597,1.8632,0.7025,1.1153,-0.93884,-0.5664
-1.5043,-1.2278,1.475,1.4601,0.79685,0.88983,-1.0353,-0.62467
-1.5426,-1.4167,1.5278,1.1716,0.756,1.2237,-0.92282,-0.65327
-1.5931,-1.2253,1.4992,1.1935,0.62936,1.1185,-0.7975,-0.56685
-1.2486,-1.3905,1.0611,1.3789,0.67575,0.9985,-0.71282,-1.0099
-1.6236,-1.5988,1.3965,1.2428,0.69668,0.84773,-1.0719,-0.74859
-1.7729,-1.4898,1.2262,1.1833,0.45305,0.95274,-1.2111,-0.58572
-1.4942,-1.3354,1.058,1.341,0.73132,0.75124,-0.76797,-0.83045
-1.3364,-1.5371,1.1746,1.2303,0.97391,1.0452,-0.88483,-0.63404
-1.6415,-1.5184,1.218,1.2786,0.46329,0.8323,-1.0729,-0.50059
-1.562,-1.5277,1.2066,1.1186,0.83705,1.1607,-0.97267,-0.75089
-1.4514,-1.5417,1.336,1.5472,0.63736,0.82256,-0.84594,-0.61308
-1.5337,-1.4236,1.0374,1.6054,0.92329,0.9415,-1.2802,-0.38973
-1.6633,-1.4865,1.2447,1.0958,0.41368,1.06,-0.93308,-0.51227
-1.6367,-1.2375,1.4141,1.3414,0.57921,1.0812,-0.7315,-0.44746
-1.403,-1.1836,1.5143,1.3043,0.7565,0.70236,-0.77732,-0.48415
-1.2554,-1.3672,1.2737,1.2002,0.74286,0.83059,-1.0119,-0.69258
-1.6583,-1.6841,1.1536,1.6648,0.62875,0.97246,-1.063,-0.70589
-1.5967,-1.4001,1.0013,1.3197,0.49416,1.1344,-0.94805,-0.48073
-1.3209,-1.6035,1.0979,1.2184,0.71666,1.0976,-0.94991,-0.68252
-1.4925,-1.3603,1.103,0.92366,0.72336,1.0776,-0.95392,-0.81856
-1.7754,-1.3474,1.101,1.4451,0.46957,0.76294,-1.1225,-0.69167
-1.595,-1.6791,1.2473,1.2554,0.52325,0.71427,-0.98635,-0.4169
-1.8482,-1.3497,1.2145,1.2896,0.44754,0.6592,-0.81271,-0.91252
-1.528,-1.4774,1.1832,1.2077,0.35646,0.80646,-0.95983,-0.62119
-1.4632,-1.1236,1.2231,1.098,0.41539,0.73165,-0.86417,-0.49828
-1.4357,-1.5169,1.2622,1.142,0.52121,0.91502,-0.86742,-0.58801
-1.2474,-1.204,1.3908,1.2574,0.61855,0.99866,-0.74271,-0.583
-1.5276,-1.3343,1.1149,1.0914,0.546,0.38224,-0.70246,-0.5071
-1.5437,-1.3908,1.074,1.3677,0.72649,0.88128,-1.2155,-0.48576
-1.4835,-1.3985,0.98387,1.2002,0.81967,0.56427,-1.3189,-0.51601
-1.653,-1.5957,0.78018,1.0266,0.70567,0.59076,-0.81123,-0.64041
-1.7051,-1.4844,0.99062,1.2991,0.42835,0.83159,-0.62141,-0.44634
-1.3268,-1.6865,1.2166,1.1466,0.82782,0.88108,-0.58397,-0.7182
-1.8007,-1.2672,1.1949,1.2626,0.65708,1.0081,-0.86988,-0.60554
-1.4601,-1.4725,1.0798,0.80854,0.64753,0.89649,-0.93017,-0.62849
-1.9488,-1.3905,1.5083,1.2281,0.57746,0.59489,-0.87425,-1.0542
-1.4321,-1.3883,1.0906,1.3307,0.43754,0.98673,-1.1991,-0.72428
-1.7574,-1.3109,1.1854,1.1407,0.66657,0.80885,-0.83942,-1.0135
-1.4989,-1.5122,1.4748,0.96038,0.55598,0.48361,-1.1125,-0.72621
-1.6289,-1.7541,1.2265,1.1786,0.61331,0.84711,-1.1984,-0.69567
-1.7045,-1.5267,1.1393,1.3606,0.5425,0.67033,-0.88154,-0.59234
-1.6666,-1.4768,1.0306,1.218,0.86105,0.41682,-0.61449,-0.81156
-1.7547,-1.53,1.2975,1.1449,0.60018,0.50507,-0.90527,-1.0535
-1.5466,-1.4635,1.1427,1.1785,0.61701,0.7352,-0.85803,-0.82415
-1.5266,-1.4177,1.1617,1.0261,0.50975,0.93506,-0.71403,-0.91759
-1.6778,-1.8766,1.2266,1.0408,0.68758,0.60932,-1.1559,-0.38058
-1.6165,-1.424,1.2223,1.146,0.63233,0.66264,-0.85454,-0.90534
-1.5327,-1.6022,1.2572,0.93476,0.40205,0.72704,-0.97073,-0.70284
-1.5089,-1.3829,0.98283,1.0321,0.69005,0.47449,-0.92264,-0.97543
-1.8872,-1.156,1.3044,1.1635,0.72594,0.62624,-0.83744,-0.79291
-1.7473,-1.413,1.3141,1.1987,0.76557,0.72126,-0.8418,-0.55825
-1.5248,-1.4919,1.2825,1.3072,0.50726,0.62388,-0.69851,-0.77904
-1.5672,-1.2853,1.1611,1.1751,0.59685,0.72675,-1.059,-0.91139
-1.8104,-1.4461,1.1313,0.79809,0.25955,0.56617,-0.86518,-0.56335
-1.3224,-1.791,1.3984,0.92513,0.37597,1.0386,-1.1221,-1.0079
-1.4657,-1.5763,1.0699,1.1562,0.64773,0.82089,-0.87202,-1.2488
-1.4303,-1.0548,0.93439,0.89934,0.50386,0.72421,-1.0771,-0.9003
-1.8245,-1.6219,1.2093,0.98913,0.5024,0.53855,-0.5659,-0.83037
-1.7062,-1.2529,1.1395,1.0062,0.48855,0.34422,-0.53203,-1.0568
-1.468,-1.4677,1.1082,0.98239,0.32192,0.83755,-0.96987,-0.47695
-1.6667,-1.3782,0.78757,1.2521,0.68017,0.64717,-0.67861,-0.84457
-1.7996,-1.6937,1.0368,0.74407,0.55811,0.31995,-0.88166,-0.66845
-1.5253,-1.3975,1.3323,0.74498,0.16507,0.69822,-0.65327,-0.88822
-1.6341,-1.3411,0.88128,1.0052,0.38396,0.96023,-0.98421,-0.97991
-1.6459,-1.5347,0.86686,0.80723,0.13641,0.6394,-0.61834,-0.85979
-1.388,-1.3977,1.0628,1.0237,0.58427,0.61105,-0.9183,-1.1179
-1.3301,-1.2927,1.0314,0.95766,0.60623,0.74487,-0.92882,-0.77948
-1.3982,-1.2432,0.89922,0.81372,0.37035,0.68454,-1.1611,-0.54278
-1.8225,-1.4252,0.66195,1.0465,0.55774,0.30299,-0.84362,-0.8945
-1.7026,-1.2471,1.4378,1.178,0.44058,0.72292,-0.96267,-1.0644
-1.576,-1.6099,0.82831,1.0797,0.42726,0.5251,-0.72282,-0.99505
-1.5067,-1.3226,1.0255,1.1143,0.64014,0.65879,-1.0569,-0.94507
-1.377,-1.5891,0.85648,0.94243,0.63708,0.56078,-0.75135,-1.0941
-1.6786,-1.5945,0.86546,0.95221,0.43409,0.3792,-1.0952,-0.76907
-1.4692,-1.4446,0.96202,0.80249,0.092408,0.35424,-0.71922,-0.57801
-1.416,-1.7994,1.3941,0.85655,0.55205,0.3855,-0.75057,-0.90606
-1.4987,-1.328,1.1077,0.6591,0.38548,0.38489,-0.67262,-0.93658
-1.5956,-1.5355,0.57019,0.64805,0.34739,0.38709,-1.0524,-1.018
-1.5433,-1.5277,1.1495,0.53627,0.54561,0.49624,-0.69294,-0.99169
-1.3659,-1.1588,0.77701,0.72872,0.52851,0.54639,-0.87685,-0.94164
-1.3791,-1.6177,1.232,0.73035,0.46314,0.72093,-0.4121,-0.98765
-1.8729,-1.4743,1.2065,0.95769,0.36399,0.38836,-0.90772,-1.0984
-1.7409,-1.2887,1.0069,0.61754,0.15803,0.29133,-1.1014,-0.76965
-1.761,-1.3532,0.9471,0.71055,0.47107,0.33869,-0.73561,-0.98987
-1.5337,-1.695,0.64466,0.7972,0.41866,0.5168,-0.86605,-0.71011
-1.6491,-1.572,0.81286,1.1942,0.47901,0.50758,-0.87174,-0.85273
-1.3838,-1.4762,0.75695,0.73641,0.356,0.32371,-0.8364,-0.74287
-1.5585,-1.3802,0.94307,0.90813,0.57905,0.60361,-0.80863,-0.63718
-1.8768,-1.4649,0.99933,1.0139,0.42079,0.10875,-0.68739,-1.0758
-1.361,-1.2916,1.103,0.83918,0.43497,0.44579,-0.56807,-1.0593
-1.701,-1.2543,0.51885,0.52348,0.3358,0.19856,-0.79922,-1.2153
-1.5371,-1.1294,1.0845,0.42263,0.38132,0.43871,-0.52017,-0.79749
-1.5349,-1.589,0.88891,1.0304,0.24068,0.32431,-0.89284,-0.86157
-1.4162,-1.2366,1.0274,0.80617,0.23036,0.96454,-0.73548,-1.2012
-1.3379,-1.3603,1.038,0.59751,0.15157,0.40192,-0.94822,-0.99075
-1.672,-1.3646,0.96436,0.70554,0.52002,0.42788,-0.9042,-0.66553
-1.4072,-1.2491,1.115,0.69103,0.12665,0.1868,-0.80107,-0.99643
-1.5538,-1.0216,1.1124,0.41747,0.4033,0.71258,-0.69557,-1.1233
-1.4676,-1.4749,0.87074,0.65911,0.60993,0.37445,-0.90911,-1.1061
-1.3163,-1.5148,0.93503,0.38938,-0.0057484,0.08217,-0.98418,-0.86883
-1.4642,-1.5259,0.64681,0.68307,0.26181,0.21027,-0.92887,-1.013
-1.3902,-1.4803,1.0238,0.8365,0.23676,0.62945,-0.63272,-1.1479
-1.2284,-1.0813,1.1803,0.68016,0.23006,0.23711,-0.92232,-0.98869
-1.3453,-1.5055,0.71774,0.53716,0.32271,0.4983,-1.024,-1.0584
-1.5793,-1.2188,0.6846,0.95361,0.27731,0.63122,-0.97989,-0.99752
-1.3029,-1.1617,1.0257,0.5064,0.51326,0.21513,-0.56484,-1.0546
-1.472,-1.502,0.80323,0.7074,0.27996,0.54036,-0.95251,-1.0187
-1.4003,-1.1189,0.57592,0.36227,0.34414,0.45774,-0.88786,-0.96607
-1.4768,-1.2362,0.83711,0.38897,0.3397,0.37107,-1.1873,-1.1379
-1.5179,-1.2518,0.92151,0.72587,0.13029,0.50115,-0.71667,-1.201
-1.5228,-1.0112,0.7895,0.7513,0.33869,0.2353,-0.84956,-0.75329
-1.4482,-1.4441,1.0079,0.44163,0.38007,0.070043,-0.74226,-0.75598
-1.2319,-1.5513,1.0946,1.0793,0.49263,0.47062,-0.86688,-1.2632
-1.5967,-1.116,0.70103,0.76308,0.23976,0.53671,-0.93785,-0.9573
-1.3745,-1.5609,0.66802,0.81149,-0.026095,0.43708,-1.0827,-1.483
-1.8271,-1.2374,1.0938,0.32713,0.1577,0.25458,-0.82606,-1.3677
-1.4267,-1.2422,0.9012,0.53947,-0.15655,0.479,-0.65236,-1.2019
-1.1383,-1.3506,0.88815,0.493,0.44572,-0.10497,-0.76315,-1.4212
-1.4812,-1.377,0.77221,0.43202,-0.010241,0.51431,-0.54124,-1.0565
-1.4872,-1.401,0.97773,0.51639,0.12956,0.39985,-0.61131,-1.3343
-1.8189,-1.4183,0.89013,0.71261,0.37022,0.038976,-0.71944,-1.5387
-1.548,-1.7247,0.99662,0.57696,0.31129,0.37209,-0.89178,-1.193
-1.4351,-1.6325,1.3456,0.39592,0.31054,0.45864,-0.81242,-1.0651
-1.5437,-1.6275,1.1306,0.7344,0.15014,0.19373,-0.84528,-1.2746
-1.3356,-1.4714,0.71435,0.53216,0.01434,0.25326,-0.84409,-1.0732
-1.6858,-1.3762,0.76095,0.70297,0.1621,0.54772,-0.74469,-0.99785
-1.3801,-1.2612,0.23056,0.62434,0.26225,0.2992,-0.89194,-1.3631
-1.6743,-1.2722,0.90223,0.48527,0.14407,0.61047,-0.72596,-1.3905
-1.6632,-1.3903,0.76785,0.39156,0.07924,0.058032,-0.98032,-0.84059
-1.6695,-1.3219,0.89429,0.34202,-0.072195,-0.057314,-0.94306,-1.0783
-1.383,-1.1791,0.74709,0.40777,0.24152,-0.25983,-0.67496,-0.90403
-1.3248,-1.5855,0.9842,0.59224,-0.17763,0.21899,-1.0489,-1.1533
-1.7299,-1.2356,1.0054,0.69207,0.12943,0.28858,-1.0864,-1.2808
-1.4141,-1.5602,1.0306,0.46712,0.1993,0.076046,-1.0266,-1.2908
-1.5093,-0.91334,0.54144,0.50972,0.16313,0.098752,-0.90004,-1.3718
-1.3071,-1.5256,0.7639,0.23292,-0.19416,0.44418,-0.85064,-0.96389
-1.6253,-1.5529,0.59841,0.66796,0.3252,0.47962,-0.9768,-1.3081
-1.4939,-1.1189,0.38857,0.53107,-0.089389,0.23947,-0.77779,-1.2207
-1.467,-1.195,0.53103,0.51812,0.14324,0.33265,-0.89875,-1.3707
-1.3321,-1.4031,0.95355,0.45646,0.22435,0.23129,-0.68149,-1.0822
-1.4877,-1.4091,0.74379,0.40632,0.031199,-0.046032,-0.81056,-1.1378
-1.6154,-1.7438,0.89698,0.49684,0.40487,-0.039888,-1.1446,-1.2394
-1.2985,-1.2249,0.37816,0.19991,0.1464,0.17438,-0.90776,-1.3734
-1.4859,-1.4468,0.80378,0.31761,0.16043,0.21905,-0.72763,-1.3313
-1.1391,-1.3639,0.79159,0.575,-0.16882,0.31774,-0.61405,-1.4588
-1.7221,-1.3697,0.60695,0.20149,-0.17038,-0.052962,-0.78946,-1.3059
-1.2788,-1.2444,1.2961,0.52603,0.14189,0.34502,-0.8176,-1.2955
-1.5458,-1.1538,0.82008,0.3974,0.0098148,0.23255,-1.0631,-1.3126
-1.1959,-1.3532,0.93538,0.53215,0.21703,-0.12284,-0.97604,-1.1268
-1.6959,-1.5926,0.67976,0.50743,0.0052137,0.093116,-0.47587,-1.2133
-1.758,-1.0721,0.83948,0.44254,0.084757,0.091843,-0.75726,-1.2104
-1.5736,-1.6257,0.87519,0.1692,0.080953,-0.22011,-0.69881,-1.4286
-1.6171,-1.2506,0.72259,0.2645,-0.026205,0.35095,-0.76894,-1.0268
-1.671,-1.1037,0.89605,0.19188,-0.13583,-0.092017,-0.64363,-1.1332
-1.3484,-1.2919,0.91965,0.50125,0.11932,-0.059585,-0.84277,-1.4123
-1.4023,-1.6029,0.99907,0.35664,0.024621,0.28249,-1.09,-1.3618
-0.91749,-1.4758,0.76499,0.62528,0.73023,0.26928,-1.0971,-1.3786
-1.7427,-1.3427,0.90861,0.14324,0.073595,0.13636,-1.2676,-1.5647
-1.5173,-1.359,0.97757,0.43339,0.13117,0.21272,-0.74465,-1.2512
-1.2751,-1.0618,0.84183,0.15707,0.051861,0.24687,-0.65584,-1.5046
-1.5073,-1.1162,1.0283,0.42287,0.034284,0.054926,-0.97776,-1.2573
-1.3175,-0.88605,0.77526,0.33767,0.035004,-0.10292,-0.86706,-1.2177
-1.1966,-1.1756,0.88968,0.31608,0.15974,0.043173,-0.96726,-1.3073
-1.5869,-1.1697,0.67893,0.48499,-0.11314,0.25942,-0.83222,-1.2994
-1.2621,-1.4718,0.8701,0.17895,0.31095,0.016866,-1.0365,-1.336
-1.5447,-1.6095,0.66605,0.49894,0.28609,0.07464,-0.56328,-1.2071
-1.7926,-1.212,0.61246,0.13825,-0.25075,0.34393,-0.45816,-1.2249
-1.4017,-1.2117,0.98572,0.42282,-0.06555,0.048466,-0.77429,-1.4007
-1.3606,-1.3698,0.84445,0.58465,0.65384,-0.085109,-0.92983,-1.2324
-1.3926,-1.2622,0.85135,0.030068,-0.047884,-0.10793,-0.6315,-1.2794
-1.7495,-1.6609,0.81842,0.47665,-0.19497,-0.21755,-0.91748,-1.6923
-1.4181,-1.2159,1.1249,0.42578,0.059353,0.29659,-0.82111,-1.1576
-1.3484,-1.3727,0.73444,0.13701,-0.28809,-0.15812,-0.80132,-1.2484
-1.5228,-1.2946,0.96009,0.33736,0.028344,0.11229,-0.99922,-0.98174
-1.3031,-1.1136,0.78729,0.2193,0.073063,0.25772,-0.93178,-1.1751
-1.3895,-1.4045,0.78504,0.24898,0.041923,0.037384,-0.91049,-1.4749
-1.1905,-1.3828,0.71653,0.29367,0.17924,0.30747,-0.74588,-1.4129
-1.353,-0.60047,1.0578,0.11122,0.0042864,0.1556,-1.0173,-1.3836
-1.3343,-1.0182,0.73033,0.2225,0.022236,-0.075518,-1.0529,-1.3271
-1.5101,-1.3278,0.56069,0.20925,-0.060726,-0.068225,-0.84906,-1.2439
-1.5376,-0.95775,0.61641,0.13946,-0.040113,-0.32451,-0.87836,-1.5743
-1.4587,-1.2007,0.74628,0.26808,-0.34332,-0.19687,-0.69931,-1.3866
-1.1638,-1.4221,0.8513,0.20765,-0.14985,0.14844,-0.89276,-1.3483
-1.3988,-1.1021,0.89413,-0.1564,0.20872,-0.23648,-0.85163,-1.3955
-1.402,-1.0836,0.71832,0.38793,-0.49427,0.56375,-0.72986,-1.4817
-1.4759,-1.1441,0.81523,-0.014154,0.065933,-0.089824,-1.0111,-1.2824
-1.5211,-1.4177,0.69062,0.30911,-0.025968,0.21634,-0.92513,-1.5523
-1.451,-1.0939,1.0357,0.067906,0.010328,-0.052951,-0.87816,-1.4762
-1.4172,-1.3173,0.81098,-0.11236,-0.052756,-0.095017,-1.0104,-1.3692
-1.643,-0.99703,1.0878,0.045441,0.21026,0.21336,-0.75613,-1.3159
-1.674,-1.0821,0.74728,-0.10507,-0.19617,-0.089526,-0.90942,-1.1574
-1.3306,-0.91169,0.8763,0.32797,-0.32703,0.26173,-1.0239,-1.4222
-1.6709,-1.3232,1.0759,-0.48371,0.12797,-0.18726,-1.1991,-1.1947
-1.6943,-1.2808,0.9068,0.15838,-0.42011,-0.057319,-0.82253,-1.529
-1.0252,-0.957,0.83842,0.11243,-0.35759,0.1884,-0.90081,-1.2527
-1.1792,-0.8504,0.97971,0.26216,-0.042141,-0.40447,-1.1073,-1.1894
-1.3027,-1.3026,0.71613,-0.061864,-0.44097,0.083623,-0.83193,-1.247
-1.4077,-1.1836,0.85965,-0.024468,-0.47834,-0.17671,-0.76015,-1.7744
-1.4718,-0.80519,1.0503,0.057982,-0.084564,-0.23737,-1.1995,-1.4592
-1.2959,-1.3912,0.69195,-0.22565,-0.094229,-0.17732,-0.85671,-1.4703
-1.2056,-1.524,0.39996,-0.13659,-0.42703,0.061172,-0.70241,-1.3574
-1.4381,-0.91033,0.75016,-0.08491,-0.36976,0.27903,-0.82385,-1.4665
-1.3097,-1.1499,0.70041,-0.13691,-0.68338,-0.10628,-0.65213,-1.2574
-1.3154,-0.93593,0.49093,0.035154,-0.26342,-0.042221,-0.65401,-1.241
-1.7097,-0.94202,0.9097,-0.019237,-0.1143,0.034902,-0.98372,-1.5636
-1.4214,-0.92914,0.93025,0.50772,0.093164,-0.069371,-0.77179,-1.6275
-1.3844,-1.2546,0.68916,0.037295,-0.45168,0.1303,-0.93308,-1.505
-1.1293,-0.99157,0.55068,-0.14915,-0.15555,-0.086916,-0.96936,-1.6525
-1.0807,-0.88646,0.84863,-0.030711,-0.10365,0.10508,-0.76611,-1.3014
-1.2507,-1.0543,1.0383,0.0035622,-0.12312,0.084571,-0.99211,-1.4373
-1.2779,-1.212,0.55173,-0.11947,-0.18106,-0.16576,-1.1957,-1.4257
-1.2516,-0.90806,0.62366,-0.2108,-0.19569,-0.35957,-0.96356,-1.4497
-1.622,-1.1114,0.95774,0.091231,-0.079521,-0.10664,-0.47151,-1.4872
-1.1035,-1.0739,0.60561,-0.07125,-0.086294,-0.51309,-0.9514,-1.3355
-1.2181,-1.1237,0.71823,-0.081804,-0.0062397,0.27359,-0.74119,-1.5742
-0.9927,-1.0541,0.977,-0.22366,0.084638,-0.028546,-0.87215,-1.7801
-1.31,-0.95439,0.73231,0.067527,-0.31817,-0.1791,-0.90714,-1.1171
-1.1306,-1.1188,0.60606,-0.56274,-0.34264,-0.085385,-0.6248,-1.4829
-1.5072,-1.0676,0.65385,-0.078866,-0.060022,-0.20165,-0.93558,-1.3876
-1.2271,-1.2667,1.021,-0.093953,-0.43868,0.062303,-0.89342,-1.339
-1.3971,-0.93174,0.80419,-0.08779,-0.26256,-0.12492,-0.95666,-1.1665
-1.1378,-1.1321,0.99638,0.12291,-0.37144,-0.050868,-0.59028,-1.4033
-1.3342,-0.72457,0.88909,-0.15474,0.099043,-0.26085,-1.0874,-1.4918
-1.5362,-1.1389,1.0402,-0.18881,-0.39636,0.056015,-1.078,-1.368
-1.0686,-0.93366,0.77495,-0.097178,-0.55342,-0.10028,-0.57365,-1.7336
-1.305,-0.91536,1.1045,-0.10492,-0.1653,-0.17583,-0.90978,-1.232
-1.5807,-0.98181,0.67226,-0.3968,-0.2598,-0.19757,-0.96215,-1.5033
-1.3697,-0.95634,0.94901,0.072842,-0.63943,0.12825,-1.0401,-1.1486
-1.3347,-1.1162,0.9501,0.36655,-0.3038,-0.14485,-1.0806,-1.3356
-1.2244,-1.3225,0.77709,0.083347,-0.26533,0.091626,-0.79505,-1.5865
-1.1888,-1.1798,0.9875,0.043581,-0.51364,-0.13342,-0.7941,-1.5151
-1.6738,-1.0227,0.97637,-0.083997,-0.2767,-0.15372,-1.1762,-1.6541
-1.3818,-0.8978,1.2381,-0.084752,-0.31587,0.10714,-0.9993,-1.5608
-1.1417,-0.80525,0.86695,-0.1305,-0.38871,-0.21266,-1.3149,-1.7022
-1.5942,-1.2596,0.74534,-0.13662,-0.17386,-0.29419,-0.89724,-1.5764
-1.4036,-1.0298,0.58361,-0.31024,-0.49176,-0.0347,-0.90631,-1.1735
-1.2783,-0.82155,1.0214,-0.21083,-0.38033,-0.10364,-0.97182,-1.7087
-1.2982,-0.82807,0.81362,-0.038645,-0.71882,-0.28681,-0.80559,-1.6001
-1.3324,-0.77446,0.82475,0.10586,-0.28707,-0.070285,-0.99736,-1.2605
-1.4793,-1.0126,0.98599,-0.064841,-0.16571,-0.018959,-0.87418,-1.4033
-1.2707,-0.66342,0.80096,-0.032676,-0.50074,-0.14814,-1.2778,-1.6706
-1.2933,-0.88371,0.85216,0.11886,-0.31883,-0.12551,-1.3618,-1.4553
-1.2157,-1.2861,0.90656,-0.46073,-0.28623,-0.27852,-1.3566,-1.3951
-1.5483,-0.833,0.99513,-0.039432,-0.32851,-0.272,-0.98459,-1.5622
-1.6806,-0.75646,1.0813,0.015144,-0.71075,0.1549,-1.0781,-1.4508
-1.1964,-0.90283,0.30412,-0.20997,-0.27594,-0.10661,-0.78677,-1.505
-1.4788,-1.0606,1.1221,0.078433,-0.11657,-0.025775,-0.89021,-1.8273
-1.3833,-1.0831,0.99018,-0.2091,-0.12702,-0.033572,-1.0375,-1.6312
-1.5538,-0.95955,1.0796,-0.29193,-0.40023,0.35879,-1.3447,-1.6865
-1.3915,-0.9731,0.8667,-0.32495,-0.29065,-0.327,-0.9945,-1.443
-1.2079,-0.80224,1.0535,-0.26794,-0.58816,-0.28294,-0.92699,-1.3725
-1.536,-0.97397,0.51199,-0.13787,-0.47124,0.020789,-0.76545,-1.5388
-1.165,-0.83687,0.74982,-0.53604,-0.74972,0.14778,-1.2886,-1.135
-1.3901,-1.0974,0.91648,-0.14649,-0.52928,-0.062107,-1.1072,-1.4715
-1.3743,-0.96251,0.82071,-0.20813,-0.36987,0.22343,-0.80107,-1.3727
-1.5049,-0.91286,0.72307,-0.31434,-0.26791,-0.2391,-1.207,-1.5436
-1.5465,-1.0436,0.85414,-0.37166,-0.24062,-0.1553,-0.85286,-1.0898
-1.6172,-0.72676,0.99168,0.014289,-0.065084,-0.34452,-0.85128,-1.5268
-1.5576,-1.0511,0.95235,-0.38322,-0.69101,0.081978,-0.94277,-1.4827
-1.5611,-0.64749,1.1442,0.12997,-0.41054,-0.16295,-1.1758,-1.8876
-1.3935,-1.1492,1.1499,-0.23402,-0.8228,-0.14486,-0.92464,-1.5206
-1.2975,-0.85644,0.99346,-0.0013821,-0.8484,-0.10147,-1.0475,-1.7485
-1.7575,-0.96151,0.94707,-0.12718,-0.45397,-0.2762,-0.98674,-1.5379
-1.4021,-0.79135,1.0182,-0.2185,-0.46552,-0.28061,-1.0519,-1.4485
-1.2862,-0.95812,0.92441,-0.24599,-0.82442,-0.29197,-1.0112,-1.2904
-1.1692,-0.88084,0.7734,-0.29474,-0.44236,-0.091859,-1.2683,-1.303
-1.3684,-1.0086,0.80091,-0.2507,-0.50989,0.017574,-1.1254,-1.5043
-1.2744,-0.9875,0.67486,-0.26871,-0.26867,0.0081913,-0.5677,-1.4553
-1.3303,-0.91234,0.95401,-0.076893,-0.73602,0.15025,-1.3216,-1.6477
-1.3003,-0.79876,1.4026,-0.50663,-0.31938,-0.063555,-0.96074,-1.8911
-1.0496,-0.86674,1.2666,-0.13017,-0.52919,-0.31488,-1.2999,-1.5203
-1.5061,-0.47395,1.0505,-0.49865,-0.21509,0.079615,-1.0827,-1.8905
-1.2825,-0.87799,1.2284,-0.60626,-0.25441,0.16418,-1.1174,-1.7534
-1.6857,-1.0848,1.3326,-0.21941,-0.50067,0.050052,-1.3416,-1.7132
-1.6277,-0.9708,0.84822,-0.25727,-0.16348,0.26077,-0.85906,-1.4755
-1.2865,-0.88685,1.11,-0.38444,-0.30815,0.32564,-1.2393,-1.4132
-1.3703,-0.64165,1.3357,-0.3003,-0.54568,0.32442,-0.89671,-1.4977
-1.4932,-0.66578,0.96457,-0.08471,-0.53678,-0.40628,-1.0022,-2.0557
-1.5046,-0.89876,1.0092,-0.30102,-0.59888,-0.33113,-0.8381,-1.7287
-1.2053,-0.76647,0.98839,0.20039,-0.24194,-0.12466,-1.2562,-1.3514
-1.2572,-0.75975,1.1943,-0.19356,-0.62876,0.064097,-1.1569,-1.6336
-1.6824,-0.76652,0.98481,-0.38354,-0.31588,-0.051674,-1.0652,-1.3792
-1.2324,-0.85368,0.84012,-0.31879,-0.3736,-0.21016,-1.0241,-1.6145
-1.5694,-0.84428,1.1383,-0.3999,-0.68703,-0.044829,-0.95082,-1.7762
-1.5706,-0.74705,1.0309,-0.30423,-0.41406,0.14914,-1.3062,-1.5606
-1.0573,-0.4451,1.1186,-0.15263,-0.19627,0.083859,-1.1712,-1.3281
-1.4537,-0.84932,1.3336,-0.18989,-0.4934,0.064704,-1.1159,-1.8992
-1.3893,-0.733,0.91297,-0.57954,-0.19994,-0.33146,-1.1213,-1.4697
-1.126,-0.65359,0.99016,-0.43424,-0.2486,0.23088,-1.2692,-1.7222
-1.4763,-0.53956,1.3529,0.012651,-0.45395,0.10279,-1.0953,-1.5655
-1.3819,-0.79176,1.0507,0.10937,-0.2107,0.18228,-1.1942,-1.5452
-1.4155,-0.44942,1.1155,-0.31809,-0.63088,-0.17604,-1.0319,-1.6685
-1.2955,-0.65097,1.3468,-0.30811,-0.46421,0.033284,-1.2082,-1.2568
-1.192,-0.69199,1.2092,-0.35435,-0.90423,-0.040512,-1.1825,-1.6143
-1.177,-0.8709,0.87849,-0.41624,-0.44432,0.15675,-1.3038,-1.5983
-1.728,-0.61964,1.1637,-0.33832,-0.53074,-0.48849,-0.97715,-1.293
-1.4088,-0.632,1.3248,-0.3423,-0.50242,0.29363,-1.1799,-1.3524
-1.479,-0.59095,1.0382,-0.22442,-0.2071,-0.10515,-1.409,-1.8447
-1.441,-0.60933,1.3318,0.021318,-0.21702,-0.02946,-1.164,-1.4132
-1.2693,-0.60658,1.0064,-0.44883,-0.5997,-0.28641,-1.1741,-1.4798
-1.4498,-0.57025,1.2101,-0.34471,-0.57983,0.13449,-1.3553,-1.4249
-1.2173,-0.56864,1.2104,-0.42444,-0.87073,-0.061817,-1.1555,-1.5349
-1.4996,-0.61501,1.2956,-0.1338,-0.47677,0.00025068,-0.87416,-1.714
-1.4528,-0.83203,1.0613,-0.46501,-0.72672,0.077056,-1.4272,-1.4864
-1.2173,-1.068,1.1955,-0.10951,-0.36232,-0.065847,-1.5013,-1.4806
-1.0576,-0.87955,1.2841,-0.31649,-0.41036,-0.182,-1.0922,-1.0468
-1.57,-0.43464,1.0712,-0.057839,-0.54387,-0.051924,-1.282,-1.3113
-1.2501,-0.63144,1.3986,-0.30162,-0.34503,-0.049214,-1.0262,-1.5704
-1.3884,-1.2453,1.4063,-0.40422,-0.63011,0.20331,-1.2743,-1.5081
-1.5589,-0.16674,1.2482,-0.029771,-0.65346,0.19323,-1.1792,-1.5617
-1.4832,-0.65513,1.7646,-0.30827,-0.60457,-0.29433,-1.1773,-1.7048
-1.3905,-0.4474,1.2159,-0.026607,-0.84226,0.090519,-1.2249,-1.7065
-1.2826,-0.58878,1.1749,-0.0050627,-0.49605,-0.022544,-0.99255,-1.4492
-1.1816,-0.56473,1.2687,-0.21382,-0.74772,-0.075412,-1.0443,-1.2622
-1.4203,-0.69105,1.1161,0.022799,-0.54213,0.11532,-1.1224,-0.97817
-1.2229,-0.71881,1.3895,-0.45481,-0.24659,0.075163,-1.2544,-1.2295
-1.3486,-0.38149,1.1926,-0.076006,-0.53274,0.02609,-0.84994,-1.5614
-1.4088,-0.65494,1.2007,-0.2844,-0.60461,-0.24152,-1.0345,-1.4157
-1.2261,-0.72799,1.2718,0.092058,-0.50057,0.028523,-1.2387,-1.3923
-1.2966,-0.72393,1.052,-0.40171,-0.43144,-0.06465,-1.2428,-1.4436
-1.1412,-0.50856,1.1682,-0.086994,-0.78634,0.23808,-1.3926,-1.6834
-1.6368,-0.78899,1.1365,-0.33674,-0.55372,-0.068386,-0.99728,-1.1225
-1.3128,-0.92739,1.3605,-0.20303,-0.57103,0.15109,-1.2058,-1.4322
-1.3708,-0.36025,1.1759,-0.23906,-0.86021,-0.071258,-1.6421,-1.2379
-1.6405,-0.39649,1.1413,-0.17291,-0.29763,-0.025368,-1.0865,-1.5123
-1.4393,-0.78663,1.17,-0.23248,-0.45234,-0.032447,-1.4561,-1.4452
-1.2838,-0.50041,1.6877,-0.23623,-0.85979,-0.37223,-1.3627,-1.6442
-1.5238,-0.47262,1.1549,-0.37798,-0.50568,-0.31378,-1.1337,-1.3479
-1.613,-0.63745,1.1743,-0.28001,-0.55543,-0.25042,-1.3939,-1.2369
-1.6426,-0.77127,1.2307,-0.081364,-0.41224,0.20334,-1.2572,-1.544
-1.14,-0.55164,1.1847,-0.15992,-0.84716,0.30975,-1.5673,-1.5392
-1.3772,-0.38356,1.0811,-0.44048,-0.64565,-0.14686,-1.335,-1.508
-1.0156,-0.81442,1.34,-0.27155,-0.77031,-0.15331,-1.1514,-1.3393
-1.3254,-0.65193,1.5471,0.13635,-0.52491,-0.091157,-1.1572,-1.4813
-1.6501,-0.37353,1.443,-0.098895,-0.68518,0.010045,-1.1301,-1.1579
-1.2317,-0.17693,1.2806,-0.094207,-0.67312,-0.057198,-1.2275,-1.4756
-1.5307,-0.55024,1.4041,-0.36503,-0.52916,0.071197,-1.3966,-1.143
-0.89408,-0.15256,1.263,-0.17312,-0.5882,0.054125,-1.5305,-1.4022
-1.0543,-0.60494,1.553,-0.50714,-0.39291,-0.24163,-1.2735,-1.5794
-1.3194,-0.73517,1.0694,-0.1018,-0.54204,0.2347,-1.134,-1.64
-1.3907,-0.3436,1.4861,-0.24982,-0.93225,0.18272,-1.4442,-1.3018
-1.2413,-0.47249,1.3498,-0.17283,-0.68287,-0.29335,-1.1123,-1.3603
-1.2028,-0.095375,1.3193,-0.086306,-0.76692,0.0073952,-1.2105,-1.2377
-1.4191,-0.41022,1.4352,-0.16666,-0.50594,0.21739,-1.3894,-1.3384
-1.4411,-0.42405,1.3145,-0.26584,-0.24057,-0.11888,-1.3486,-1.2813
-1.0561,-0.68718,1.8821,-0.29486,-1.0349,-0.22493,-1.7205,-1.582
-1.3642,-0.53955,1.3461,-0.012053,-0.33544,0.27733,-1.0069,-1.4546
-1.3407,-0.38489,1.3303,-0.16812,-0.66307,0.023896,-1.4106,-1.3022
-1.7228,-0.52465,1.5699,-0.13457,-0.4958,0.2444,-1.1826,-1.5545
-1.2663,-0.12239,1.4298,-0.11266,-0.88241,-0.30142,-1.2166,-1.4122
-1.2503,-0.37116,1.309,-0.56008,-0.70488,-0.038038,-1.1893,-1.1005
-1.2908,-0.72207,1.2376,-0.22507,-0.32394,0.14442,-1.2731,-0.95145
-1.2671,-0.50422,1.25,-0.15708,-0.55359,0.0033358,-1.3958,-1.3642
-1.4922,-0.60274,1.5512,-0.22503,-0.55102,-0.01387,-1.342,-1.363
-1.7439,-0.67644,1.3314,-0.33732,-0.69977,0.053411,-1.3648,-1.5406
-1.5932,-0.54144,1.693,-0.18074,-0.69696,-0.1202,-1.3595,-1.6352
-1.3228,-0.94454,1.35,-0.19841,-0.70854,0.29162,-1.5116,-1.389
-1.266,-0.3722,1.6352,-0.18945,-0.89857,0.44092,-1.3262,-1.637
-1.2501,-0.36007,1.6706,-0.092851,-0.86028,0.1334,-1.2139,-0.95001
-1.5057,-0.50777,1.4765,-0.10034,-0.34378,0.34001,-1.2992,-1.0136
-1.3247,-0.52393,1.5105,0.061445,-0.85816,0.086573,-1.4009,-0.98832
-1.3429,-0.38589,1.5019,-0.21163,-0.69854,0.031445,-1.4506,-1.3316
-1.4391,-0.32705,1.1333,-0.019163,-0.98124,-0.075698,-1.4474,-1.3249
-1.23,-0.57073,1.201,-0.41312,-0.30406,0.3344,-1.4097,-1.0868
-1.6013,-0.68411,1.6227,-0.46177,-0.45859,0.38205,-1.0275,-1.4343
-1.4644,-0.57385,1.8322,0.32669,-0.34442,-0.074555,-1.4367,-0.86859
-1.0692,-0.052402,1.5069,-0.13548,-0.50998,0.22018,-1.4352,-1.3026
-1.3578,-0.65956,1.7342,-0.18126,-0.59924,0.36235,-1.2613,-1.1359
-1.6081,-0.24972,1.634,-0.28492,-0.65448,0.059916,-1.3245,-1.2049
-1.2086,-0.31755,1.503,-0.15227,-0.66369,-0.10514,-1.686,-1.1744
-1.5835,-0.3326,1.6149,-0.6596,-0.81091,0.27831,-0.91896,-0.93753
-1.2648,-0.67074,1.5681,-0.2441,-0.80489,0.11577,-1.4303,-1.1493
-1.6575,-0.51537,1.5248,-0.18228,-0.5727,0.074977,-1.5688,-1.3709
-1.3739,-0.60344,1.5263,-0.5004,-0.72265,0.30794,-1.4899,-1.0558
-1.58,-0.39018,1.4235,-0.13131,-0.74326,0.15483,-1.6877,-1.3023
-1.4102,-0.53611,1.6228,0.14736,-0.90289,0.06451,-1.4663,-1.294
-1.4805,-0.4068,1.9204,-0.2374,-0.94781,0.18303,-1.4052,-1.0955
-1.2636,-0.25684,1.6616,-0.18097,-0.44757,0.28416,-1.4428,-1.4737
-1.6066,-0.6233,1.1868,-0.1017,-0.31556,0.17461,-1.6413,-1.076
-1.503,-0.63345,1.6689,-0.23479,-0.60476,0.097861,-1.7327,-1.0983
-1.4273,-0.4932,1.7259,-0.15717,-0.3268,0.12956,-1.2117,-1.1499
-1.7475,-0.3345,1.7052,-0.39281,-0.55176,0.10411,-0.98733,-1.1836
-1.6853,-0.5042,1.7582,-0.11051,-0.40448,0.39841,-1.5508,-1.2874
-1.4672,-0.44452,1.5698,0.041961,-0.83787,0.33968,-1.6308,-1.3127
-1.6495,-0.4034,1.4417,-0.29388,-0.22185,0.53983,-1.5404,-1.1993
-1.4571,-0.60831,1.925,0.026439,-1.0178,0.24558,-1.4211,-1.165
-1.7803,-0.43043,1.5146,-0.0052419,-0.62703,0.2743,-1.4363,-1.2879
-1.6088,-0.34672,1.4966,-0.20546,-0.13447,0.17677,-1.4862,-0.83569
-1.3018,-0.70961,1.9601,-0.28818,-0.77934,0.12181,-1.0177,-1.166
-1.8017,-0.77114,1.5726,-0.088313,-0.75927,-0.21681,-1.4726,-1.2103
-1.278,-0.23209,1.4704,-0.16922,-0.75177,0.22259,-1.2619,-1.1302
-1.3885,-0.12107,1.4752,-0.049217,-0.7031,0.13323,-1.6217,-1.0897
-1.7837,-0.30505,1.567,-0.19163,-0.85134,0.25962,-1.6097,-1.215
-1.0736,-0.56329,1.5899,-0.23519,-0.51128,0.22624,-1.6279,-1.1268
-1.4983,-0.41645,1.4407,0.1986,-0.6703,0.37919,-1.3933,-0.95726
-1.3964,-0.23761,1.7579,0.0026873,-0.41576,0.30651,-1.4272,-1.1869
-1.8051,-0.035533,1.7094,-0.095077,-0.36491,-0.063847,-1.4112,-1.1823
-1.1853,-0.63565,1.6548,0.24648,-0.43175,0.32423,-1.4406,-1.3763
-1.5238,-0.42559,1.4859,-0.03255,-0.57921,0.026474,-1.0105,-1.0731
-1.5068,-0.38224,1.7483,-0.23571,-0.36597,0.11299,-1.76,-1.1109
-1.6128,-0.29109,1.4816,-0.32644,-0.82685,0.54194,-1.2119,-0.7948
-1.2945,-0.12692,1.6932,-0.24856,-0.52445,0.34732,-1.6136,-1.0502
-1.2354,-0.51435,1.818,0.055756,-0.38934,0.16612,-1.57,-1.3245
-1.5777,-0.6202,1.659,-0.19883,-0.67212,0.35121,-1.6632,-1.1283
-1.2939,-0.24615,1.5416,0.0012943,-0.88293,0.1284,-1.9288,-1.2321
-1.562,-0.48861,2.13,-0.13504,-0.69106,0.29458,-1.1687,-0.92521
-1.398,-0.12693,1.7034,-0.16858,-0.87538,0.34288,-1.4776,-1.0711
-1.6462,-0.37054,1.7063,-0.32937,-0.55639,0.54112,-1.4584,-1.1125
-1.4272,-0.34055,1.8722,-0.019323,-0.49792,0.32326,-1.4751,-1.3919
-1.5541,-0.48814,1.4711,-0.52081,-0.59699,0.14952,-1.3983,-1.3021
-1.6154,-0.41503,1.7961,-0.35571,-0.61888,-0.026124,-1.4513,-1.1296
-1.6729,-0.50386,1.3164,-0.11013,-0.68995,0.44932,-1.271,-0.94602
-1.3389,-0.31276,1.7134,-0.0054825,-0.8424,0.48151,-1.4774,-1.029
-1.3141,-0.12192,1.7536,-0.23256,-0.45125,0.33254,-1.2721,-1.5213
-1.6148,-0.33676,1.6776,-0.25684,-0.7051,0.088251,-1.0988,-1.1591
-1.7023,-0.32124,1.7391,0.054402,-0.54149,0.69879,-1.2638,-1.3299
-1.7228,-0.34466,1.6821,-0.038384,-0.56279,0.26793,-1.1408,-1.1502
-1.5413,-0.47341,1.8539,0.14468,-0.57867,0.62058,-1.3801,-0.90082
-1.2978,-0.38342,1.7879,-0.16631,-0.43209,0.43276,-1.5984,-1.1592
-1.3965,-0.55701,1.8504,-0.12305,-0.41114,0.52666,-1.642,-1.107
-1.4544,-0.091739,1.8609,-0.042699,-0.50177,0.35161,-1.4846,-1.272
-1.474,-0.13048,1.7604,-0.20924,-0.34534,0.45521,-1.6137,-0.96068
-1.2739,-0.45774,1.6374,0.023415,-0.41597,0.41679,-1.3485,-1.122
-1.4916,-0.074654,1.694,0.26884,-0.68185,0.43061,-1.4248,-0.93398
-1.5529,-0.22051,2.0138,0.046699,-0.94929,0.4533,-1.522,-1.0098
-1.808,-0.36564,1.7729,-0.15644,-0.35552,0.47741,-1.4469,-0.66413
-1.3974,-0.26558,2.0456,-0.19689,-0.65875,0.6045,-1.2746,-1.0627
-1.4798,-0.37185,1.6643,-0.34576,-0.42242,0.62613,-1.5029,-0.83873
-1.9396,-0.42486,1.8748,-0.15632,-0.7774,0.34074,-1.3809,-0.84658
-1.5696,-0.15831,1.8139,-0.16084,-0.37116,0.42216,-1.4634,-1.2992
-1.7148,-0.41031,1.713,-0.015893,-0.4877,0.33035,-1.3925,-0.73331
-1.4341,-0.24989,1.7451,-0.2802,-0.70119,0.42388,-1.403,-0.66219
-1.5934,-0.60315,1.8806,0.42179,-0.44055,0.56751,-1.2138,-0.89687
-1.911,-0.29522,1.6636,0.017145,-0.67325,0.38441,-1.2836,-1.1275
-1.9088,-0.50558,1.7055,-0.088953,-0.56739,0.68521,-1.1833,-0.82952
-1.246,-0.59467,1.5898,-0.14501,-0.66812,0.091808,-1.2965,-1.0823
-1.5552,-0.17052,1.626,0.034484,-0.33771,0.47175,-1.4085,-1.0166
-1.5193,-0.38039,2.1071,-0.23256,-0.42152,0.42863,-1.4391,-1.0415
-1.4948,-0.50508,1.9012,-0.077356,-0.64538,0.51287,-1.5373,-0.84145
-1.605,-0.25637,2.1037,0.27958,-0.36043,0.35919,-1.3968,-0.69689
-1.4583,-0.48206,1.8225,-0.10448,-0.36355,0.48304,-1.1901,-1.1083
-1.7798,-0.6164,1.6904,-0.16408,-0.62111,0.50952,-1.3581,-0.66723
-1.5158,-0.52819,1.6293,-0.11874,-0.7212,0.65407,-1.4656,-0.63895
-1.5208,-0.20198,1.8738,-0.27927,-0.64762,0.53748,-0.94809,-0.6247
-1.5371,-0.23696,2.1232,-0.31138,-0.58469,0.29682,-1.4267,-1.0488
-1.751,-0.30017,1.907,-0.22914,-0.8543,0.4062,-1.4849,-0.87561
-1.4874,-0.091369,1.735,-0.082641,-0.58821,0.62454,-1.2532,-0.83183
-1.6146,-0.52525,2.0871,-0.047881,-0.4423,0.74074,-1.5289,-0.80559
-1.5233,-0.37584,1.8544,-0.21019,-0.55494,0.51717,-1.3653,-0.93886
-1.4654,-0.59334,1.9979,-0.11634,-0.31419,0.60208,-1.5192,-1.0323
-1.7016,-0.5724,1.9424,-0.16785,-0.38223,0.493,-1.3678,-0.79438
-1.6528,-0.5827,1.9823,0.017336,-0.72563,0.33384,-1.4498,-0.62818
-1.3826,-0.47627,1.7005,-0.15314,-0.37054,0.69065,-1.3863,-0.57128
-1.3935,-0.069728,1.7777,0.23062,-0.62849,0.64756,-1.1601,-1.05
-1.5633,-0.43751,1.978,0.21276,-0.99673,0.83639,-1.3198,-0.9648
-1.4284,-0.38359,2.2037,-0.11644,-0.31415,0.75955,-1.4641,-0.92341
-1.4145,-0.21097,1.9771,-0.10033,-0.76317,0.30024,-1.1466,-0.75323
-1.5424,-0.38409,2.111,-0.35918,-0.65778,0.19665,-1.2628,-0.75703
-1.5649,-0.19318,2.0034,0.35869,-0.29533,0.30709,-1.475,-0.94472
-1.61,-0.61181,1.9836,0.014728,-0.43435,0.73686,-1.4745,-0.81716
-1.5005,-0.33431,1.9432,-0.099602,-0.52719,0.57495,-1.4894,-0.74311
-1.7233,-0.4543,1.7459,-0.20025,-0.79653,0.67387,-1.4362,-0.80749
-1.7433,-0.4262,1.7236,-0.085228,-0.51912,0.45851,-1.5804,-0.65011
-1.2342,-0.3373,1.9557,-0.27683,-0.19156,0.51891,-1.2857,-1.1105
-1.4215,-0.24213,1.8647,0.18116,-0.57805,0.72407,-1.3061,-0.50671
-1.44,-0.52726,1.8966,-0.48064,-0.83561,0.5373,-1.4933,-0.45312
-1.7054,-0.42767,2.0728,-0.022152,-0.44454,0.56894,-1.637,-0.81602
-1.1644,-0.27331,1.8748,0.22015,-0.60885,0.48521,-1.0829,-0.74972
-1.4953,-0.42671,2.3877,-0.42251,-0.48348,0.34683,-1.5035,-0.49853
-1.4262,-0.67101,1.9356,-0.15543,-0.67996,0.4046,-1.327,-0.9315
-1.6458,-0.17392,1.7861,0.019598,-0.39658,0.79781,-1.4517,-0.48522
-1.7591,-0.71836,2.0136,-0.093887,-0.36583,0.28571,-1.6512,-0.72594
-1.7707,-0.76031,2.0341,0.11177,-0.52554,0.51428,-1.3992,-0.39654
-1.757,-0.36711,1.6281,0.16756,-0.48521,0.35786,-1.4578,-0.77166
-1.6871,-0.31806,2.1144,0.015783,-0.43343,0.5898,-1.3696,-0.98898
-1.2462,-0.34487,1.7206,0.058477,-0.25041,0.38179,-1.3198,-0.83655
-1.8889,-0.5264,1.6915,0.05996,-0.59721,0.60712,-1.5144,-0.80429
-1.7279,0.054975,2.0932,-0.085999,-0.47195,0.60489,-0.98944,-0.92529
-1.3251,-0.61796,1.9588,-0.21629,-0.49654,0.64752,-1.2396,-0.78997
-1.2671,-0.71361,1.7355,-0.15395,-0.74225,0.98182,-1.2915,-0.51745
-1.6049,-0.32603,2.1868,-0.063551,-0.41486,0.48588,-1.4537,-0.56126
-1.3928,-0.26196,2.0303,-0.057252,-0.58232,0.52536,-1.2267,-0.51532
-1.6583,-0.56417,1.835,-0.087363,-0.73299,0.69759,-1.527,-0.55032
-1.6333,-0.64856,1.6443,-0.2458,-0.17836,0.6711,-1.0561,-0.39541
-1.6551,-0.51495,1.7804,-0.040295,-0.68064,0.66683,-1.3351,-0.89126
-1.5827,-0.23396,1.9604,0.012859,-0.33472,0.69164,-0.91608,-0.85884
-1.2503,-0.58871,2.1055,0.048322,-0.56011,0.69181,-1.567,-0.40389
-1.4455,-0.67821,1.7703,0.057607,-0.49781,1.0216,-1.1532,-0.62251
-1.302,-0.54639,2.0171,-0.2468,-0.61841,0.57294,-1.3696,-0.69739
-1.4857,-0.48465,1.6554,-0.40177,-0.58389,0.7191,-1.0236,-0.87159
-1.5425,-0.41968,2.3151,0.014395,-0.51495,0.50372,-1.2426,-0.59386
-1.512,-0.76011,2.1511,-0.044626,-0.45152,0.89151,-1.0096,-0.71403
-1.2643,-0.53071,1.9092,-0.052681,-0.5616,0.82403,-0.85781,-0.81699
-1.4742,-0.60838,2.1029,-0.13027,-0.71363,1.0145,-1.2084,-1.1152
-1.444,-0.44078,2.0335,0.020221,-0.36831,0.79929,-0.94008,-0.66487
-1.1672,-0.60867,2.0356,-0.17806,-0.28881,0.97019,-1.3934,-0.48473
-1.5585,-0.3554,1.8319,-0.060887,-0.22487,0.68389,-1.5721,-0.78279
-1.7289,-0.37538,1.7531,0.024774,-0.56332,0.72429,-1.2642,-0.61534
-1.4993,-0.57113,2.1755,-0.19846,-0.32544,0.80602,-1.4297,-0.4926
-1.7093,-0.73639,2.0309,-0.07808,-0.2399,0.44127,-1.2928,-0.64709
-1.3513,-0.26705,1.7404,-0.21349,-0.56591,1.1353,-1.0395,-0.59612
-1.8505,-0.43385,2.2821,-0.40416,-0.25066,0.74994,-0.89383,-0.45133
-1.6621,-0.31268,1.8588,-0.086588,-0.55235,0.78826,-1.2253,-0.44893
-1.0719,-0.47316,2.1215,-0.004758,-0.44836,0.65415,-1.0801,-0.74184
-1.3484,-0.27038,1.9056,-0.25498,-0.39816,0.68962,-1.3067,-0.50799
-1.5174,-0.20107,2.2178,-0.17262,-0.27689,0.9543,-0.95441,-0.7437
-1.4915,-0.50253,1.5992,-0.14734,-0.39879,0.83936,-0.9727,-0.78399
-1.6389,-0.30208,1.7943,-0.10459,-0.4317,1.1721,-1.0843,-0.44719
-1.279,-0.45933,1.9844,0.10112,-0.37051,0.68112,-1.5904,-0.63552
-1.4989,-0.46274,2.1808,0.00074206,-0.5691,0.47323,-0.97591,-0.55435
-1.6377,-0.39472,1.9159,-0.11961,-0.43404,0.67063,-1.4597,-0.74273
-1.5004,-0.45745,2.0444,0.064023,-0.53028,0.91102,-1.1716,-0.69494
-1.4434,-0.59764,1.8535,-0.022048,-0.34937,0.8286,-1.1019,-0.56866
-1.3652,-0.59497,1.9498,0.068168,-0.25541,0.8774,-0.83917,-0.56199
-1.4855,-0.47157,1.6948,-0.089484,-0.61254,0.95722,-1.2207,-0.5221
-1.3859,-0.53696,2.057,-0.086375,-0.38485,0.80677,-0.86257,-0.67498
-1.1187,-0.42038,1.8648,-0.20646,-0.36205,0.75615,-1.0569,-0.51457
-1.7824,-0.52328,1.7786,-0.078024,-0.40918,0.85302,-1.1806,-0.17759
-1.5708,-0.59274,2.1259,0.10126,-0.35305,0.94173,-1.0952,-0.53117
-1.2363,-0.59524,2.1803,-0.06648,-0.49863,0.8662,-1.1186,-0.4142
-1.7698,-0.66614,2.0434,-0.11615,-0.38876,0.52716,-1.3308,-0.70056
-1.6689,-0.54618,1.9215,-0.29832,-0.44306,0.85116,-0.90877,-0.4765
-1.5191,-0.68751,2.2981,-0.4699,-0.14831,0.84856,-0.7757,-0.6585
-1.6976,-0.58903,1.9251,-0.19171,-0.26773,1.0074,-1.232,-0.68684
-1.4593,-0.5238,1.8553,-0.16804,-0.14538,0.8846,-0.86738,-0.64351
-1.4447,-0.72355,2.1,-0.0011461,-0.52903,0.58192,-1.2372,-0.27463
-1.6977,-0.15996,2.013,-0.16641,-0.45094,0.7554,-1.0204,-0.54538
-1.3609,-0.53875,2.1624,-0.051207,-0.24434,1.0967,-1.3137,-0.40681
-1.5339,-0.64667,1.6728,-0.32326,-0.16759,0.71719,-1.2504,-0.44864
-1.7479,-0.64337,2.0745,-0.12474,-0.51462,1.1312,-1.1952,-0.17722
-1.6605,-0.49667,2.0737,0.092615,-0.087485,0.78484,-1.0519,-0.49087
-1.6889,-0.40573,2.1111,0.030329,-0.53639,0.97865,-0.94298,-0.49892
-1.4004,-0.54793,1.8636,-0.33363,-0.51572,0.78308,-1.1971,-0.60765
-1.5158,-0.39104,2.2187,-0.25499,-0.22934,0.90953,-1.0758,-0.7644
-1.3063,-0.56971,2.252,0.040895,-0.0026903,0.66968,-1.3849,-0.099757
-1.9694,-0.57337,2.2176,-0.34108,-0.19873,1.0423,-1.0606,-0.53287
-1.6393,-0.4596,1.639,-0.39782,-0.13158,0.94581,-1.114,-0.40487
-1.3329,-0.51189,1.9823,0.25744,0.037576,0.88351,-0.95174,-0.34548
-1.2735,-0.77554,2.037,-0.1381,0.077619,0.84173,-0.85167,-0.48543
-1.4212,-0.85106,1.7618,-0.31909,-0.29374,0.76102,-1.2162,-0.57895
-1.2578,-0.30953,1.9351,-0.45996,-0.17772,0.88137,-0.99676,-0.32262
-1.61,-0.58083,1.8317,-0.34048,-0.2997,0.83802,-1.0089,-0.52042
-1.5334,-0.56986,1.7022,-0.1188,-0.24866,1.0587,-0.85196,-0.44484
-1.3933,-0.56031,1.8976,-0.17681,-0.35738,1.0429,-1.2721,-0.79289
-1.5931,-0.78548,2.0042,0.046142,-0.083437,1.0299,-1.0006,-0.73406
-1.3583,-0.69289,2.2415,-0.15898,-0.4003,0.8386,-1.2008,-0.35275
-1.4746,-0.29871,1.7562,-0.10182,-0.45635,0.83257,-0.74561,-0.59336
-1.6095,-0.6117,1.8587,-0.34608,-0.22283,1.3606,-1.081,-0.25846
-1.474,-0.62691,1.766,-0.14691,-0.035076,0.97428,-0.55639,-0.62867
-1.499,-0.4017,2.1354,-0.11422,-0.12589,0.5552,-0.70109,-0.36992
-1.4477,-0.72846,2.1988,-0.81852,-0.048085,0.59386,-0.75009,-0.54605
-1.4477,-0.6135,2.0757,-0.4112,-0.45195,1.0754,-0.7512,-0.31284
-1.5515,-0.67934,1.8429,-0.098449,-0.3604,0.98414,-1.1061,-0.60292
-1.6119,-0.42319,1.832,-0.019867,-0.40279,0.98222,-0.92234,-0.27293
-1.9938,-0.55093,2.1675,-0.11931,-0.12465,1.1681,-1.0452,-0.31448
-1.4575,-0.64946,1.9783,-0.023586,-0.42493,0.77487,-0.71739,-0.48622
-1.6388,-0.12451,1.8349,-0.36617,0.00029657,1.0942,-1.2226,-0.38093
-1.4628,-0.85098,1.9245,0.072252,-0.12175,1.2542,-0.99633,0.028458
-1.3593,-0.73775,1.8921,-0.070507,-0.092447,0.89111,-1.0118,-0.68127
-1.4339,-0.67863,2.0642,0.052262,-0.0099404,1.0923,-0.87057,-0.54651
-1.62,-0.64329,1.8182,-0.14349,-0.063922,1.0436,-0.85263,-0.36507
-1.4195,-0.40083,1.8758,-0.36159,-0.4121,0.68119,-1.0023,-0.58154
-1.3465,-0.37275,2.0428,-0.17822,-0.26242,0.8872,-0.91078,-0.5576
-1.2303,-0.78616,1.788,-0.33063,0.055416,0.89691,-0.87,-0.38986
-1.2745,-0.55444,1.6192,-0.22076,-0.46008,1.0607,-0.56258,-0.10761
-1.3415,-0.65832,2.0087,-0.2472,0.0051861,0.71858,-1.03,-0.45137
-1.5959,-0.58836,1.9032,0.27142,-0.27916,1.0901,-0.97798,-0.30006
-1.5413,-1.0105,1.8421,-0.36204,-0.47534,1.0181,-0.66767,-0.33836
-1.3695,-0.40193,1.6124,-0.18988,-0.079955,0.91912,-1.0271,-0.473
-1.1842,-0.72001,2.0343,-0.35467,-0.24158,0.79742,-0.57944,-0.26036
-1.2807,-0.76407,2.0334,-0.034757,0.0086733,0.71244,-1.0035,-0.60338
-1.7267,-0.90377,1.857,-0.15539,-0.38112,0.51423,-0.91825,-0.52681
-1.1392,-0.6799,2.0864,-0.14921,-0.55706,0.98355,-1.125,-0.074996
-1.2705,-0.70661,1.6238,-0.33599,-0.37279,1.2403,-0.45832,-0.18235
-1.6304,-0.92583,2.0312,-0.12195,-0.4227,1.2085,-0.77282,-0.37643
-1.5559,-0.82389,1.7583,-0.2948,0.0060986,1.1599,-0.83329,-0.62144
-1.1851,-0.87493,1.8808,-0.35101,-0.29967,1.0154,-0.40398,-0.50062
-1.1894,-0.61858,1.7286,-0.39798,-0.24834,1.0627,-0.92786,-0.48008
-1.6239,-0.83267,1.9928,-0.1579,0.021515,1.0286,-1.1592,-0.5463
-1.7031,-0.92058,1.8467,-0.3438,-0.3932,0.77713,-0.74219,-0.26891
-1.6013,-0.66951,1.8168,-0.59269,0.046941,1.14,-0.83697,-0.67742
-1.2832,-0.75315,1.8223,-0.32123,-0.058639,1.1105,-0.77391,-0.49914
-1.5642,-1.0477,1.9186,-0.132,0.045896,0.79067,-0.57671,-0.27411
-1.4835,-0.44424,1.7763,-0.32727,-0.038456,0.93451,-0.90601,-0.18747
-1.4512,-0.66503,1.3212,-0.1392,-0.091248,0.95333,-0.71346,-0.22927
-1.3702,-0.71277,1.7338,-0.2345,-0.14568,1.0593,-0.09224,-0.44088
-1.5896,-0.78178,1.8971,-0.22502,0.029905,1.1041,-0.92225,-0.5557
-1.6558,-1.1737,2.1579,-0.10192,-0.081029,1.2764,-0.57277,-0.56919
-1.5882,-0.86118,1.8465,-0.187,0.39402,0.63677,-0.65722,-0.50134
-1.5071,-0.64631,2.1941,-0.20007,-0.097675,1.0632,-0.57406,-0.28775
-1.9196,-0.43239,1.8846,-0.43003,-0.19218,1.0162,-0.28346,-0.59733
-1.6024,-0.85965,1.9082,0.054044,-0.13608,0.90454,-0.39951,-0.56269
-1.6677,-0.6914,1.9554,0.05037,0.1417,1.0188,-0.49481,-0.34383
-1.4357,-0.68114,1.909,-0.6062,-0.21383,1.1592,-0.52529,-0.50432
-1.0671,-0.43403,1.5037,-0.089764,-0.57666,1.1611,-0.45146,-0.52985
-1.1245,-0.3686,1.9299,-0.027804,-0.31571,0.92694,-0.71178,-0.038581
-1.754,-0.642,1.9702,-0.28529,-0.15172,0.88757,-0.55152,-0.33511
-1.1119,-1.0281,2.1854,-0.25642,0.22699,1.0124,-0.8711,-0.20351
-1.5064,-1.0487,1.8762,-0.43086,-0.32885,1.0248,-0.63641,-0.44413
-1.3615,-0.89449,1.7056,-0.48357,-0.40628,1.154,-0.78081,-0.4249
-1.6323,-0.90578,1.6444,-0.26993,-0.17454,1.239,-0.89676,-0.40725
-1.328,-0.78065,1.6369,-0.035532,-0.062728,0.82342,-0.48399,-0.49784
-1.4535,-1.1174,1.8826,-0.32002,-0.36119,1.1689,-0.55963,-0.23215
-1.1218,-0.65098,1.5798,-0.30973,-0.27157,1.2131,-0.17694,-0.23538
-1.4804,-0.93035,1.8297,-0.48093,-0.010359,1.2768,-0.60152,-0.44568
-1.4684,-1.0011,2.0127,-0.42562,0.077176,0.9003,-0.5225,-0.29759
-1.1133,-0.80533,1.8161,-0.023598,-0.15825,0.9796,-0.50118,-0.41658
-1.0714,-1.0951,1.9311,-0.086276,0.02935,1.2802,-0.66142,-0.63292
-0.9011,-0.84443,1.5212,-0.44185,-0.44721,1.0169,-0.29892,-0.40719
-1.1607,-1.065,1.4196,-0.27551,-0.23877,1.383,-0.50127,-0.549
-1.6286,-0.88818,1.5554,-0.25979,-0.36413,0.69041,-0.55686,-0.47597
-1.5602,-1.0197,1.7347,-0.020412,0.20297,1.1373,-0.28887,-0.00073228
-1.4556,-1.1763,1.7877,-0.30687,-0.071676,1.333,-0.11118,-0.25676
-0.93057,-0.82034,1.6808,-0.38885,-0.24104,1.0265,-0.52127,-0.59091
-1.2029,-0.84055,1.7687,-0.23015,-0.38031,1.1378,-0.67298,-0.28232
-1.2599,-0.73144,1.6087,-0.030447,-0.41898,1.3914,-0.30787,-0.24895
-1.3294,-1.0418,1.6863,-0.37011,-0.25213,1.0914,-0.35704,-0.29829
-1.2831,-0.79429,1.9632,-0.087861,-0.56738,1.3015,-0.64883,-0.42752
-1.4244,-0.73761,1.6397,-0.26677,-0.29106,0.90213,-0.70132,-0.55757
-1.3275,-0.94018,1.6541,-0.62167,-0.21706,1.2364,-0.36827,-0.65742
-1.6172,-0.73584,1.4316,-0.27973,0.14408,1.058,-0.36358,-0.57139
-1.1429,-0.74259,1.411,-0.25204,-0.26954,1.0618,-0.2334,-0.077676
-1.3164,-0.89291,1.4796,-0.33332,0.053974,0.87542,-0.44483,-0.23554
-0.979,-0.995,1.8839,-0.2803,-0.13004,1.204,-0.31148,-0.34771
-1.6402,-0.67163,1.6122,-0.34517,-0.027024,1.0829,-0.36924,-0.29869
-1.431,-0.86392,1.3442,-0.34985,-0.2038,1.3743,-0.35529,-0.48174
-1.0395,-0.86655,1.745,-0.35612,0.15838,0.92104,-0.76009,-0.49077
-0.96524,-0.88596,1.7217,-0.45596,-0.50492,1.2471,-0.14475,-0.66116
-1.1083,-1.0661,1.5175,-0.3142,0.12949,0.89978,-0.27312,-0.64367
-1.1686,-0.72975,1.574,-0.09347,-0.073161,1.1006,-0.19501,-0.44277
-1.1448,-0.81733,1.4646,-0.29817,0.17468,1.0794,0.19817,-0.40774
-1.1714,-0.95863,1.3584,-0.30906,-0.034878,1.2838,-0.47047,-0.46966
-1.2508,-0.66957,1.8446,-0.64191,0.035404,1.3241,-0.22402,-0.013891
-0.84476,-0.96516,1.3916,-0.32757,-0.14486,1.1349,-0.12879,-0.21759
-1.347,-0.78055,1.6322,-0.60917,-0.23512,1.5651,-0.31353,-0.47228
-1.3471,-0.48656,1.676,-0.4699,-0.008191,1.5139,-0.48209,-0.51154
-1.2161,-0.98366,1.6304,-0.49614,0.29362,0.75846,-0.25106,-0.23678
-1.3357,-1.0541,1.6807,-0.5282,0.22601,1.0656,0.046556,-0.63484
-1.0282,-0.83,1.4872,-0.34475,0.04634,0.90243,-0.21957,-0.40438
-1.0244,-1.0725,2.0509,-0.10746,-0.063958,1.0271,-0.26231,-0.28409
-1.3442,-0.7027,1.6473,-0.39949,-0.19446,1.0196,0.083425,-0.26473
-1.0069,-1.1773,1.6098,-0.27496,0.047046,0.80159,-0.44581,-0.41753
-0.99608,-0.97742,1.7954,-0.19818,-0.084668,1.1339,-0.27004,-0.52497
-1.0498,-0.95804,1.4015,-0.45369,0.18874,0.93868,-0.16662,-0.23322
-1.4547,-1.0678,1.6457,-0.50099,-0.17085,0.80226,0.030622,-0.52502
-1.2782,-1.1382,2.0781,-0.40823,-0.19642,1.1437,-0.28138,-0.093893
-1.0253,-1.0986,1.5375,-0.40863,0.22778,0.99883,0.13189,-0.48059
-1.6998,-0.4991,1.6201,-0.84721,-0.35683,1.2708,-0.1951,-0.48849
-1.139,-0.63436,1.4595,-0.47954,0.24661,0.99329,-0.17918,-0.30789
-0.85516,-0.93104,1.6242,-0.27426,-0.0079982,0.88662,-0.021944,-0.45633
-1.1258,-0.86168,1.6789,-0.47613,-0.084261,1.1828,0.058423,-0.19768
-1.4037,-0.46617,1.6847,-0.1818,-0.0068551,1.1082,0.026491,-0.22992
-1.044,-1.0391,1.9238,-0.38253,0.012275,1.1188,0.12748,-0.064032
-1.1291,-0.88895,1.3804,-0.65575,0.27501,0.80069,0.13346,-0.30874
-1.1517,-0.80604,1.4587,-0.17839,-0.26109,1.3661,-0.068915,-0.3211
-1.3625,-1.1996,1.2429,-0.64322,0.05059,1.0393,-0.0072307,-0.35345
-1.1881,-0.91214,1.8473,-0.49297,0.014121,1.0727,-0.13715,-0.79094
-1.2607,-0.86395,1.6561,-0.25373,-0.13456,1.3248,0.24531,-0.1667
-1.047,-0.74527,1.1278,-0.62436,0.0074356,0.85884,0.29516,-0.22439
-1.0567,-1.0807,2.0067,-0.48811,-0.073431,1.0608,0.066768,-0.26897
-1.1268,-0.72286,1.1685,-0.31806,0.32989,1.0658,0.19058,-0.4478
-1.2249,-0.47288,1.5559,-0.54844,0.33369,0.8478,-0.29437,-0.45737
-1.1501,-0.84216,1.242,-0.68562,-0.23806,0.98999,-0.11387,-0.24359
-1.0258,-0.88752,1.6803,-0.16491,-0.21249,0.78628,0.07002,-0.49784
-1.0518,-0.89986,1.4989,-0.56098,-0.097023,1.0798,0.1178,-0.32381
-0.92732,-1.1376,1.4695,-0.22391,0.12112,0.92722,-0.048073,-0.44166
-1.1608,-0.90481,1.4001,-0.49029,-0.18872,1.1805,-0.0076034,-0.2775
-1.2807,-0.99616,1.6732,-0.23632,-0.17944,0.99476,-0.221,-0.32456
-0.76925,-1.1018,1.7395,-0.79017,-0.35742,1.1756,-0.11572,-0.60915
-1.0859,-1.1154,1.2461,-0.417,-0.19949,1.6794,0.32324,-0.39855
-1.1575,-0.75075,1.5041,-0.69993,-0.099454,0.88128,-0.16419,-0.43489
-0.98444,-0.84702,1.6087,-0.61094,-0.11257,1.1884,0.07102,-0.99924
-1.2172,-1.2046,1.5867,-0.70847,0.11723,1.3895,0.16062,-0.36542
-0.70273,-1.0612,1.3622,-0.04632,-0.00037938,1.0912,0.066675,-0.63434
-1.0002,-1.0214,1.5447,-0.56189,-0.037072,0.97836,-0.0081216,-0.37244
-0.94092,-1.0243,1.656,-0.58523,-0.04124,1.1673,-0.036586,-0.43141
-1.0482,-0.56062,1.407,-0.73836,-0.27737,0.88616,-0.3459,-0.47415
-0.82431,-0.86645,1.2465,-0.65184,0.09734,1.1315,-0.1485,-0.50182
-0.98066,-1.1358,1.4814,-0.51254,-0.28853,1.2754,-0.15739,-0.65952
-0.73624,-1.1824,1.5531,-0.68183,0.096104,1.3967,0.24873,-0.66672
-1.2961,-0.83616,1.4099,-0.62405,-0.00093062,1.4123,0.022228,-0.39068
-1.1633,-0.81699,1.3035,-0.73865,0.35273,1.1181,0.13422,-0.54184
-0.66312,-0.78829,1.3321,-0.74758,-0.066803,0.94267,0.095453,-0.76224
-0.98214,-0.74192,1.4779,-0.13184,-0.12233,1.1201,0.0981,-0.45071
-0.97637,-1.1943,1.5406,-0.5916,-0.18204,1.1834,-0.12777,-0.59573
-0.77055,-1.2058,1.3412,-0.79543,0.076643,0.99301,0.22764,-0.1179
-1.25,-1.084,1.4946,-0.342,0.094171,0.84535,0.176,-0.47219
-0.81091,-0.95132,1.7204,-0.59725,-0.031587,1.0367,0.21787,-0.39109
-0.97066,-0.83373,1.6275,-0.57866,0.1066,1.0767,0.44866,-0.39201
-1.0379,-0.83205,1.283,-0.36686,0.16827,1.2209,0.41288,-0.61225
-1.0831,-1.4254,1.4208,-0.43742,0.0046185,1.1388,0.068342,-0.54305
-0.88524,-0.69552,1.2872,-0.46481,0.35191,1.2498,0.12615,-0.25724
-1.0572,-0.54075,1.1665,-0.92733,-0.02545,0.84117,0.1787,-0.39815
-0.9917,-0.63879,1.4244,-0.53501,-0.11243,1.0046,0.22724,-0.12657
-0.87896,-0.99668,1.0452,-0.55316,0.028496,1.0921,0.12653,-0.75846
-1.0502,-0.98693,1.4197,-0.51897,0.22074,1.2911,0.26024,-0.38761
-1.2371,-0.88324,1.4838,-0.54671,-0.023734,1.3269,0.20486,-0.65763
-0.82488,-0.95056,1.2727,-0.80328,0.074376,1.1676,0.23417,-0.26274
-0.9669,-0.9265,1.4905,-0.50522,0.17196,1.2511,0.16291,-0.57856
-0.928,-1.1132,1.4305,-0.50605,-0.15201,1.3492,0.13346,-0.85413
-0.68714,-0.92379,1.4775,-0.59498,-0.12161,1.3591,0.35035,-0.62706
-1.0739,-0.91748,1.2338,-0.38961,0.38078,1.332,0.25535,-0.23413
-0.71862,-1.1285,1.5153,-0.78804,0.30617,1.2496,0.36321,-0.53692
-1.0973,-1.0078,1.2983,-0.60694,0.1569,1.2828,0.33508,-0.39371
-1.1288,-1.1084,1.6677,-0.74945,0.14946,1.1858,0.4781,-0.58742
-0.91941,-1.0279,1.3479,-0.54353,-0.080313,0.92419,0.26466,-0.60594
-0.7094,-1.2905,1.1804,-0.89059,0.072496,1.3618,0.36622,-0.55095
-0.93531,-1.0297,1.4419,-0.64645,0.1746,1.1587,0.39151,-0.61072
-1.0435,-0.94977,1.2484,-0.65203,0.15127,0.9458,0.59043,-0.66686
-0.62853,-1.3639,1.181,-0.47226,0.35186,1.3492,0.35098,-0.76149
-0.71746,-0.86751,1.0522,-0.66175,0.12053,0.68518,0.19253,-0.9919
-0.83932,-0.8575,1.5066,-0.63122,0.057806,1.1431,0.21774,-0.51644
-0.50447,-1.0578,1.1729,-0.30975,0.11795,1.3992,0.16642,-0.3669
-1.0729,-0.88302,1.286,-0.7156,0.37581,1.0512,0.50454,-0.46494
-1.1008,-0.88093,1.264,-0.42819,-0.019682,1.0942,0.37928,-0.94515
-0.94244,-0.85263,1.0586,-0.86533,0.44485,1.1291,0.69317,-0.67596
-1.1818,-0.96373,1.298,-0.98951,0.11459,0.69766,0.20179,-0.6581
-0.65461,-1.061,1.6355,-0.42029,0.10731,0.97744,0.62104,-0.51178
-0.87017,-0.85758,1.0152,-0.84647,-0.063754,1.4223,0.30899,-0.48231
-0.64127,-1.086,1.2214,-0.85342,-0.071318,1.1776,0.42053,-0.50351
-0.92201,-0.89171,1.0944,-0.60382,-0.052616,1.5041,0.40909,-0.75504
-0.74345,-1.1863,1.152,-0.83737,0.442,1.2574,0.24034,-0.38945
-0.81562,-1.1516,1.3933,-0.55572,0.28217,1.1407,0.40194,-0.44203
-0.89153,-0.79102,1.2444,-0.59227,0.20813,0.94508,0.24972,-0.58028
-0.84304,-1.0212,1.4032,-0.88046,-0.45407,0.89407,0.35151,-0.77323
-0.87596,-1.0457,1.3912,-0.99551,0.24874,0.81764,0.49142,-0.77477
-0.71429,-0.80466,1.1118,-0.50117,0.13048,1.1624,0.52011,-0.58088
-0.86625,-0.71658,0.98161,-0.63934,-0.20953,1.1076,-0.14322,-0.72345
-0.6144,-0.77942,1.2618,-0.47045,0.02282,1.0025,0.55939,-0.71528
-0.73859,-0.81137,1.3521,-0.61969,0.019548,0.64877,0.34924,-0.47318
-0.69383,-1.0802,1.0596,-0.50798,0.2403,0.95576,0.61721,-0.56569
-0.70644,-1.1052,1.0902,-0.79583,0.20037,1.1978,0.32809,-0.83754
-1.0487,-1.2,1.3038,-0.7627,0.0098707,1.082,0.53618,-0.59542
-0.77045,-1.0103,1.3127,-0.74179,-0.11083,1.1896,0.68441,-0.4177
-0.42479,-0.93207,1.0501,-0.77482,0.22336,1.1774,0.47861,-0.68429
-0.89507,-1.0892,1.3674,-0.38312,0.3778,0.96011,0.64486,-0.65963
-0.62229,-0.76436,1.264,-0.69341,0.31959,0.84722,0.65985,-0.69006
-0.97879,-1.1413,1.2354,-0.56654,-0.054379,1.0481,0.44361,-0.30927
-0.50536,-1.1591,1.3805,-0.68415,0.064512,1.3207,0.35314,-0.97096
-0.79282,-1.2306,1.1361,-1.0955,0.38884,1.1116,0.69659,-0.52513
-0.85028,-0.81904,1.2639,-0.85629,0.48698,0.93759,0.52138,-0.59967
-0.9048,-0.95572,0.89656,-0.74173,0.4133,1.1571,0.54969,-0.66114
-0.71511,-1.0373,1.4216,-0.76412,-0.15915,1.0246,0.29264,-1.0276
-0.85812,-0.7455,1.2588,-0.6927,0.25189,0.92536,0.60009,-0.84251
-0.8024,-1.1656,1.218,-0.86995,-0.026537,0.87107,0.64699,-0.63909
-0.63257,-1.1836,1.1429,-0.49262,0.13426,1.0785,0.40899,-0.62334
-0.80853,-0.75366,1.3178,-0.7182,0.097782,1.1367,0.36333,-0.48111
-0.73476,-0.84908,1.0913,-0.97224,-0.084114,1.0639,0.86048,-0.42886
-0.36484,-1.1027,1.2941,-0.6176,-0.016619,1.0267,0.4846,-0.78247
-0.6499,-0.88868,1.2121,-0.90965,-0.054289,1.225,-0.036849,-0.82269
-0.99996,-1.1329,1.0834,-0.42409,-0.096246,1.2872,0.75378,-0.7752
-0.69261,-0.87126,1.1361,-0.53366,0.1019,1.1423,0.48255,-0.53228
-0.51681,-1.1519,0.9969,-0.39072,0.11751,0.89857,0.61726,-0.74876
-0.69871,-0.68326,1.0682,-0.64717,-0.068076,0.84377,0.55261,-0.52357
-0.90687,-1.1025,1.0233,-0.74318,0.059782,0.74095,0.4389,-0.93046
-0.70182,-0.94126,1.1836,-0.72983,0.24273,1.0828,0.23285,-0.58353
-0.68438,-1.0784,1.3539,-0.78549,0.3694,1.0767,0.81124,-0.57886
-0.56455,-0.93653,1.1058,-0.89836,0.21214,0.99249,0.44087,-0.96463
-0.026034,-0.89509,0.96714,-0.68868,0.15776,1.0175,0.37489,-0.30831
-0.69676,-0.93787,1.3092,-0.35263,0.29487,1.2357,0.49283,-0.66605
-0.64022,-0.53392,1.1581,-0.35275,0.0011137,1.0171,0.70586,-0.95223
-0.75661,-0.73693,0.66513,-0.819,-0.021719,0.84019,0.71147,-0.81767
-0.85986,-1.1764,0.79746,-0.60242,-0.14311,1.1219,0.75633,-0.62026
-0.4287,-0.90576,1.3139,-0.40765,0.039616,1.2152,0.54379,-0.84088
-0.76331,-0.88468,1.1611,-0.71385,0.12479,1.195,0.47816,-0.7697
-0.85868,-0.77038,0.80452,-0.67318,0.19459,0.88113,0.8221,-0.709
-0.65789,-0.89554,1.0153,-0.98338,0.22057,1.014,0.56099,-0.64866
-0.42972,-0.89733,1.3414,-0.95676,0.059854,0.83613,0.673,-0.7555
-0.72254,-0.54879,0.99381,-0.45828,0.36705,0.76737,0.85278,-0.63752
-0.59235,-0.76104,1.3815,-0.59514,0.11439,1.3732,0.46528,-0.73512
-1.0499,-0.77462,0.82636,-0.47162,-0.019214,0.87084,0.82342,-0.77342
-0.56119,-1.0688,1.1591,-0.45704,0.19523,0.96651,0.51066,-0.81047
-0.6756,-0.96869,1.1409,-0.67003,0.27845,0.67376,0.64236,-0.70262
-0.50712,-1.0694,0.94491,-0.91788,-0.061598,0.81924,0.66281,-0.75162
-0.55277,-1.0757,0.92912,-0.59543,0.036098,1.4546,0.73093,-0.64918
-0.33159,-0.91319,0.99565,-0.63221,0.38545,0.84463,0.44142,-0.87067
-0.77125,-0.90742,0.95388,-0.96242,0.44208,1.0332,0.63523,-1.1574
-0.60666,-0.82996,1.3089,-0.60568,0.19942,0.79687,0.67914,-0.85791
-0.42266,-0.78621,1.1677,-0.62358,0.38144,1.0301,0.83486,-0.60088
-0.54659,-0.61743,1.0607,-0.8235,0.42337,0.92212,0.97639,-1.0397
-0.74827,-0.66086,1.1072,-0.58963,0.12567,1.2418,0.68794,-0.81465
-0.26631,-0.59352,1.1238,-0.83439,-0.27857,0.68606,0.44004,-0.64341
-1.0703,-1.0662,1.3949,-0.74914,0.27647,1.0856,0.49191,-0.94505
-0.80142,-0.64808,1.172,-0.51781,-0.034549,0.77289,0.77278,-0.79509
-0.78878,-0.85044,0.92369,-0.53368,0.27294,0.77903,0.21699,-1.1913
-0.44487,-0.87479,1.0894,-0.42716,-0.079891,1.1101,0.52769,-0.64017
-0.60713,-0.6374,0.98028,-0.44637,0.29721,1.042,0.67799,-1.0421
-0.72675,-1.0804,1.0697,-0.75125,-0.090911,0.85126,0.64214,-0.92697
-0.59941,-0.823,1.0585,-0.53631,0.17195,1.0687,0.64319,-0.72124
-0.87494,-0.67137,1.2554,-0.3302,0.51562,1.2566,0.56437,-0.94321
-0.49361,-0.61535,1.1913,-0.56088,0.33034,1.0722,0.74962,-0.68798
-0.53202,-0.87849,1.3562,-0.74636,-0.079089,0.73883,0.60775,-0.87427
-0.77655,-0.75279,0.86329,-0.84773,0.10702,1.0169,0.77673,-0.83508
-0.48981,-0.66072,0.748,-0.75517,-0.067334,0.5609,0.79655,-0.79835
-0.42231,-0.82864,1.097,-0.40336,0.29047,0.95667,0.76801,-0.80545
-0.95805,-0.97915,1.0396,-0.52211,0.21909,0.89492,0.50188,-0.83882
-0.66207,-0.79962,1.0101,-0.79893,0.092857,1.1155,0.53323,-0.91645
-0.70946,-0.86187,1.2444,-0.39256,0.31561,0.95854,0.42991,-0.51474
-0.54453,-0.82178,0.97199,-0.71769,-0.12992,1.2316,0.59261,-0.79262
-0.83488,-0.77411,0.92516,-0.33509,-0.27077,0.78882,0.67322,-0.66935
-0.27817,-0.80405,1.1559,-0.30377,0.080575,0.96397,0.78847,-0.87536
-0.57919,-0.32542,1.2968,-0.63201,-0.019319,0.6608,0.47234,-1.0896
-0.77508,-0.65103,1.2725,-0.38761,-0.14894,1.0488,0.57398,-0.97454
-0.7553,-1.0197,0.89304,-0.52743,0.20808,0.93563,0.50535,-0.85393
-0.17398,-0.7983,1.2438,-0.40954,0.22108,0.72349,0.66955,-1.1253
-0.38162,-0.75292,0.90115,-0.57602,0.51683,1.0964,0.57175,-0.68409
-0.68335,-0.54899,1.1524,-0.5047,0.056512,0.82402,0.59706,-0.74446
-0.24124,-0.94289,0.9715,-0.33354,0.072549,0.73563,0.52668,-0.94413
-0.78648,-0.54185,1.1533,-0.69281,0.21025,0.95386,0.60953,-1.1397
-0.63079,-0.95309,0.91332,-0.78456,0.10039,0.83417,0.62896,-0.86107
-0.46657,-0.56975,1.3638,-0.6548,0.38845,0.67372,0.36404,-0.73179
-0.62604,-0.61025,1.0825,-0.74049,0.26844,1.1118,1.1054,-0.88076
-0.64123,-0.57785,0.97498,-0.98391,0.12006,0.81787,0.59811,-0.8671
-0.47713,-0.70398,1.3083,-0.80027,0.15055,0.759,0.61265,-0.95787
-0.64464,-0.66522,1.1705,-0.6251,0.13685,0.79709,0.3819,-1.1419
-0.61118,-0.86577,0.95391,-0.88139,0.054257,0.86907,0.77894,-1.0778
-0.66009,-0.50819,0.96576,-0.79606,0.12954,1.0198,0.84399,-1.0405
-0.7098,-0.5831,1.2144,-0.14818,0.19108,0.7643,0.67842,-0.96192
-0.52451,-0.35755,1.198,-0.39368,0.43631,1.2163,0.62272,-0.95143
-0.65255,-0.63824,1.2676,-0.65599,-0.18986,1.0533,0.46828,-1.1162
-0.66672,-0.70345,1.1713,-0.4281,0.047624,1.083,0.50822,-1.0371
-0.44924,-0.44703,1.1593,-0.69177,-0.12614,1.0295,0.75974,-1.1732
-0.32004,-0.69397,0.80257,-0.63359,-0.1792,0.94949,0.56939,-1.0443
-0.45005,-0.57428,0.85021,-0.69383,0.073347,0.68616,0.51051,-0.98215
-0.36169,-0.52543,1.1795,-0.55118,-0.047923,1.0332,0.54568,-1.3273
-0.50397,-0.7534,1.2923,-0.85567,-0.12137,1.0263,0.49667,-1.062
-0.14219,-0.67562,1.0507,-0.30915,0.11514,1.0002,0.64947,-0.61343
-0.48771,-0.2381,0.71396,-0.42638,0.31104,0.75594,0.6353,-0.86532
-0.809,-0.74491,0.9589,-0.49394,-0.045111,1.2162,0.66188,-1.2488
-0.66948,-0.56559,0.73844,-0.51675,-0.15186,0.72731,0.6516,-0.90058
-0.38826,-0.6212,1.0173,-0.54148,0.35366,0.79911,0.66131,-0.91402
-0.64583,-0.48987,0.62291,-0.4737,0.18942,1.1272,0.49897,-1.0254
-0.31586,-0.4204,1.3635,-0.48811,-0.0081647,0.65656,0.60545,-1.043
-0.25715,-0.58108,0.91205,-0.36059,0.06849,0.82721,0.39158,-0.88032
-0.11271,-0.52219,1.2026,-0.66593,0.14364,0.91335,0.73928,-0.88959
-0.60135,-0.29666,1.1492,-0.4671,0.3875,0.91566,0.43401,-1.368
-0.8143,-0.99379,0.87046,-0.41073,0.26848,0.65189,0.53368,-0.76129
-0.27476,-0.23789,1.2546,-0.5435,0.11056,1.0083,0.91547,-1.0581
-0.52454,-0.3655,1.1717,-0.47297,0.22069,0.88703,0.4398,-0.87654
-0.18368,-0.51701,1.0084,-0.59972,0.41919,0.72376,0.66077,-1.0059
-0.38465,-0.67686,0.82572,-0.44272,0.037661,0.96145,0.57668,-0.94098
-0.5063,-0.52515,1.0076,-0.59631,0.072595,0.94198,0.77566,-0.78568
-0.60135,-0.18794,1.041,-0.43241,0.28431,1.0319,0.36784,-1.1145
-0.55854,-0.43344,1.052,-0.53312,-0.011021,0.90663,0.55683,-1.1072
-0.58327,-0.22108,0.61518,-0.30264,0.12584,0.68153,0.15425,-0.92471
-0.56021,-0.60884,0.84471,-0.39696,0.070761,0.63701,0.5992,-0.8003
-0.47026,-0.43203,0.87419,-0.56969,0.24786,0.80713,0.32046,-1.175
-0.40841,-0.46998,1.0334,-0.35565,0.092692,0.85093,0.57327,-1.1393
-0.52734,-0.74677,0.79792,-0.41338,0.25675,0.84612,0.45498,-0.87806
