0.25437,1.4127,-0.40541,-1.0923,-0.76175,1.7745,0.011078,1.2268
0.022507,1.4618,-0.1246,-1.1319,-0.85334,1.9229,0.46982,1.6569
0.31822,1.5335,-0.16122,-1.022,-0.90492,1.8632,0.18936,1.6231
0.28816,1.6146,-0.061573,-1.4983,-0.3901,2.1182,0.55745,1.3499
0.22879,1.2139,-0.37998,-1.4708,-0.35141,2.1907,0.27361,1.5233
0.22221,1.3762,-0.57901,-1.3218,-0.62904,1.803,0.33191,1.4117
0.29512,1.4038,0.13183,-1.1529,-0.79238,1.9482,0.12519,1.8027
-0.16413,1.5475,-0.18406,-1.0248,-0.42879,1.7828,-0.066262,1.4218
0.35088,1.3932,-0.27277,-1.4868,-0.6589,1.857,0.093249,1.6777
0.041737,1.2261,-0.19812,-1.2302,-0.83541,1.7526,0.27523,1.3812
0.32907,1.405,-0.25973,-1.3333,-0.93606,2.0447,0.070066,1.5724
0.28689,1.5338,-0.20927,-1.0752,-0.73143,2.0632,0.27281,1.3992
-0.068949,1.5395,0.01197,-1.2282,-0.78787,2.0529,0.39418,1.6823
0.31159,1.5052,-0.32878,-1.3407,-0.75606,1.933,0.66361,1.2771
0.31867,1.4513,-0.15591,-1.02,-0.32425,1.7456,0.25777,1.4931
0.44269,1.6182,-0.25579,-1.0605,-0.3658,1.6553,0.13711,1.5679
0.16491,1.4984,-0.21298,-1.3289,-0.57328,1.735,0.29311,1.7243
0.25357,1.6112,-0.19007,-1.3362,-0.98601,1.8406,0.21068,1.4389
0.28896,1.7332,0.046352,-1.1986,-0.5819,1.4419,0.48049,1.6485
0.5097,1.3779,-0.084664,-1.2335,-0.57165,1.5826,0.53275,1.5315
0.30425,1.4109,-0.2126,-1.4998,-0.30753,1.8509,0.17566,1.7421
0.039824,1.9241,-0.58697,-1.0733,-0.65889,1.8368,0.36935,1.6063
0.0031897,1.4973,-0.30768,-1.1472,-0.92155,1.7799,0.2878,1.6655
0.26048,1.5053,-0.44318,-0.92671,-0.58043,1.6869,0.28129,1.4708
0.30618,1.5016,-0.3803,-1.2083,-0.72346,2.0143,0.24925,1.6595
0.35229,1.7862,-0.38214,-1.3137,-0.36837,1.5835,-0.1463,1.6777
0.39175,1.4551,-0.4257,-1.0829,-0.44111,1.8972,0.16731,1.4653
0.37141,1.5227,-0.19992,-1.2178,-0.73191,1.9868,0.47785,1.7478
0.014684,1.5658,0.095567,-1.1449,-0.78006,2.0454,0.26031,1.6666
0.37838,1.6913,-0.48833,-1.4551,-0.45904,1.658,-0.11655,1.3399
0.30679,1.3437,-0.19762,-1.2743,-0.57496,1.7406,0.15891,1.5655
0.22312,1.5724,-0.00011806,-1.1383,-0.71085,1.7002,0.057493,1.4437
0.37042,1.8697,-0.36525,-1.4263,-0.55739,2.0395,0.12117,1.3958
0.44551,1.6422,-0.29821,-1.3715,-0.82535,2.0589,0.03873,1.5679
0.18688,1.7906,0.023644,-1.3384,-0.31421,1.9048,0.16318,1.3202
0.079659,1.9766,-0.76647,-1.0011,-0.6468,1.9318,0.45109,1.4574
0.017161,1.5927,-0.18383,-1.4543,-0.53313,1.915,0.50286,1.816
0.13656,1.4519,-0.52196,-1.2241,-0.64855,1.9186,0.11914,1.4398
0.59024,1.8471,-0.40585,-1.1509,-0.72485,1.7972,0.14463,1.4557
0.14945,1.752,-0.3326,-1.1462,-0.70061,1.6113,0.35703,1.6577
0.55937,2.0232,-0.37976,-1.1613,-0.78614,1.6424,0.46378,1.5979
0.029587,1.8498,-0.24782,-1.1727,-0.38712,1.7179,-0.10043,1.6191
0.30165,1.6307,-0.29346,-1.3878,-0.65551,1.7338,0.48536,1.6106
0.25981,1.5334,-0.56396,-0.93675,-0.57532,1.6443,0.14427,1.3333
0.11695,1.784,-0.25178,-1.2811,-0.51139,2.0664,0.064184,1.5811
0.67196,1.7401,-0.52033,-1.5971,-0.35384,1.9533,0.038604,1.5437
0.053256,1.7426,-0.27768,-0.91676,-0.25131,1.9591,0.16287,1.6866
0.50201,1.5565,-0.29893,-1.6791,-0.28457,1.9245,0.18629,1.5814
0.19474,1.6338,-0.29815,-1.392,-0.41806,1.5098,0.27275,1.7649
0.59086,1.7903,-0.57497,-1.5503,-0.3778,1.9053,0.23902,1.7516
0.60828,1.8264,-0.54698,-1.552,-0.59309,2.1492,-0.062798,1.7942
0.4481,1.9901,-0.31459,-1.0123,-0.59741,1.3344,0.27478,1.6385
0.46332,1.8427,-0.36602,-1.4166,-0.77641,1.8598,0.21066,1.7441
0.35199,1.4836,-0.6756,-1.427,-0.61809,1.6192,0.17659,1.8053
0.31623,1.812,-0.57511,-1.3479,-0.6317,1.778,0.37454,1.7612
0.19798,1.7991,-0.32669,-1.4653,-0.58951,1.8222,-0.024543,1.4285
0.21539,1.7924,-0.84416,-1.491,-0.62555,1.8034,0.16288,1.7692
0.28099,1.8581,-0.11363,-1.2751,-0.41106,1.6311,-0.221,1.6322
0.36326,2.0049,-0.46116,-1.1927,-0.44454,1.833,0.077003,1.5478
0.20225,1.7541,-0.56338,-1.3544,-0.49634,1.7966,0.16839,1.3004
0.26597,1.8086,-0.60535,-1.0541,-0.57894,1.926,0.1951,1.2393
0.62019,1.6693,-0.4601,-1.5454,-0.52852,1.6846,-0.22507,1.556
0.2927,1.2588,-0.34662,-1.7132,-0.53793,1.5878,0.054655,1.4341
0.56108,1.971,-0.55465,-1.3412,-0.69866,1.6113,0.15606,1.9239
0.23051,1.5613,-0.53855,-1.5191,-0.7185,1.594,0.089114,1.8425
0.36896,1.8527,-0.39606,-1.3823,-0.25957,1.2714,0.44441,1.4438
0.091424,1.423,-0.61152,-1.3828,-0.41274,1.575,0.33597,1.4296
0.2108,1.8884,-0.72383,-1.4291,-0.43567,1.5135,0.24931,1.6773
0.23759,1.6262,-0.3592,-1.2163,-0.53959,1.6845,0.16044,1.1732
0.3834,1.8763,-0.87777,-1.3769,-0.42869,1.8094,0.058231,1.5296
0.34721,1.9531,-0.32549,-1.6447,-0.54815,1.9195,0.21854,1.5807
0.50007,1.9625,-0.60369,-1.4888,-0.50652,1.7664,0.23193,1.7512
0.36139,2.0401,-0.52729,-1.4068,-0.32868,1.606,-0.21784,1.8182
0.067839,2.0516,-0.37927,-1.1099,-0.48605,1.5584,0.34852,1.7728
0.021558,1.9026,-0.54761,-1.764,-0.16826,1.582,-0.12751,1.431
0.42953,1.9543,-0.49595,-1.6693,-0.42934,1.648,-0.057433,1.7967
0.40285,2.0999,-0.31705,-1.4484,-0.52589,1.9336,0.24212,1.2952
0.2031,1.7333,-0.35309,-1.5014,-0.60717,1.8632,-0.35999,1.6816
0.23684,2.0945,-0.81694,-1.3702,-0.34643,1.4706,-0.1216,1.4348
0.45496,1.8758,-0.47181,-1.2943,-0.3189,1.5253,0.071966,1.6498
0.28808,1.7598,-0.78601,-1.3116,-0.72223,1.78,0.082624,1.303
0.35689,1.6507,-0.47436,-1.6054,-0.81612,1.9644,0.19764,1.1906
0.36258,1.8697,-0.83446,-1.5258,-0.42294,1.7571,-0.16001,1.4568
0.30223,1.6088,-0.63034,-1.2274,-0.38943,1.5119,0.11532,1.6833
0.24471,1.7816,-0.78743,-1.6209,-0.58241,1.5067,0.29234,1.365
0.43145,1.7832,-0.65367,-1.4663,-0.34112,1.7212,-0.080042,1.5583
0.32793,1.8581,-0.56913,-1.5412,-0.29035,1.6296,0.11405,1.7219
0.28086,1.7104,-0.50026,-1.3132,-0.26917,1.77,0.34784,1.8033
0.11794,1.8743,-0.5695,-1.6019,-0.18929,1.2981,0.35801,1.548
0.072512,2.1525,-0.5644,-1.5549,-0.30358,1.7086,0.011896,1.5983
0.5773,1.7945,-0.6892,-1.6411,-0.2847,1.6534,0.00089847,1.2479
0.39774,1.9052,-0.64944,-1.5488,-0.40186,1.825,0.14502,1.5384
0.60923,2.1659,-0.55235,-1.7938,-0.45041,1.6974,-0.20719,1.6998
0.30032,1.7926,-0.61589,-1.3549,-0.27849,1.4851,0.30789,1.414
0.15975,1.6324,-0.74559,-1.3178,-0.1425,1.5947,0.16508,1.5774
0.47483,1.9635,-0.46822,-1.5519,-0.34877,1.4413,0.22481,1.4337
0.58341,1.8469,-0.59406,-1.3812,-0.4398,1.5479,0.10004,1.3813
0.64085,2.2275,-0.4313,-1.5534,-0.53665,1.7911,-0.21091,1.6751
0.27879,1.8267,-0.31514,-2.0278,-0.49432,1.7592,0.061748,1.0609
0.20408,1.7514,-0.36418,-1.5524,-0.42149,1.485,-0.098699,1.4146
0.3052,1.9084,-0.50557,-1.5079,-0.38286,1.595,0.17653,1.1694
0.15463,2.0186,-0.40764,-1.7618,-0.17706,1.8759,-0.046125,1.2436
0.36995,1.8502,-0.63186,-1.6305,-0.33586,1.6092,-0.40497,1.6137
0.37753,1.623,-0.58659,-1.2678,-0.58457,1.3336,-0.1297,1.6959
0.58511,2.0424,-0.70479,-1.4883,-0.32515,1.4903,-0.014334,1.4386
0.63015,1.9757,-0.5481,-1.4558,-0.15441,1.8212,-0.044176,1.6324
0.67352,1.7526,-0.82978,-1.6015,-0.36382,1.7362,-0.0031295,1.6469
0.53604,1.9726,-0.42117,-1.541,-0.41675,1.5902,-0.063518,1.4664
0.36923,2.071,-0.8641,-1.5087,-0.4566,1.5335,-0.037971,1.5007
0.43418,2.0579,-0.31199,-1.6973,-0.50565,1.5473,0.387,1.5095
0.75153,1.7793,-0.56092,-1.4393,-0.080221,1.4598,-0.040145,1.4295
0.2236,1.8246,-0.57737,-1.5317,-0.13233,1.345,-0.014159,1.186
0.33077,1.7055,-0.25751,-1.7232,-0.26285,1.6155,-0.071925,1.341
0.2664,1.8882,-0.50731,-1.7875,-0.35629,1.4785,-0.12399,1.8137
0.28678,2.0414,-0.34838,-1.5962,-0.45412,1.4753,-0.10406,1.5927
0.81144,1.8582,-0.51066,-1.4318,-0.65897,1.4472,0.50735,1.4376
-0.021573,2.0347,-0.38611,-1.4205,-0.35631,1.733,0.064081,1.5159
0.34827,2.3194,-0.32584,-1.5905,-0.53803,1.3847,-0.096235,1.1935
0.32969,1.8192,-0.6798,-1.7746,-0.16577,1.6222,-0.29784,1.65
0.50048,1.5951,-0.59847,-1.7134,-0.12404,1.7394,-0.10035,1.5432
0.35738,1.883,-0.78606,-1.3387,-0.069337,1.5365,-0.065494,1.7345
0.45446,2.0684,-0.36531,-1.8223,-0.51654,1.2358,0.12504,1.4172
0.43346,1.9498,-0.87872,-1.6716,-0.2791,1.406,0.032254,1.7904
0.4338,1.8236,-0.42383,-1.923,0.054392,1.526,-0.036349,1.2038
0.040333,1.6493,-0.36877,-1.5714,-0.092945,1.2601,-0.15449,1.7222
0.29208,2.2485,-0.25396,-1.9018,-0.41473,1.6079,-0.017654,1.8518
0.39721,1.9594,-0.54506,-1.8795,-0.51492,1.5499,-0.22148,1.7673
0.37697,2.0382,-0.43024,-1.6451,-0.29063,1.5532,-0.10957,1.5289
0.42868,1.6993,-0.59927,-1.3519,-0.29991,1.3073,-0.074494,1.435
0.15007,1.6909,-0.51387,-1.834,-0.36443,1.2555,-0.37455,1.2609
0.24383,1.8706,-0.6589,-1.7951,-0.18142,1.3732,-0.098052,1.7355
0.52624,2.1088,-0.64576,-1.8131,-0.3106,1.3813,0.029304,1.3527
0.31553,1.5155,-0.48738,-1.6439,-0.4138,1.2889,-0.34916,1.6567
0.35481,2.2857,-0.47723,-1.6831,-0.54953,1.379,-0.14128,1.6235
0.33758,2.1164,-0.70585,-1.4328,-0.52321,1.3014,-0.09223,1.3681
0.30564,1.7951,-0.89672,-1.8569,-0.099347,1.2771,-0.18873,1.3734
0.17583,1.8611,-0.45721,-1.8157,-0.21903,1.6977,-0.18505,1.4453
0.29689,1.5826,-0.62537,-1.6511,-0.29632,1.1419,-0.34245,1.8511
0.34485,2.1492,-0.89379,-1.6529,-0.42776,1.421,-0.59211,1.3306
0.20966,1.9829,-0.87386,-1.6868,-0.16759,1.4365,-0.027715,1.4451
0.39754,1.6862,-0.7115,-1.668,-0.15669,1.3778,-0.25563,1.4331
0.62793,1.8106,-0.43155,-1.5539,-0.24106,1.4631,-0.60206,1.5318
0.43175,1.9121,-0.43263,-1.8735,0.11669,1.5601,-0.52481,1.4567
0.53055,1.9877,-0.55477,-1.8465,0.087715,1.5408,-0.19552,1.7665
0.16114,1.815,-0.80702,-1.8443,-0.40413,1.3561,0.066931,1.5961
0.45478,2.0575,-0.44161,-1.7835,-0.53597,1.2816,-0.30644,1.2856
0.67108,1.7348,-0.61135,-1.9341,-0.057309,1.136,-0.18885,1.5055
0.22331,1.9439,-0.27652,-1.6085,-0.21299,1.5121,-0.050648,1.4181
0.27365,2.2198,-0.88446,-1.567,-0.043562,1.7792,-0.33225,1.443
0.3274,1.9149,-0.32389,-1.5542,-0.33428,1.4301,-0.029819,1.3846
0.19461,1.7957,-0.91246,-1.8016,-0.14878,1.1303,-0.080048,1.5303
0.35452,1.7317,-0.41359,-1.9048,0.0084059,1.2598,-0.29822,1.3647
0.0012217,1.9047,-0.64455,-1.4792,0.045878,1.398,-0.17989,1.6972
0.20357,1.5593,-0.53541,-1.8012,-0.16906,1.5864,-0.34786,1.3472
0.38201,2.1524,-0.45276,-1.7079,0.10373,1.6385,0.183,1.4225
0.1493,1.8146,-0.39411,-1.9821,-0.12279,1.2465,-0.1582,1.7144
0.1368,1.9213,-0.69433,-1.719,0.012681,1.5645,-0.13759,1.2955
0.32282,1.8801,-0.58088,-1.7431,0.051,1.1482,-0.33052,1.4236
0.29256,1.8706,-0.6887,-1.7521,0.1271,1.2814,-0.35721,1.5992
0.12488,1.8505,-0.55674,-1.932,0.26716,1.3954,-0.34605,1.5508
0.58799,1.7221,-0.47519,-1.7641,-0.06532,1.2986,-0.14553,1.3795
0.44001,1.5076,-0.28359,-2.041,0.016437,1.3032,0.28101,1.2038
0.20467,1.6675,-0.64885,-1.7559,0.35435,1.5204,-0.10766,1.8294
0.26144,1.8304,-0.35641,-1.7861,-0.049416,1.4914,-0.2322,1.4965
0.051123,1.6208,-0.61441,-1.8201,0.19645,1.3315,-0.10506,1.5389
0.7158,1.8679,-0.66282,-1.8795,-0.10773,1.2471,-0.47891,1.6194
0.28801,1.7483,-0.38304,-1.5709,-0.067179,1.5419,-0.4198,1.3824
-0.1999,1.7807,-0.75081,-1.8012,0.18037,1.3078,-0.28167,1.0887
0.053129,2.0567,-0.66617,-1.9085,-0.11407,1.5753,-0.23794,1.3198
0.25345,2.2254,-0.48099,-1.6327,-0.17165,1.5359,-0.11001,1.4987
0.17978,1.8538,-0.48441,-1.806,0.010944,1.2099,-0.2421,1.3358
0.50592,1.952,-0.62226,-1.9603,-0.073049,1.3011,-0.16152,1.5916
0.1135,1.6358,-0.61225,-1.8369,0.13715,1.3478,-0.39996,1.1617
0.11489,1.7643,-0.42738,-1.8552,-0.35253,1.6405,-0.21756,1.48
0.2581,2.1174,-0.52286,-1.8568,-0.23016,1.04,-0.013454,1.2626
0.33781,1.5918,-0.72517,-1.8054,0.13197,1.3779,-0.42808,1.2814
0.32574,1.7882,-0.72153,-2.0368,0.122,1.1036,-0.09107,1.2439
0.48862,1.9072,-0.3838,-1.5965,-0.026176,1.3902,-0.48568,1.8021
0.45783,1.9297,-0.68303,-1.9296,0.2301,1.4503,-0.23464,1.4191
0.64384,2.239,-0.74899,-2.0128,0.20054,1.3569,-0.20848,1.5863
0.3184,1.8454,-0.73988,-1.9999,-0.059377,1.4613,-0.22314,1.1965
0.050449,1.737,-0.49765,-1.9222,0.13822,1.1997,-0.04516,1.5422
0.4232,1.9753,-0.49795,-1.651,0.3536,1.1849,-0.065941,1.3125
0.24762,1.7622,-0.4886,-1.8884,0.066218,1.4367,-0.13328,1.4248
0.41696,1.7209,-0.54078,-2.1696,0.16274,0.89484,-0.08811,1.4559
0.30962,1.7213,-0.35175,-2.0213,0.12012,1.3747,-0.39184,1.5211
0.025242,1.7628,-0.76899,-2.0564,0.74069,1.7036,-0.30079,1.2996
0.15906,1.7569,-0.64345,-2.1763,0.18918,1.0376,-0.08084,1.2585
0.2956,1.7011,-0.85948,-2.0725,0.23308,0.98887,-0.036916,1.0903
0.25066,1.6121,-0.5734,-2.5202,0.30808,1.35,-0.038429,1.3559
0.39158,1.6682,-0.52531,-1.9104,0.29152,1.1832,-0.22244,1.379
0.35676,1.7832,-0.30737,-1.9516,0.23768,1.5249,-0.29187,1.3583
0.40616,1.7249,-0.27329,-2.0633,0.29506,1.2913,-0.075856,1.3212
0.20668,1.6674,-0.6547,-2.0613,0.0033411,1.4231,-0.32799,1.5661
0.15892,1.6212,-0.73061,-2.1474,-0.02191,1.6416,-0.15047,1.5392
0.34187,1.7625,-0.73131,-2.4596,0.35463,1.2822,-0.51243,1.7205
0.33364,1.9827,-0.86589,-1.8721,0.23394,1.2717,-0.2912,1.564
0.43016,1.7008,-0.56048,-1.9813,-0.11803,1.3589,-0.20824,1.1869
0.35017,1.7195,-0.48035,-2.1334,0.26234,1.5087,-0.56982,1.4121
0.043419,1.8667,-0.033323,-1.438,0.12931,1.6532,-0.39668,1.3774
0.32715,1.6664,-0.34062,-1.9965,0.31587,1.6783,-0.31971,1.1363
0.25322,1.8793,-0.25919,-1.7239,-0.1632,1.1936,-0.23009,1.1793
0.51342,1.8804,-0.39822,-2.1089,0.52247,1.4019,-0.31916,1.4148
0.16203,1.5245,-0.30425,-1.8222,0.5586,1.0341,-0.22526,1.3312
0.14613,1.8882,-0.24157,-1.812,0.11364,1.2691,-0.18925,1.4861
0.63985,1.9392,-0.41108,-1.6835,0.28977,1.1082,-0.49413,1.4216
0.2367,1.6343,-0.39998,-2.1188,0.29479,1.1075,-0.34285,1.4235
0.21382,1.5407,-0.49693,-1.8559,0.27916,1.2966,-0.2224,1.2054
-0.2856,1.4759,-0.3251,-1.6856,0.3775,1.203,-0.15115,1.3467
0.68658,1.5248,-0.27755,-1.9395,0.3143,1.3981,-0.034608,1.4266
0.19899,1.712,-0.5877,-2.0403,0.76494,1.512,0.11846,1.4365
0.35858,1.7048,-0.39335,-1.9212,0.25671,1.1116,-0.079316,1.1805
0.21195,1.6633,-0.21125,-1.8821,0.54972,1.4517,-0.12652,1.3335
0.17478,1.6908,-0.56666,-1.8017,-0.043662,1.2066,-0.32571,1.6293
0.0017351,1.3878,-1.0809,-2.0551,0.32945,1.0974,-0.16803,1.3916
0.20785,1.5416,-0.40127,-2.0341,0.4157,1.3807,-0.36419,1.1927
-0.25697,1.7035,-0.60915,-1.8838,0.39189,1.4073,-0.54916,1.1898
0.10713,1.7328,-0.46453,-1.8937,0.52334,1.737,-0.38385,1.4319
-0.1263,1.7546,-0.45588,-2.1833,0.39758,1.3594,-0.18325,1.0317
-0.013838,1.6541,-0.34857,-2.3469,0.36962,1.4481,-0.064852,1.4296
0.1935,1.5374,-0.158,-1.7956,0.30503,1.5282,-0.049339,1.4325
-0.134,1.8037,-0.58393,-1.7922,0.49948,1.4735,-0.29385,1.023
-0.0016076,1.7492,-0.26934,-2.077,0.23559,1.4947,-0.30547,1.0202
0.32814,1.583,-0.56727,-1.7982,0.59762,1.3281,-0.56344,1.167
0.004995,1.8347,-0.10637,-2.1734,0.27266,1.4316,-0.18628,0.99786
0.30031,1.7351,-0.1861,-1.8783,0.32003,1.1102,-0.41007,1.3831
-0.00041004,1.5948,-0.26762,-2.1309,0.11417,1.4019,-0.23393,1.4674
0.16237,1.2045,-0.54227,-2.0753,0.25203,1.4021,-0.39972,1.1091
0.035449,1.8062,-0.23381,-1.9652,0.32445,1.1846,-0.645,1.5926
0.094288,1.9755,-0.40239,-1.9027,0.1192,1.1455,-0.25344,1.4178
0.0084794,1.7697,-0.4475,-1.9177,0.42331,1.2106,-0.16938,1.0172
0.1738,1.4925,-0.42688,-1.8271,0.35925,1.1173,-0.12229,1.1396
-0.30872,1.8178,-0.11478,-1.6871,0.37211,1.4846,-0.54376,1.3026
0.049914,1.601,-0.30292,-1.7576,0.035554,1.3608,-0.26142,1.1264
0.10086,1.6894,-0.5094,-1.877,0.46525,1.338,-0.16791,1.5982
-0.11439,1.3345,-0.19491,-1.9754,0.69399,1.9071,-0.14503,1.399
-0.11117,1.6707,-0.4645,-1.8953,0.22034,1.4053,-0.1503,0.93611
-0.29091,1.562,-0.16975,-1.8276,0.83688,1.1977,-0.10169,1.2991
0.35963,1.6972,-0.53062,-1.9092,0.69643,1.2429,-0.22545,1.0593
-0.088868,1.37,0.064625,-1.9508,0.49687,1.33,-0.29439,1.05
-0.22105,1.6061,-0.54648,-2.0716,0.32919,1.278,-0.35545,0.93992
0.29728,1.5265,-0.31682,-1.937,0.54836,1.4304,-0.18524,0.91554
0.2844,1.5502,-0.16899,-1.8778,0.47682,1.5119,-0.18335,1.0066
0.1014,1.6357,-0.35245,-1.8318,0.68568,1.3388,-0.011886,1.2729
-0.21028,1.5056,-0.43543,-1.7873,0.75353,1.3205,-0.21996,1.3504
0.17456,1.291,-0.032151,-2.1659,0.66573,1.4187,-0.24347,1.239
0.1998,1.4758,-0.27913,-1.9608,0.32547,1.0676,-0.38023,1.3563
0.14688,1.2704,-0.13849,-1.7657,0.73133,1.4112,-0.74832,1.1496
0.091756,1.5601,-0.30998,-2.062,0.68745,1.4427,-0.48971,1.3463
-0.15082,1.3516,-0.52639,-1.977,0.71028,0.87207,-0.1213,1.3779
0.17916,1.5711,-0.14446,-1.8028,0.55436,1.5379,-0.35901,0.9922
0.28767,1.149,-0.088311,-2.1151,0.7421,0.81983,-0.42844,1.3671
-0.011691,1.4673,-0.26417,-1.9274,0.47929,1.7371,-0.46248,0.75969
0.13823,1.7549,-0.50044,-1.877,0.78189,1.243,-0.12756,0.87807
-0.13324,1.2209,-0.083484,-1.856,0.31355,1.5961,-0.33141,1.1536
-0.17786,1.5698,-0.4157,-2.0862,0.47446,1.6273,-0.29422,1.0673
0.06824,1.527,-0.39988,-2.0634,0.45168,1.7197,-0.19072,1.3897
-0.12226,1.6463,-0.39858,-1.7186,0.3899,1.1964,-0.31015,1.4606
-0.35701,1.2867,-0.1107,-2.1167,0.37237,1.0038,-0.43674,0.8307
0.022126,1.4504,0.043618,-2.4235,0.37552,1.0812,0.011625,1.1673
0.038543,1.4514,-0.0036453,-1.7647,0.58347,1.4954,-0.36564,1.5831
0.3862,1.4846,-0.28112,-1.9547,0.47864,1.5923,-0.25308,0.83601
-0.29243,1.5249,-0.12746,-1.9542,0.60015,1.5263,-0.000471,1.2415
-0.26937,1.5974,-0.12632,-1.7982,0.58678,1.4104,-0.20156,1.1455
-0.1346,1.7635,-0.30022,-1.8582,0.74451,1.4422,-0.45014,0.98858
-0.29554,1.529,-0.33328,-2.4283,0.60938,1.1869,-0.13209,1.3091
-0.0080484,1.4685,-0.57058,-1.8787,0.76409,1.4978,-0.21224,0.84844
-0.59096,1.1682,-0.15537,-2.1738,0.74324,1.4321,-0.25576,1.191
-0.068376,1.8304,-0.071179,-2.0444,0.94889,1.4323,-0.32969,0.70895
-0.22716,1.5804,-0.42491,-1.9592,0.29305,1.514,-0.24273,0.95416
0.18508,1.7611,0.019987,-1.8494,0.98817,1.2645,-0.2918,1.0482
-0.13958,1.449,-0.3207,-2.0797,0.65179,1.4716,-0.42272,0.95491
0.23883,1.413,0.10408,-1.6263,0.48806,1.1692,-0.4965,1.1519
-0.083179,1.6684,-0.45846,-1.9604,0.51806,0.88727,-0.14451,1.1036
-0.10875,1.8076,-0.31252,-2.0719,0.65586,1.3066,-0.46051,1.1717
0.16776,1.2744,-0.18726,-2.1694,0.65346,1.3545,-0.095578,1.1632
-0.4001,1.2994,-0.29747,-1.7608,0.51734,1.3262,-0.49645,0.81341
0.099965,1.7807,-0.067682,-1.5183,0.88252,1.4087,-0.23312,1.3542
0.32367,1.5723,-0.22624,-1.8201,0.85401,1.5122,-0.37255,1.4127
0.062471,1.5139,-0.13022,-1.7998,0.50652,1.0401,-0.25613,1.1546
0.090923,1.681,-0.061918,-2.0451,0.95276,1.326,-0.435,1.5205
-0.045227,1.71,-0.24395,-1.8856,0.57605,1.347,-0.13421,1.2071
-0.17194,1.3678,-0.3662,-1.7976,0.84517,1.3504,-0.20488,1.5535
0.017749,1.4185,-0.089393,-2.0039,0.82002,1.1465,-0.010762,1.2851
-0.37055,0.8907,-0.33464,-2.0578,0.82174,1.4086,0.0583,1.1345
0.18576,1.2751,-0.2,-1.8976,0.68863,1.3358,-0.3694,0.8369
0.16281,1.791,-0.064744,-2.0886,0.94018,1.2321,-0.15915,1.4277
-0.45424,1.2995,-0.43538,-1.65,0.71959,1.1978,-0.25919,0.94635
-0.61405,1.449,-0.38105,-1.9542,1.1143,0.9863,-0.20066,0.89253
0.059608,1.2831,-0.41873,-1.9227,0.74199,1.0708,-0.25305,1.2105
0.035303,1.0722,-0.009115,-1.8858,1.0554,1.3955,-0.55007,0.88487
-0.097557,1.3152,-0.26451,-1.7959,0.58309,1.2072,-0.24658,1.5411
-0.013508,1.2289,-0.33198,-1.6783,0.4077,1.2048,-0.33824,1.0417
-0.18807,1.3406,-0.069544,-2.2583,0.59617,1.7151,-0.44314,1.1399
-0.020873,1.1302,0.045512,-1.8539,0.96036,1.0493,-0.53712,0.90693
0.050993,1.1625,-0.1356,-1.9035,0.52553,1.5415,-0.039081,1.0874
-0.38595,1.1643,-0.43556,-2.0717,0.71639,1.2947,-0.48372,0.89791
-0.32656,1.415,-0.0027067,-1.8618,0.8198,1.4104,0.01474,0.78286
-0.36084,1.3026,0.0090307,-2.2084,0.94083,1.3511,-0.34966,1.3539
-0.038769,1.574,-0.049289,-1.9546,0.98089,1.6127,-0.34436,1.4257
-0.23023,1.2984,0.13319,-1.6392,0.91748,1.743,-0.4248,0.87293
0.11472,1.4544,-0.029666,-2.367,1.0263,1.4574,-0.26545,1.2104
-0.22406,1.6142,-0.047706,-1.962,1.2745,1.6153,-0.44478,0.9142
-0.47035,1.3599,-0.27648,-1.8576,0.88789,1.459,-0.032086,0.81796
-0.084201,1.4609,0.04325,-2.0129,0.4495,1.2553,0.051185,1.4423
-0.21088,1.0208,-0.022872,-1.8737,0.76317,1.4576,-0.42185,1.3786
-0.024647,1.3098,0.16376,-2.1535,0.82057,1.3082,-0.41048,0.89163
-0.2934,1.1635,0.078005,-1.8589,1.0603,1.0409,-0.6982,1.302
-0.33125,1.2325,0.11854,-1.6015,0.84448,1.2177,-0.38151,1.0895
0.24094,1.1977,-0.011323,-2.0745,0.82267,1.2755,-0.38481,1.3267
-0.1205,1.2214,-0.33226,-1.9941,0.98898,1.5756,-0.36667,0.8578
-0.22912,1.4778,0.22749,-2.1442,0.71966,1.4759,-0.52099,1.0193
0.15728,1.5965,-0.17801,-1.8565,0.72394,1.3965,-0.085492,1.1433
-0.20608,1.1334,-0.11208,-1.6637,0.94415,1.3241,-0.32159,0.93573
-0.35629,1.5394,0.32545,-1.6741,1.0377,1.1711,-0.4187,1.0991
-0.057481,1.3181,-0.28318,-1.732,1.0052,1.4056,-0.31162,0.97446
-0.22733,1.2383,-0.10074,-1.8849,1.0189,1.5377,-0.27627,0.79248
0.028146,1.3697,0.10029,-1.8836,0.69114,1.5046,-0.27933,1.4212
-0.15572,1.3717,-0.16346,-2.0042,0.7881,1.4854,-0.21066,0.90675
-0.37652,1.2414,0.060332,-1.6314,0.94727,1.2794,0.027963,0.76996
0.089774,1.098,0.17646,-2.1161,1.3131,1.624,-0.23104,1.1797
-0.14031,1.2748,-0.16165,-1.7714,0.70305,1.6546,-0.1573,1.178
-0.19287,1.2725,-0.051764,-2.1919,1.1153,1.4329,-0.23013,1.0791
-0.070006,1.237,0.059502,-1.9177,0.88355,1.5603,-0.026935,1.0995
-0.063163,1.6499,0.055313,-1.6944,0.68988,1.4967,-0.21171,0.89961
-0.42504,1.4884,-0.30991,-1.9089,0.88775,1.4692,0.010205,0.86248
-0.090461,0.89509,-0.24512,-1.6277,0.91103,1.8214,-0.53252,0.95635
-0.1139,1.3099,0.33225,-1.877,1.0466,1.4669,-0.52334,1.1301
0.00058366,1.0574,-0.38787,-2.0548,1.04,1.2392,-0.16522,0.77484
-0.44015,1.0192,-0.26497,-2.1912,0.96072,1.6236,-0.15042,0.96995
-0.041397,1.0337,0.15358,-1.9494,0.73169,1.4003,-0.14659,1.0593
-0.37585,1.188,0.078729,-1.9616,0.72184,1.5032,-0.47584,1.2286
-0.30817,0.95959,0.038773,-1.7444,1.3523,1.5578,-0.53854,0.73988
-0.13738,0.88954,0.24815,-1.8249,0.67701,1.3868,-0.053604,1.1455
-0.52711,1.0743,-0.029891,-1.2691,0.92028,1.4359,-0.37711,1.2519
-0.12357,1.1014,0.14801,-2.2476,0.84542,1.4707,0.095245,1.005
-0.47178,1.1832,0.25977,-1.6033,0.69732,1.441,-0.32675,0.88931
-0.37092,0.95149,-0.093224,-1.9431,0.93948,1.2137,-0.087362,0.67857
-0.26594,1.0936,-0.18574,-1.6703,0.61558,1.8083,-0.15574,0.84519
-0.094061,1.0919,0.27352,-1.8488,0.86629,1.5705,-0.22304,1.339
-0.36499,1.2582,-0.23949,-1.9879,0.90781,1.254,-0.076842,1.0253
-0.019909,1.2143,0.15709,-2.0805,1.1246,1.9065,0.16095,0.79983
0.0018043,1.0888,0.039921,-1.8234,0.96092,1.7357,-0.6098,0.89897
-0.60438,0.96705,0.20702,-1.7689,0.74846,1.5958,-0.15967,0.73484
-0.061749,1.3875,-0.10849,-1.5731,0.70286,1.5184,-0.1167,0.7549
0.007555,1.515,0.32017,-1.9353,1.0894,1.3783,-0.19567,0.92034
-0.35746,1.3317,-0.13419,-1.6882,0.74174,1.5101,-0.043043,1.202
-0.35528,1.3445,-0.27507,-1.8347,0.94824,1.465,-0.21733,1.01
-0.28141,1.2306,-0.051803,-1.6476,0.93046,1.6481,0.012946,0.75902
-0.55544,1.2954,0.19731,-1.7854,0.85434,1.5618,0.13862,1.2209
-0.71625,1.1137,0.2633,-1.6509,1.1955,1.4835,-0.088631,0.94374
-0.21962,0.92593,0.24098,-1.7942,0.98937,1.5624,-0.14143,0.96017
-0.032569,1.1137,0.037245,-1.6778,0.8683,1.8969,-0.34037,1.0586
-0.55827,1.1488,0.48576,-1.7726,0.95039,1.7491,-0.22006,1.0116
-0.074985,1.5181,0.22975,-1.959,1.0186,1.5704,-0.010673,0.6625
-0.23289,1.0891,0.10109,-1.8407,1.0481,1.8591,-0.35718,0.99665
-0.5725,1.158,0.086167,-1.7729,0.83265,1.7775,-0.060386,1.2478
-0.60685,1.0487,0.3363,-1.7402,0.89879,1.3515,-0.37731,1.1359
-0.36702,1.1202,-0.073631,-1.4592,1.2663,1.4933,-0.42412,0.64582
-0.31437,0.92173,0.025366,-1.7007,1.307,1.7091,-0.096537,0.78027
0.041963,0.82814,-0.05564,-1.7011,1.1638,1.8283,-0.49362,0.94399
-0.56586,1.0677,0.13072,-2.0223,1.0858,1.379,0.23413,1.2612
-0.47769,0.94625,0.45004,-2.0032,1.1191,1.7952,0.052309,0.78867
-0.59634,1.0667,0.055362,-1.8279,1.1363,1.4713,-0.02323,0.9424
-0.47565,1.069,-0.038855,-1.842,0.97937,1.6599,0.027478,0.97759
-0.2324,1.1309,0.34942,-1.6037,0.87662,1.5071,-0.39245,0.58872
-0.33477,1.0524,0.39773,-1.6843,1.2163,1.4497,-0.10942,0.97253
-0.19721,1.0572,0.53931,-1.4445,0.97105,1.4701,-0.085392,0.69569
-0.50161,0.99334,-0.025059,-1.6808,1.2335,1.4097,0.15316,1.1224
-0.29242,1.0952,-0.11601,-1.8203,0.80287,1.5813,-0.045594,0.89303
-0.63355,0.72005,0.1523,-1.6688,0.96498,1.4866,-0.034159,0.93991
-0.17493,0.80059,0.386,-1.9479,1.0447,1.4319,-0.18244,0.85525
-0.34789,1.1034,0.010974,-1.6288,0.64817,1.5826,-0.38682,0.72504
-0.77136,0.99476,0.42651,-1.6972,0.93659,1.3432,-0.27374,0.71105
-0.56199,0.85261,0.022577,-1.7755,1.0242,1.1581,-0.020657,0.73044
-0.45496,1.0464,0.10312,-1.7669,0.91754,1.3251,0.098489,0.8278
-0.75405,0.98932,0.4496,-1.8214,0.98992,1.5235,-0.36733,1.0906
-0.050414,0.70956,0.14931,-1.6328,1.1883,1.44,-0.25694,1.1592
-0.46231,0.90184,-0.021517,-1.6495,0.96323,1.4521,-0.0038728,0.54287
-0.38514,0.62153,0.089464,-1.6868,1.1133,2.2003,-0.35664,1.048
-0.49952,1.001,0.50796,-1.604,0.64471,1.6905,-0.3523,0.79504
-0.3694,0.80495,0.04438,-1.2096,0.84945,1.2671,-0.23583,0.76867
-0.50222,0.96668,0.066777,-1.4638,0.97169,1.6629,-0.21758,0.78209
-0.5343,1.1533,0.17902,-1.5897,1.1265,1.3543,-0.010052,1.0093
-0.50775,0.83152,0.20612,-1.4543,1.0465,1.564,-0.2859,0.92388
-0.58453,1.0484,0.20846,-1.4397,1.2543,1.523,-0.001756,0.9293
-0.49052,0.92298,0.13966,-1.6488,1.2928,1.8492,0.014162,0.81674
-0.31529,0.75766,0.55031,-1.4377,1.2965,1.8021,0.2875,0.66623
-0.57995,1.2655,0.22841,-1.4647,1.0887,1.4913,-0.036654,0.82153
-0.42141,0.91159,0.14951,-1.2969,0.85467,1.6447,0.20819,0.95092
-0.36488,0.84233,0.17534,-1.6817,1.1319,1.4816,-0.15148,1.1817
-0.48867,0.85295,0.25425,-1.7167,0.9388,1.4225,-0.14618,0.93874
-0.67287,0.96895,0.43983,-1.6077,0.9048,1.5303,0.20814,0.71577
-0.35754,1.2138,0.15945,-1.3588,1.2385,1.6227,-0.3382,0.76581
-0.26399,0.96836,0.37987,-2.3988,1.0869,1.8444,-0.14194,0.83051
-0.32258,0.83844,0.37486,-1.5326,0.94864,1.7629,0.35576,0.7534
-0.28699,1.0255,0.33011,-1.5586,0.71592,1.7826,-0.35273,0.58609
-0.51383,0.95077,0.23502,-1.6932,0.98731,1.5995,-0.012409,0.60446
-0.12993,0.92463,0.11353,-1.7266,1.2951,1.744,-0.24186,0.74608
-0.38811,0.81303,0.36473,-1.5041,0.65883,1.6225,-0.35302,0.614
-0.5916,1.1066,0.34601,-1.4386,0.81415,1.8128,0.010936,0.84894
-0.45093,1.0804,0.056531,-1.3513,0.7483,1.7536,-0.12646,1.0328
-0.44662,1.0012,0.073112,-1.7252,0.89012,1.4873,-0.014934,0.62059
-0.41538,0.9365,0.39663,-1.4034,1.019,1.5623,0.062301,0.78601
-0.53434,1.0316,0.5589,-1.5588,0.95322,1.5375,0.12222,0.50272
-0.60744,1.1274,0.50744,-1.3798,0.84446,1.6748,-0.017294,0.90248
-0.1498,1.2645,0.13379,-1.4507,0.85135,1.8969,0.19582,0.68579
-0.47908,1.1479,0.34257,-1.5669,0.96703,1.7763,0.038942,0.76592
-0.32016,1.1412,0.072713,-1.2877,0.58063,1.7269,0.17211,0.98782
-0.14503,0.96084,0.099929,-1.5525,1.0659,1.8856,-0.10925,0.74456
-0.37284,1.0658,0.075435,-1.3982,0.85859,1.5656,-0.13333,0.84407
-0.4666,1.0282,-0.098782,-1.2433,0.9534,1.5843,-0.11377,0.81446
-0.51931,1.0695,0.23225,-1.1603,0.98094,1.4871,-0.048476,0.76282
-0.68387,0.75143,0.35353,-1.6004,0.97904,1.5,-0.002538,0.9483
-0.52425,0.93092,0.3875,-1.4889,1.2087,1.7259,-0.023611,0.91798
-0.45707,0.64554,0.60836,-1.075,1.1446,1.47,0.21032,0.75114
-0.51165,0.90166,-0.091063,-1.5527,1.1954,1.7973,0.16646,0.84363
-0.31809,0.92511,0.22881,-1.3832,1.1598,1.5013,0.064445,0.94009
-0.42193,1.0741,-0.13688,-1.6094,1.1221,1.3221,-0.00025204,0.53879
-0.51011,0.80003,0.37363,-1.3414,0.80522,1.628,0.12696,0.82812
-0.32773,1.2182,0.29957,-1.4871,1.1134,1.8438,-0.027896,0.78466
-0.25212,0.94192,0.59794,-1.4592,0.86816,1.9814,0.085089,0.5934
-0.61076,1.1977,0.19979,-1.5103,1.0761,1.7343,0.22646,0.92561
-0.35687,1.1418,0.014396,-1.583,0.97812,1.7057,0.24275,1.0502
-0.70893,0.87257,0.081667,-1.2886,1.1073,1.4538,0.065202,1.0607
-0.58111,1.0403,-0.03839,-1.4597,0.93844,1.8201,-0.0058427,1.1474
-0.46521,0.86981,0.4155,-1.4367,0.95942,1.4183,0.18789,0.82371
-0.064881,1.0324,0.57514,-1.0226,0.9989,1.5053,-0.10637,0.39781
-0.61464,0.97048,0.24275,-1.2342,1.0782,1.7315,0.082194,0.60028
-0.32982,0.9295,0.030251,-1.3289,0.7471,1.2503,-0.12282,0.93112
-0.17202,1.0627,0.51821,-1.0729,0.49496,1.3887,0.19252,0.46958
-0.47095,0.99157,0.1782,-1.2463,0.94463,1.6129,0.016991,0.78438
-0.44296,0.9674,0.21597,-1.374,0.92651,1.9204,0.098108,0.79545
-0.41745,1.1086,0.11097,-1.364,0.80927,1.582,-0.28533,0.99653
-0.20782,0.66814,0.19684,-1.1486,0.93281,1.6809,-0.17364,0.58198
-0.42184,0.83233,-0.29121,-1.2473,0.52778,1.9022,-0.21778,0.73509
-0.26903,0.71471,0.63011,-1.7161,1.1567,1.5076,-0.12481,0.80955
-0.65961,1.1774,-0.06767,-1.191,1.0569,1.761,0.39392,0.61832
-0.33964,1.1752,0.40177,-1.419,1.0436,1.6082,0.3773,0.52307
-0.35434,1.0017,0.33631,-1.5438,1.0262,1.7754,0.29041,0.68256
-0.199,1.057,0.48399,-1.524,1.0339,1.7338,0.057755,0.81148
-0.38495,0.61303,0.037755,-1.2444,1.1009,1.6927,0.057469,0.82304
-0.502,1.0284,0.45307,-1.447,1.02,1.8011,0.14819,0.66831
-0.36472,0.77239,0.19431,-1.2592,1.015,1.5129,0.12906,1.3027
-0.92758,1.1922,-0.0076514,-1.1746,0.91457,1.8792,0.018686,0.80844
-0.11792,0.86366,0.22386,-1.0454,1.2148,2.012,0.11174,0.84348
-0.24143,0.82506,0.097564,-1.4016,1.3513,1.481,-0.19484,0.77734
-0.61141,0.94732,0.14807,-1.3379,0.78027,1.3187,0.14355,0.48806
-0.38666,1.1137,0.38447,-1.3248,0.93564,1.8123,0.096536,0.72434
-0.17776,1.1438,0.31907,-1.2592,0.75431,1.774,-0.094613,1.0845
-0.083837,1.1511,0.33667,-1.2039,0.80318,1.8134,0.17726,0.84445
-0.45478,0.77162,0.26781,-1.0735,0.87811,1.372,0.070874,0.71648
-0.64045,1.0357,0.40684,-1.3633,0.91895,1.9498,0.12578,0.96883
-0.4634,0.79522,0.49876,-1.0229,0.69672,1.9655,0.51671,0.60148
-0.35437,1.1336,0.49067,-0.95859,0.6829,1.4942,-0.02152,0.96037
-0.56786,0.91336,0.12308,-1.1769,0.94515,1.9543,0.27983,0.49469
-0.35711,0.9825,0.061781,-0.94497,0.66633,1.5759,0.25321,0.396
-0.67666,0.88412,0.2715,-1.2878,1.0323,1.5134,0.1816,0.98684
-0.48171,0.94573,0.41568,-1.4814,0.74151,1.6751,0.63074,0.90453
-0.42045,1.1333,0.26134,-1.2243,0.63177,1.3684,-0.033905,0.73262
-0.41113,0.91208,0.38337,-1.2873,0.68984,1.4248,0.30081,1.0436
-0.24455,0.55944,0.18507,-1.1186,0.47938,1.7721,0.27423,0.94613
-0.45243,0.82632,-0.0044923,-1.1504,1.3441,1.6716,-0.038482,0.65041
-0.44183,0.57188,0.29769,-1.294,1.0312,2.2033,0.20456,0.89185
-0.65143,1.2394,0.25717,-1.3766,0.90341,1.4878,0.3268,1.2474
-0.49669,0.75507,-0.087463,-1.0692,0.97068,1.994,0.1108,1.1958
-0.49652,0.96656,0.24956,-1.2704,0.71658,1.5188,0.11323,0.41786
-0.49801,0.93836,0.081281,-1.0747,0.58342,1.914,-0.054297,0.52148
-0.37393,1.2094,0.060757,-1.1887,0.96769,1.8726,0.12529,1.001
-0.6069,0.89823,0.39473,-1.3328,1.0539,1.8365,0.35169,0.7542
-0.45078,0.83068,0.33701,-1.0785,1.0801,1.3969,0.33221,1.0008
-0.69802,0.95177,0.28573,-1.3661,0.80258,1.9264,0.28931,0.84361
-0.42937,0.8405,0.25227,-1.1323,0.66518,1.91,0.41511,0.70251
-0.51499,0.8463,0.13142,-1.2281,0.51268,1.9592,-0.018157,0.75314
-0.38826,0.92586,0.44129,-1.3419,0.71893,1.6033,0.33418,0.88328
-0.73923,1.3554,0.35361,-0.57771,0.66695,1.7725,-0.105,0.59662
-0.18206,0.7855,0.021419,-1.0209,0.74032,1.75,0.024864,0.74257
-0.36705,0.96418,0.36273,-1.1928,0.8266,1.9833,0.55875,0.80068
-0.60346,0.86138,-0.1179,-1.2188,0.63161,1.4722,0.24156,0.45426
-0.1503,0.90428,-0.026324,-0.81175,0.79099,1.8057,-0.14129,0.79025
-0.20333,0.77775,0.46574,-1.3633,0.59969,1.8499,0.20392,0.82677
-0.4669,0.89369,0.12352,-0.68816,1.1224,1.6868,0.55578,1.2267
-0.60329,0.73402,0.026027,-1.2415,1.1775,1.5251,0.31653,0.5271
-0.48133,0.94842,-0.091122,-1.1613,0.78669,1.7013,0.28464,0.87412
-0.10454,0.84071,0.024097,-0.92007,0.73199,1.803,0.08891,0.89787
-0.85563,1.1577,-0.13694,-1.0783,0.5162,1.5778,0.087312,1.0573
-0.4266,1.1336,-0.090277,-0.83939,1.0161,1.6776,-0.0093755,0.89461
-0.21558,0.89604,0.1319,-1.1089,0.7568,1.8302,-0.33454,1.0093
-0.25782,1.181,0.097024,-1.1187,0.89419,1.962,-0.015743,0.71464
-0.48138,0.70311,0.3134,-1.1917,0.70938,1.7582,-0.022964,0.81862
-0.57967,0.70465,0.1387,-0.92697,0.70828,1.5466,0.4106,0.73499
-0.25638,0.64197,0.09526,-0.99122,1.0802,1.9662,0.045291,0.72525
-0.54997,0.90732,0.20477,-0.7113,1.0013,1.9526,-0.13294,0.48619
-0.57592,0.90693,0.21504,-0.86392,0.65287,1.8711,0.028072,0.80964
-0.33091,0.98138,0.26006,-1.0019,0.63873,1.6601,0.2852,0.68848
-0.33634,1.1744,0.13696,-1.0593,0.83274,1.7844,0.047599,0.8927
-0.24385,0.82473,-0.11611,-1.2171,0.65884,1.475,-0.018723,0.76911
-0.23136,1.157,0.11127,-1.1617,0.79354,2.176,0.24404,0.66587
-0.44571,0.84949,0.079286,-1.1651,0.7635,1.5776,0.11927,0.92171
-0.11265,0.59557,0.1374,-1.4865,0.90822,1.7436,0.23741,0.69836
-0.38101,0.89972,0.26003,-0.93658,0.53338,2.0196,0.35765,0.7612
-0.34413,0.77574,-0.031874,-1.0564,0.86077,1.83,0.096463,0.85193
-0.49861,0.92041,0.21583,-0.96303,0.65444,1.8361,-0.036885,0.81044
-0.33225,1.2453,-0.17484,-0.72826,0.86816,1.8229,0.1453,0.66106
-0.46559,1.0231,0.2695,-1.0185,0.91507,2.0508,0.32574,0.74014
-0.14352,0.93692,0.20403,-0.9257,0.79044,1.7962,0.22567,1.0449
-0.081007,1.0138,0.097126,-0.7383,0.57438,2.0221,0.26062,0.51455
-0.095601,0.85535,0.020918,-0.84032,0.8774,1.9332,0.33157,0.77604
-0.43048,0.5868,-0.013426,-0.47958,0.54086,1.5402,0.33186,0.59094
-0.59052,1.3982,0.24781,-0.7066,0.58598,1.8293,0.19511,0.90204
-0.17707,0.94232,0.0059981,-0.98687,0.81083,1.4293,-0.092047,0.57554
-0.12294,0.90653,-0.12317,-1.0368,1.0551,1.6546,0.26815,1.0661
-0.28047,1.656,0.078234,-0.73513,0.51578,1.7027,0.39715,0.66437
-0.070025,1.2482,-0.20274,-0.97457,0.72322,2.0411,0.34664,1.029
-0.55866,1.0838,0.12076,-0.96485,0.61399,1.7191,0.070797,0.65555
-0.25341,0.90981,0.53387,-1.33,0.85342,1.8194,0.74315,1.154
-0.38264,1.0952,-0.059077,-0.7484,0.67503,1.7694,0.17267,0.87437
-0.2684,0.9991,0.039128,-0.92734,0.59998,2.0907,0.16425,0.86597
-0.51754,1.2049,0.27869,-0.58827,0.41724,1.5716,0.36161,0.84113
-0.39437,0.6105,0.15215,-0.34149,0.5493,2.0375,0.065976,1.0714
-0.24546,1.0199,-0.0075615,-0.81873,0.8267,1.6252,0.27926,0.96713
-0.44865,1.3669,0.046877,-1.0249,0.65593,1.6865,0.47581,0.87841
-0.11417,1.0807,0.15393,-0.97787,0.8898,2.0575,0.3577,0.9163
-0.46053,1.0892,0.043118,-1.3064,0.66068,1.983,0.54081,0.86157
0.029519,1.3051,-0.29867,-0.77322,0.73594,1.9279,0.23913,0.43741
-0.12197,1.2164,-0.04336,-0.91317,0.424,1.7688,0.26104,0.85632
-0.012157,1.0641,0.088195,-0.7842,0.37529,1.4385,-0.045387,0.98467
-0.32276,0.90885,0.085531,-0.56586,0.6992,1.6203,0.38971,0.81641
-0.32565,1.1942,0.017709,-0.61758,0.28026,2.083,0.12005,1.0065
-0.33137,0.92495,0.19861,-0.77737,0.91791,1.6729,0.17013,0.77927
-0.34244,0.9381,0.2705,-0.98018,0.67204,1.761,0.29208,0.83123
-0.53124,1.0192,0.049479,-0.72286,0.53345,1.4408,0.46145,0.81474
-0.10038,1.058,-0.36806,-0.84187,0.58195,1.8233,0.38647,0.49621
-0.44259,1.0687,0.38376,-0.67507,0.65256,1.8873,0.058579,0.9281
-0.38936,0.96944,-0.1138,-0.7859,0.60594,1.8928,0.39545,1.2212
-0.31893,1.1968,-0.46763,-0.53219,0.50627,2.0072,0.11218,0.87586
-0.45675,1.2192,-0.22524,-0.6564,0.63194,1.6886,0.14171,0.92114
-0.29357,1.1404,0.072871,-0.95314,0.89434,1.3976,0.12116,0.94502
-0.21749,1.0487,-0.16947,-0.77268,0.63093,2.0098,0.38308,0.94527
-0.22246,0.95692,-0.26167,-0.77235,0.62645,1.7416,0.18576,0.84766
-0.31492,1.0493,-0.025391,-0.71773,0.65663,2.077,0.42865,0.84386
-0.68285,1.0908,-0.31254,-0.89367,0.7224,2.0691,0.80642,1.1174
-0.22141,0.71561,0.067154,-0.7791,0.44665,2.0908,0.37091,0.83876
-0.62702,1.1313,-0.097587,-0.59947,0.55807,1.5534,0.27821,1.2648
-0.6396,1.2193,0.010373,-0.52081,0.69708,1.7402,0.07979,0.5483
-0.33633,1.2694,-0.10331,-0.66686,0.57971,1.9992,-0.14549,1.0041
-0.16928,0.85359,-0.034184,-1.0145,0.55357,1.7189,0.61777,1.0512
-0.25203,1.4457,0.010258,-0.81187,0.6134,1.689,0.23809,0.61312
-0.31128,1.0846,-0.21988,-0.60147,0.39065,1.8572,0.40125,0.82573
-0.090429,1.3223,0.027413,-0.73076,0.3546,2.1006,0.34786,0.44666
-0.17308,0.99553,0.23399,-0.63666,0.5269,1.6139,-0.021747,1.0575
-0.17385,1.0403,-0.20998,-0.9616,0.81325,1.8244,0.3776,0.56434
-0.10468,0.84153,0.020631,-0.95609,0.80717,1.5139,0.2553,0.76889
-0.23612,0.92951,-0.2456,-0.6733,0.83742,1.8814,0.13468,0.9552
-0.37033,1.0797,-0.35325,-0.78553,0.65984,1.7157,0.65158,1.2562
-0.28282,0.9966,0.28706,-0.38983,0.75191,1.9669,0.15168,0.86483
-0.13853,1.218,0.1214,-0.74988,0.27637,1.9388,0.20079,0.96705
-0.26657,0.945,-0.23274,-0.66576,0.65528,1.839,0.60208,0.98534
-0.55047,0.80874,-0.18508,-0.40446,0.654,1.6983,0.40083,0.72763
-0.19773,1.0598,-0.079518,-0.44292,0.40534,2.0884,0.38161,0.93754
-0.18898,1.0179,-0.32696,-0.51156,0.48514,1.7652,0.62344,1.0459
-0.19536,1.0601,-0.38646,-0.67337,0.70678,1.5539,0.10913,0.99298
-0.17937,1.0686,-0.56294,-0.67481,0.81058,2.0721,0.47489,1.0588
-0.27124,1.0223,-0.082087,-0.76627,0.56927,2.0849,0.40517,1.0253
-0.27644,1.2228,-0.11237,-0.7342,0.26312,1.8412,0.41912,1.1645
-0.47069,1.2632,-0.21823,-0.84811,0.36276,1.7645,0.16209,0.81191
-0.24277,1.2542,-0.40449,-0.62894,0.69175,1.7388,0.45615,0.63877
-0.20593,1.2212,-0.29831,-0.87011,0.38164,1.7253,0.64765,0.78084
0.059719,1.2247,-0.18008,-0.54589,0.59365,1.3712,0.19665,0.97574
-0.36944,1.1179,-0.25336,-0.31846,0.28899,1.9819,0.43971,0.9452
-0.37473,1.0474,-0.36445,-0.64103,0.37152,1.9301,0.39636,0.91153
-0.17171,1.5595,-0.16836,-0.6364,0.35309,2.1321,0.40896,0.81872
-0.1614,0.99166,-0.20221,-0.45438,0.57337,1.6562,0.019433,0.8519
-0.11546,1.2883,-0.42052,-0.98178,0.82911,1.5421,0.080661,1.0893
-0.19358,0.91187,-0.080386,-0.51102,0.44222,1.9522,0.43073,0.78839
-0.32106,1.2378,-0.4344,-0.58116,0.45907,1.9191,0.86578,0.93878
-0.088634,1.0867,-0.54918,-0.73133,0.42299,1.4071,0.26095,0.95955
-0.64474,1.0752,-0.10573,-0.6617,0.59086,1.5439,0.25324,1.0392
-0.20925,1.2085,-0.42385,-0.7611,0.49995,1.8174,0.48311,0.79121
-0.22973,1.1002,-0.15095,-0.69882,0.72946,1.6558,0.61586,0.94813
0.43747,1.1499,-0.39872,-0.5555,0.60502,1.7421,0.26459,0.82282
-0.39718,0.95597,-0.33698,-0.61041,0.29043,1.5499,0.53943,1.2169
-0.010407,1.1302,-0.10651,-0.64636,0.64942,1.414,0.020917,1.0646
-0.22034,1.1921,-0.26661,-0.37097,0.49973,2.0953,0.46612,0.8577
0.011429,1.4732,-0.17016,-0.52173,0.47696,1.9776,0.44729,0.64054
-0.17023,1.5162,-0.12542,-0.60031,0.40575,1.7261,0.36095,0.75011
-0.47376,1.3096,-0.2419,-0.19715,0.58527,1.5529,0.35349,0.9261
-0.36133,1.3282,0.0080107,-0.53931,0.54314,1.6,0.23961,1.1139
-0.03065,1.0522,-0.33502,-0.4409,0.47559,1.9636,0.22345,0.86984
-0.40968,1.249,-0.45988,-0.37869,0.54735,1.6273,0.38414,0.95227
-0.30985,1.2182,-0.44085,-0.47753,0.31194,1.3839,0.34625,1.0941
0.25578,1.0995,-0.39109,-0.92698,0.68076,1.9384,0.53523,1.0648
-0.35467,1.4077,-0.24174,-0.72988,0.46581,1.5127,0.15394,1.3057
-0.42109,1.2537,-0.38956,-0.57464,0.46505,1.8357,0.37263,0.96193
-0.0031499,1.5058,-0.14586,-0.11864,0.19037,1.9982,0.40115,1.1153
-0.018817,1.2615,0.37247,-0.39347,0.61302,1.7327,0.49727,1.1412
-0.15109,0.98128,-0.30967,-0.44382,0.3414,2.0901,0.34112,1.1416
-0.66498,1.246,-0.37335,-0.64559,0.63275,1.621,0.54052,1.231
-0.44346,1.4207,-0.46431,-0.85626,0.25025,1.7648,0.46203,1.0474
-0.082773,1.4611,-0.17185,-0.56697,0.49891,1.526,0.3658,1.2927
0.083761,1.1563,-0.076915,-0.70668,0.36449,1.6416,0.51351,0.88669
0.032899,1.0778,-0.41081,-0.38231,0.55516,1.5611,0.18054,1.1955
-0.15529,1.4863,-0.25562,-0.46772,0.27774,1.9119,-0.033815,0.91028
-0.6053,1.4486,-0.20326,-0.89471,0.59637,1.7218,0.1242,0.8835
-0.0062174,1.316,-0.017989,-0.58231,0.63026,1.706,0.43265,1.011
-0.11799,1.3819,-0.41508,-0.57191,0.37461,1.6204,0.39977,1.2284
-0.3837,1.0856,-0.42164,-0.82081,0.83295,1.6257,0.24188,0.83546
-0.51094,1.0425,-0.44301,-0.81588,0.38821,1.4738,0.24321,0.96813
0.021572,1.089,-0.21833,-0.39047,0.4093,1.7416,0.24778,1.0466
-0.41887,1.1172,-0.37021,-0.49814,0.77785,1.7289,0.2855,1.1756
0.067207,1.3942,-0.2569,-0.79236,0.50735,1.7035,0.26902,0.85915
-0.096873,1.2724,-0.75848,-0.54783,0.68108,1.4415,0.11691,0.89263
-0.018554,1.396,-0.47979,-0.44238,0.40023,1.6942,0.34148,1.0218
0.031174,1.3217,-0.53691,-0.10957,0.33864,1.8771,0.089109,0.80612
-0.31965,1.3956,-0.5172,-0.70695,0.5092,1.7255,0.57022,0.92761
-0.32509,1.3294,-0.30842,-0.74267,0.64883,1.6358,0.068236,0.84557
0.16967,1.2136,-0.37516,-0.5431,0.35,1.8701,0.54395,1.1202
0.20125,0.75804,-0.25775,-0.45008,0.39163,1.9859,0.26027,0.97972
-0.25942,1.3478,-0.29054,-0.78344,0.62547,1.5854,0.63796,1.293
0.21776,1.3024,-0.41772,-0.67939,0.37854,1.5314,0.16858,0.94143
-0.22671,1.3212,-0.45762,-0.41726,0.3357,1.4969,0.50536,1.3534
-0.30805,1.4569,-0.37889,-0.32542,0.15562,1.771,0.5695,1.0731
-0.51277,1.4188,-0.56274,-0.69216,0.27412,1.7376,0.32187,1.2365
-0.074048,1.2291,-0.48396,-0.25031,0.13168,1.9359,0.32817,1.3465
0.079662,1.4485,-0.048889,-0.57857,0.51438,1.5189,0.27436,1.1769
-0.18905,1.3987,-0.48332,-0.72344,0.33764,2.077,0.71303,1.014
-0.080057,1.0315,-0.37928,-0.93204,0.28095,2.0645,0.38098,1.0744
0.14516,1.5734,-0.37817,-0.63105,0.46925,1.5628,0.61506,1.1606
0.11316,1.1931,-0.35972,-0.60172,0.60723,1.779,0.52021,1.1811
0.0024166,1.3473,-0.2734,-0.69226,0.43197,1.6563,0.18311,1.0003
-0.14648,0.91042,-0.38549,-0.374,0.40363,1.7612,0.53302,1.1139
-0.01906,1.5158,-0.47878,-0.66239,0.32833,1.6799,0.30239,1.0361
-0.097057,1.564,-0.50343,-0.40491,0.43985,1.335,0.17311,1.4176
-0.13796,1.3308,-0.46249,0.083795,0.37735,1.8552,0.60935,0.90581
-0.040203,1.7278,-0.50076,-0.58318,0.58735,1.6702,0.54122,1.1281
-0.36259,1.5828,-0.39189,-0.11558,0.48115,1.5552,0.38643,1.1574
-0.20621,1.5218,-0.66233,-0.79186,0.25215,1.7809,0.096739,1.3933
-0.14603,1.0208,-0.55878,-0.83164,0.57486,1.6364,0.51951,0.97814
-0.1317,1.3657,-0.58678,-1.054,0.39865,1.7729,0.57932,0.98308
0.061656,1.2711,-0.47971,-0.65447,0.5998,1.6701,0.46987,1.033
-0.16436,1.3226,-0.36076,-0.36628,-0.012951,1.5027,0.52684,1.172
-0.34236,1.6333,-0.34042,-0.26916,0.51753,1.9067,0.13942,0.89811
-0.17544,1.2747,-0.34576,-0.34386,0.386,1.6736,0.49925,1.1292
0.06888,1.6406,-0.62872,-0.50534,0.34903,1.616,0.33868,1.3407
-0.092823,1.3864,-0.52434,-0.48308,0.37177,1.674,0.3384,1.2391
-0.2434,1.7986,-0.51952,-0.47858,0.48879,1.6778,0.54291,1.3029
-0.15926,1.1761,-0.13578,-0.35316,0.39785,1.7704,0.021046,1.3967
0.001736,1.6104,-0.40281,-0.44919,0.58688,1.5006,0.42217,1.1631
-0.10782,1.3296,-0.76801,-0.84361,0.35196,1.69,0.46248,1.0171
-0.15638,1.5583,-0.77856,-0.589,0.40085,1.6372,0.40091,1.2828
-0.016582,1.521,-0.57121,-0.45406,0.24123,1.4756,0.37144,1.6186
-0.16193,1.4424,-0.33117,-0.79548,0.33588,1.7998,0.18502,0.98749
-0.069219,1.5855,-0.10745,-0.13514,0.44677,1.8216,0.41147,1.3957
0.37268,1.466,-0.4945,-0.57438,0.39117,1.7454,0.13157,0.97438
-0.13068,1.5267,-0.4786,-0.72811,-0.023963,1.5611,0.54866,0.94772
-0.16385,1.3338,-0.69982,-0.61588,0.27326,1.4355,0.27614,1.2456
0.011289,1.3121,-0.50167,-0.5207,0.27824,1.6223,0.34109,1.1567
0.019405,1.8932,-0.44385,-0.60414,0.1756,2.0659,0.36798,1.1014
-0.29141,1.5875,-0.61778,-0.61845,0.35036,1.6726,0.11047,1.0045
0.037099,1.5114,-0.63537,-0.86431,0.067965,1.7121,0.2852,0.97819
-0.53605,1.6362,-0.42423,-0.71976,0.52788,1.5656,0.022105,1.01
0.13841,1.4617,-0.54312,-0.39061,0.475,1.5185,0.31237,1.0931
0.08656,1.3741,-0.82043,-0.69831,0.4559,1.4783,0.52682,0.70318
0.031949,1.3869,-0.66472,-0.54029,0.40173,1.5112,0.27396,1.113
-0.11838,1.6129,-0.43244,-0.3079,0.18105,1.6467,0.4623,1.4711
0.010618,1.2833,-0.31083,-0.24721,0.57526,1.6064,0.49716,1.2568
-0.26361,1.3255,-0.598,-0.69651,0.37329,1.3964,0.45944,1.0018
0.078952,1.7449,-0.68313,-0.62834,0.25237,1.45,0.49914,1.193
-0.311,1.3785,-0.44457,-0.50453,0.31604,1.6272,0.051957,1.5207
0.03433,1.7848,-0.51545,-0.46691,0.20593,1.6849,0.22054,1.3202
-0.21478,1.3346,-0.48348,-0.39559,0.099121,1.7078,0.046298,1.1638
-0.019594,1.7092,-0.47006,-0.88255,0.45912,1.8083,0.50498,1.4187
0.059274,1.5369,-0.45111,-0.62329,0.53271,1.6568,0.20186,0.92386
-0.17543,1.8168,-0.7202,-0.54045,0.17602,1.3461,0.33669,1.2187
0.040543,1.6042,-0.8197,-0.43149,0.78293,1.5908,0.46035,1.2091
-0.42781,1.4628,-0.99752,-0.80064,0.32822,1.4795,0.27558,1.0487
0.011603,1.5423,-0.57411,-0.80143,0.18209,1.5925,0.33912,1.3613
-0.079194,1.3473,-0.46372,-0.3974,0.085507,1.4463,0.47827,1.3198
-0.00033144,1.9045,-0.61619,-0.33786,0.30792,1.6367,0.32943,1.3367
0.17249,1.7604,-0.44081,-0.55584,0.18111,1.5601,0.44272,1.1012
-0.050674,1.8703,-0.40506,-0.87118,0.35079,1.873,0.48126,1.3857
0.0020568,1.288,-0.71298,-0.63586,-0.046857,1.525,0.43879,0.97184
0.27038,1.5685,-0.88641,-0.61604,0.19603,1.4067,0.27643,1.0716
0.039084,1.53,-0.85064,-0.32305,0.52511,1.4571,0.34967,1.5859
0.24022,1.6055,-0.88486,-0.47988,0.62956,1.9018,0.55448,1.241
-0.28436,1.4239,-0.58673,-0.61544,0.20209,1.5227,0.20427,1.1224
0.06075,1.6309,-0.8635,-0.29147,0.48329,1.639,0.25145,1.616
-0.1652,1.6455,-0.6582,-0.4127,0.19131,1.3931,0.53464,1.1561
-0.22018,1.6,-0.64596,-0.70127,0.51173,1.5436,0.20472,1.3802
-0.12412,1.7304,-0.3201,-0.31778,0.29516,1.1043,0.45612,1.2549
-0.012565,1.6536,-0.82834,-0.64433,-0.17408,1.4854,0.27041,1.1982
-0.042693,1.5666,-0.68162,-0.77745,0.59222,1.6633,0.41606,1.3759
-0.31475,1.6316,-0.82147,-0.63702,0.29209,1.4763,0.94051,1.1171
-0.074434,1.7836,-0.37753,-0.54313,0.24664,1.6882,-0.071975,1.432
0.0030989,1.5023,-0.75015,-0.68475,0.041532,1.6565,0.3141,1.4518
-0.23168,1.4269,-0.91851,-0.6938,0.51188,1.3458,0.57966,1.4499
0.078516,1.6092,-0.65689,-0.74622,0.18036,1.6635,0.55218,1.4945
-0.17683,1.2451,-0.73345,-0.47117,0.74319,1.4729,0.42967,1.3152
-0.2987,1.6537,-0.48419,-0.58086,0.54197,1.6126,0.52341,1.2649
0.12722,1.4072,-0.69699,-0.53311,0.4748,1.398,0.64499,1.1564
-0.16824,1.48,-0.67233,-0.48832,0.40943,1.5916,0.60462,1.3817
-0.0693,1.7227,-0.47189,-0.65764,0.42792,1.5686,0.53587,1.2372
-0.22453,1.465,-0.70956,-0.44006,0.16421,1.752,0.32487,1.2626
-0.060784,1.4232,-1.1687,-0.46198,0.32549,1.4201,0.48955,1.5022
-0.025565,1.6184,-0.65354,-0.42701,0.26808,1.5264,0.84655,1.6672
-0.014449,1.5867,-0.61435,-0.59749,0.34622,1.4668,0.57691,1.392
-0.017225,1.8562,-0.92137,-0.47974,0.30936,1.4148,0.51584,1.021
-0.19237,1.6383,-0.80241,-0.60456,0.41388,1.6241,0.61469,1.5465
-0.021217,1.5156,-0.76507,-0.81837,0.57721,1.6288,0.15267,1.3643
-0.24468,1.6453,-0.65382,-0.52112,0.53458,1.4977,0.22922,1.5683
-0.27846,1.4125,-0.53006,-0.33637,0.22586,1.8155,0.24349,1.1819
0.089994,1.4184,-0.74904,-0.54087,0.56633,1.3579,0.321,1.4346
-0.17619,1.6318,-0.75014,-0.60219,0.37428,1.531,0.6131,1.5956
-0.03433,1.3674,-0.40593,-0.24139,0.4413,1.3551,0.61047,1.2832
-0.06515,1.5531,-0.96671,-0.55703,0.71568,1.5156,0.53199,1.4813
0.30237,1.4001,-0.75213,-0.71863,0.2392,1.6929,0.57371,1.4367
-0.1549,1.6988,-0.93122,-0.45223,0.28256,1.5665,0.31839,1.8417
-0.034481,1.5233,-1.042,-0.47471,0.72267,1.4477,0.23783,1.2869
0.075463,1.8301,-0.78302,-0.75538,0.24994,1.7921,0.66207,1.3272
0.26385,1.7537,-0.7143,-0.4445,0.40547,1.5084,0.025986,1.8384
-0.033884,1.7053,-1.0911,-0.61737,0.42098,1.2861,0.36056,1.3568
0.29458,1.3245,-0.95256,-0.63307,0.52301,1.6461,0.57804,1.3371
-0.25313,1.7888,-1.1742,-0.58967,0.35993,1.5481,0.42859,1.3341
0.2511,1.3593,-0.67638,-0.95628,0.41369,1.5244,0.32627,1.5122
-0.15273,1.412,-0.71605,-0.68058,0.50163,1.5416,0.46287,1.4577
-0.38654,1.9384,-0.83946,-0.73748,0.11759,1.5149,0.50203,1.4334
-0.31809,1.5612,-0.67312,-0.54714,0.21927,1.231,0.43964,1.1543
-0.27119,1.542,-0.9876,-0.50648,0.16683,1.8722,0.798,1.558
0.1352,1.8254,-0.83018,-0.74158,0.3373,1.4953,0.34981,1.6735
-0.17769,1.8626,-0.91974,-0.36425,0.26406,1.4836,0.41454,1.3719
0.011318,1.3221,-0.45973,-0.83108,0.50867,1.3985,0.20808,1.441
0.044605,1.4105,-1.0451,-0.82626,0.13593,1.5871,0.43519,1.5751
-0.22596,1.6788,-0.67929,-0.56679,0.67339,1.5467,0.50012,1.3453
-0.33097,1.4226,-0.6417,-0.45399,0.10465,1.6033,0.37689,1.4673
0.33324,1.7613,-0.66197,-0.91152,0.47784,1.3258,0.54402,1.4718
0.16316,1.7895,-0.89834,-0.5892,0.38316,1.4629,0.21245,1.4178
-0.0378,1.7806,-0.9601,-0.55836,0.55734,1.5538,0.70775,1.5394
0.14426,1.6925,-0.71702,-0.42913,0.54913,1.3035,0.32763,1.253
0.0073297,1.6859,-0.61217,-0.64311,0.61618,1.3487,0.39008,1.6597
-0.076003,1.7101,-0.68774,-0.66468,0.069046,1.6483,0.053022,1.3818
-0.28984,1.8541,-0.89433,-0.74532,0.5863,1.1615,0.27592,1.4181
0.014371,1.7951,-0.84749,-0.70359,0.51748,1.4075,0.66813,1.5103
0.090724,1.7287,-0.91713,-0.52208,0.3991,1.4098,0.31059,1.8436
-0.17737,1.9236,-0.98195,-0.57663,0.30625,1.6729,0.26474,1.2272
0.031381,1.6756,-0.915,-0.99847,0.56546,1.7182,0.40005,1.3766
0.24521,1.8399,-0.82032,-0.72046,0.53317,1.3328,0.00042459,1.3931
0.25788,1.6624,-0.62147,-1.0255,0.59065,1.2194,0.081241,1.5768
-0.0072097,2.1153,-0.62504,-0.76101,0.35678,1.8374,0.35737,1.4446
-0.1432,1.5956,-0.76026,-0.90995,0.39069,1.3499,0.61766,1.4043
-0.085301,1.6487,-0.6879,-0.59444,0.65572,1.3306,0.27987,1.7157
0.13069,1.8559,-0.70196,-0.64265,0.44751,1.2958,0.19633,1.4358
-0.11191,1.4264,-1.0686,-0.56756,0.74003,1.4725,0.33891,1.5275
-0.18455,1.5189,-0.61636,-0.17472,0.42609,1.4441,0.28574,1.5789
-0.072068,1.5497,-0.79319,-0.83037,0.5042,1.3985,0.30176,1.5928
0.12742,1.4945,-0.68145,-0.81277,0.29093,1.4453,0.53165,1.7937
0.09212,1.2757,-0.62035,-0.50496,0.46163,1.6003,0.28111,1.6257
-0.13781,1.63,-0.92116,-0.63639,0.55983,1.3588,0.35843,1.3778
0.0028339,1.3673,-0.9325,-0.20931,0.52616,1.361,0.12308,1.3459
-0.16123,1.4319,-0.73984,-0.63615,0.35191,1.3105,0.37247,1.7455
0.23169,1.5111,-0.71175,-0.82289,0.63728,1.2467,0.44432,1.7494
0.10732,1.5568,-0.61088,-0.74611,0.61743,1.3966,0.36258,1.346
0.00043284,2.0011,-1.0714,-0.42755,0.66029,1.7981,0.41156,1.1666
-0.11002,1.1963,-0.71042,-0.5749,0.40995,1.5049,0.029264,1.7062
-0.010609,1.768,-0.13525,-1.0365,0.60248,1.5607,0.35852,1.2388
-0.23167,1.5757,-0.75348,-0.81237,0.30049,1.1878,0.38751,1.4802
0.18082,1.7304,-0.91274,-0.85853,0.56948,1.5678,0.41561,1.3758
-0.071864,1.6799,-0.92278,-0.68741,0.56809,1.3186,0.47821,1.4493
-0.073905,1.5452,-1.2157,-0.78124,0.4544,1.4023,0.54548,1.2196
0.041345,1.5458,-0.93235,-1.0199,0.68579,1.5103,0.10493,1.4146
0.12369,1.9072,-0.78312,-0.60003,0.5491,1.3017,0.33171,1.5344
0.1193,1.6158,-0.79305,-0.59521,0.38982,1.3723,0.27736,1.6529
-0.055147,1.5828,-0.79279,-0.79473,0.43218,1.2348,0.1312,1.4261
0.12109,1.789,-0.71137,-1.0065,1.0502,1.3973,0.078242,1.5264
-0.11929,1.5516,-0.84474,-0.95805,0.64793,0.99571,0.43177,1.7436
-0.31052,2.0065,-0.44199,-0.64205,0.74657,1.1614,-0.12842,1.6821
0.020976,1.5748,-0.6205,-0.70979,0.55846,1.1639,-0.080043,1.7166
-0.066173,1.7616,-0.96349,-0.96353,0.57561,1.4516,0.36529,1.75
0.036824,1.6024,-0.8391,-0.96999,0.52747,1.8446,0.44993,1.359
0.22116,1.4506,-0.87649,-0.48727,0.5389,1.5573,0.69997,1.5605
0.060197,1.6214,-0.40039,-0.23172,0.41501,1.4077,0.13205,1.6912
-0.26981,1.7521,-0.95187,-0.40068,0.46181,1.2812,0.36207,1.7353
0.021928,1.6787,-0.85547,-0.67729,0.84083,1.4446,0.18149,1.6391
0.2234,1.6949,-0.53672,-1.1136,0.55622,1.367,0.41127,1.2786
-0.17999,1.7931,-0.58322,-0.92843,0.39447,1.3469,0.38316,1.5112
-0.45963,2.0717,-0.7491,-0.88408,0.43929,1.5712,0.33096,1.4631
-0.25311,1.6208,-1.0971,-0.51689,0.61592,1.4799,0.48544,1.8272
0.1105,1.6508,-0.70437,-0.80349,0.82454,1.3699,0.21866,1.6853
0.31303,1.6538,-1.0166,-0.94948,0.65064,1.222,0.15469,1.5907
-0.14001,1.7343,-0.46773,-0.86815,0.40174,1.4335,0.40415,1.5493
0.014886,1.924,-0.73337,-0.82206,0.74792,1.6241,0.41143,1.4321
-0.3527,1.9746,-0.67303,-0.61647,0.78917,1.2472,0.23432,1.1644
-0.23266,1.2241,-1.0275,-0.82374,0.89143,1.3405,0.28452,1.4947
-0.01384,1.6415,-0.81925,-0.98339,1.0289,1.319,0.31584,1.6855
-0.039994,1.5151,-0.67424,-0.84621,0.36276,1.6102,0.38918,1.6703
0.053029,1.8597,-0.37466,-0.85275,0.59263,1.6382,0.47163,1.6453
-0.18081,1.6762,-0.47522,-0.81891,0.67941,1.6875,0.7216,1.1884
-0.30871,1.9618,-0.62657,-0.6952,0.29386,1.2394,0.19045,1.7528
-0.65546,1.773,-0.38359,-0.89951,0.75145,1.3506,0.5573,1.6434
0.051773,1.7358,-0.56423,-1.1134,0.50114,1.7598,0.36926,1.6159
-0.063189,1.49,-0.70764,-0.62838,0.6698,1.0976,0.39156,1.6524
0.090134,1.7249,-0.67567,-0.77302,0.561,1.2804,0.064334,1.8712
-0.040444,1.7237,-0.91909,-0.78021,0.52293,1.3924,0.42195,1.7609
0.20918,1.3479,-0.81739,-1.1451,0.46716,1.225,0.31309,1.6079
-0.17079,1.4594,-0.36032,-0.96743,0.44405,1.3745,0.52325,1.7724
-0.25541,1.7185,-0.58446,-0.61174,0.71844,1.4504,0.4227,1.7998
-0.31526,1.5222,-0.80693,-0.81481,1.031,1.4288,0.40572,1.3774
-0.50582,1.5108,-0.97825,-0.79029,0.67741,1.4768,0.44281,1.7217
-0.38371,1.4853,-0.84953,-0.71385,0.65254,1.6081,0.39122,1.7736
-0.32236,1.8005,-0.20468,-0.65297,0.83422,1.3271,0.37206,1.7831
-0.41689,1.7086,-0.53253,-0.80287,0.31453,1.376,0.42695,1.9573
-0.21376,1.5637,-0.97276,-0.84874,0.53085,1.6371,0.24278,1.7998
-0.2049,1.7733,-0.81924,-0.69388,0.63726,1.2802,0.3649,1.7172
-0.3347,1.5497,-0.76113,-0.99474,0.96989,1.5935,0.02227,1.8427
-0.15665,1.9518,-0.5698,-0.63392,0.70558,1.5964,0.32565,1.5565
-0.26246,1.6676,-0.45917,-0.55132,0.92576,1.5043,0.453,1.6089
0.016151,1.2443,-0.43607,-0.94207,0.6793,1.3183,0.39023,1.6754
-0.51524,1.5332,-0.67341,-0.70769,0.75123,1.5228,0.46282,1.4224
-0.028287,1.7972,-0.74628,-0.855,0.36948,1.8799,0.054097,1.6589
-0.113,1.5886,-0.69841,-0.61132,0.85574,1.5691,0.32957,1.4982
-0.19761,1.228,-0.68441,-0.94801,0.83773,1.5912,0.54863,1.7975
-0.32979,1.5727,-0.78835,-0.70548,0.48452,1.4608,0.32152,1.825
-0.40169,1.6219,-0.67821,-0.70597,0.90302,1.2975,0.37902,1.5343
-0.41103,1.4834,-0.54316,-0.56267,0.79766,1.6057,0.53843,1.9811
-0.18485,1.6828,-0.60989,-0.54881,0.57639,1.3233,0.44662,1.5437
-0.21796,1.4137,-0.65309,-0.8086,0.94118,1.5319,0.49571,1.8912
0.015215,1.5078,-0.50133,-1.0541,0.68068,1.3814,0.12065,1.2939
-0.33532,1.6578,-0.39874,-0.85908,0.70159,1.5017,0.51762,1.7212
-0.63085,1.45,-0.78436,-1.1548,0.78257,1.6532,0.48467,1.7821
-0.1767,1.6125,-0.45815,-1.0726,0.81174,1.5613,0.37991,1.8696
-0.38145,1.4359,-0.7305,-0.85086,0.47752,1.4978,0.17214,1.5904
-0.53865,1.6003,-0.45511,-0.82516,0.52885,1.3419,0.078693,1.8683
-0.41316,1.544,-0.9223,-0.65388,1.1332,1.311,0.4556,1.9539
-0.18809,1.5386,-0.55188,-1.285,0.57444,1.4787,0.096995,1.8152
-0.28059,1.6243,-0.40626,-0.98758,0.85944,1.4631,0.29677,1.6676
-0.073745,1.7346,-0.070685,-1.0575,0.71338,1.1047,0.30168,1.6067
-0.062683,1.6355,-0.59293,-0.90267,0.73971,1.2402,0.65901,1.8417
-0.45613,1.4731,-0.59176,-1.052,0.8765,1.3263,0.37042,1.7606
-0.16215,1.6392,-0.49782,-1.2114,0.9044,1.7421,0.76588,1.8665
-0.30623,1.7238,-0.57181,-0.85403,0.75603,1.8353,0.27623,1.5195
-0.23465,1.5174,-0.78328,-1.0011,0.8861,1.4954,0.41011,1.4914
-0.33358,1.7014,-0.42436,-1.0926,0.92704,1.1494,0.52112,1.7628
-0.13102,1.5122,-0.51011,-1.217,0.77602,1.6772,0.33572,1.7781
-0.41006,1.6595,-0.73554,-1.0337,0.89296,0.9953,0.36859,1.6406
-0.27492,1.5296,-0.61447,-0.92452,0.71625,1.6175,0.24655,1.7639
-0.25175,1.5353,-0.88218,-0.91895,0.65652,1.0706,0.045752,1.7321
-0.24412,1.9203,-0.57139,-0.87863,0.89935,1.4328,0.33966,1.7278
-0.13325,1.5372,-0.81267,-0.65802,0.65961,1.1829,0.33799,1.5609
-0.50755,1.6552,-0.36986,-1.0698,0.69514,1.1086,0.47057,1.9114
-0.27593,1.5333,-0.67211,-0.74736,0.98353,1.2678,0.2476,1.5354
-0.32321,1.4183,-0.57609,-1.0081,0.41953,1.205,0.34485,1.7452
-0.35157,1.5921,-0.3031,-1.1378,0.76767,1.2425,0.21705,1.7369
-0.20745,1.1465,-0.66006,-1.0474,0.9617,1.2944,0.38292,1.9962
-0.15381,1.4365,-0.75334,-0.89796,0.50247,1.5096,0.39166,1.7765
-0.18869,1.7338,-0.42835,-1.367,0.90428,1.6318,0.60399,1.5292
-0.033788,1.3962,-0.64322,-0.88514,0.71835,1.401,0.26118,1.9282
-0.57347,1.3437,-0.37661,-0.97768,0.70319,1.4555,-0.0079034,2.1257
-0.13816,1.4474,-0.70127,-0.77176,1.0225,1.3347,0.38616,1.3924
-0.66354,1.4612,-0.72418,-0.82077,0.93523,1.3426,-0.03896,1.8087
-0.58605,1.7069,-0.56729,-0.86164,0.75126,1.4389,0.35845,1.8276
-0.39783,1.2944,-0.2338,-0.72826,1.1759,1.4029,0.24049,1.7563
-0.41861,1.9403,-0.60321,-1.0856,0.82472,1.4418,0.41735,1.8817
-0.059738,1.2344,-0.50591,-1.158,0.78787,1.4791,0.075868,2.02
-0.22561,1.4183,-0.33191,-1.132,0.824,1.2312,0.4248,1.9827
-0.15386,1.3572,-0.24265,-0.82748,0.79416,1.3216,0.48945,1.9247
-0.49691,1.2453,-0.25529,-0.98806,1.0501,1.3951,0.45005,1.9033
-0.22182,1.3494,-0.39867,-1.4689,0.94066,1.574,0.20872,2
-0.25162,1.5106,-0.50174,-0.7726,1.0288,1.4574,0.365,1.6533
-0.15334,1.5042,-0.34953,-0.91311,0.37126,1.5271,0.16403,1.7145
0.12577,1.4231,-0.17185,-0.68111,0.93843,1.3375,0.36667,2.1628
-0.23159,1.3247,-0.46819,-0.72905,1.0192,1.4229,0.17992,1.9355
-0.47732,1.6752,-0.50414,-0.91948,0.93674,1.5349,0.26871,1.7647
-0.36093,1.577,-0.53222,-1.0496,0.90151,1.3759,0.64273,1.9424
-0.35323,1.5916,-0.51594,-0.92551,0.96067,1.5798,-0.0186,1.6558
-0.31631,1.4634,-0.24429,-0.91645,0.82371,1.4731,0.18793,1.899
-0.25233,1.3632,-0.2174,-1.122,0.77055,1.3464,0.56597,1.8305
-0.67325,1.4489,-0.21452,-1.2806,1.0525,1.1254,0.0081247,1.855
-0.42175,1.4225,-0.27166,-0.97533,0.84206,1.4102,0.42605,1.5726
-0.068658,1.5003,-0.68828,-1.2161,0.65268,1.5552,0.26003,1.6261
-0.29657,1.8505,-0.27685,-1.2911,0.83255,1.341,0.46123,1.4732
-0.47746,1.3703,-0.21881,-0.93729,0.60313,1.1022,0.38557,1.6034
-0.34584,1.4976,-0.41503,-1.4951,0.53239,1.8967,0.33828,2.1123
-0.5576,1.5701,-0.64044,-1.1204,0.6358,1.5643,0.28186,1.9882
-0.42497,1.4442,-0.12352,-1.2054,1.0348,1.241,0.087782,1.7181
-0.23443,1.603,-0.24107,-0.99152,0.95055,1.5646,0.28004,1.8042
-0.28503,1.4769,-0.4914,-1.185,0.86641,1.155,0.29954,1.659
-0.1982,1.4374,-0.059488,-0.95374,0.9678,1.1766,0.40534,1.9539
-0.16895,1.9498,-0.33858,-1.0244,0.97616,1.3666,0.32919,1.6355
-0.52073,1.1396,-0.096245,-1.0082,0.93628,1.7341,-0.14266,1.9632
-0.25518,1.4995,-0.43854,-1.1246,1.3231,1.3504,0.45679,1.2276
-0.31414,1.5829,-0.34994,-1.2534,0.9266,1.5226,0.52869,1.7001
-0.075662,1.6624,-0.10335,-1.1809,1.2792,1.8259,0.12674,1.6422
-0.39482,1.6348,-0.32635,-1.1308,0.92659,1.4079,0.57871,2.1627
-0.51542,1.6345,-0.31406,-0.68056,1.5018,1.5926,0.13061,1.5639
-0.70103,1.2503,-0.28473,-1.1164,0.84961,1.617,0.11899,1.8224
0.069025,1.7931,-0.30196,-0.71503,1.0608,1.4533,0.31856,1.8921
-0.27237,1.2147,-0.27262,-1.1628,0.92045,1.588,-0.36104,2.0843
-0.47982,1.3881,-0.31688,-1.0835,0.76963,1.3449,0.4787,1.6595
-0.59462,1.5726,-0.55955,-1.0403,1.0274,1.3358,0.10047,1.4428
-0.38035,1.4994,-0.19042,-1.2045,0.75914,1.6906,0.18342,1.8387
0.027437,1.3571,0.0074323,-1.1863,1.0179,1.3189,-0.059563,1.4415
-0.17245,1.5966,-0.38646,-1.3755,1.0171,1.6092,0.51213,1.6515
-0.53494,1.2513,-0.343,-0.42698,1.0755,1.7267,0.26527,1.7739
-0.51525,1.4599,-0.41259,-1.0161,1.1652,1.6407,0.43116,1.959
0.014383,1.5128,-0.42557,-1.1387,0.89241,1.6177,0.2808,1.9068
-0.29176,1.2096,-0.26736,-1.2847,1.1331,1.3172,0.037473,1.6896
-0.75067,1.3142,0.083344,-1.0295,1.0051,1.3229,0.29229,1.8207
-0.40303,1.4664,-0.043246,-0.93241,1.1453,1.4748,-0.0095749,1.7498
-0.3682,1.4443,-0.13489,-1.0804,1.1445,1.4532,0.17191,1.7331
-0.64839,1.4856,-0.28782,-1.2992,1.1281,1.6297,0.071001,1.7541
-0.4551,1.6424,0.063275,-0.98138,1.026,1.5713,0.49548,1.4306
-0.46202,1.4094,-0.28021,-1.0625,0.87144,1.209,0.46725,1.7245
-0.11888,1.6034,-0.13848,-1.2044,1.184,1.4371,0.24928,1.7663
-0.56721,1.2617,-0.061738,-0.919,0.81821,1.7846,0.11024,1.8638
-0.39568,1.2189,-0.21688,-0.87437,0.83392,1.4429,-0.0025694,1.6624
-0.57297,1.4362,-0.28664,-0.86188,1.2159,1.6277,0.45349,1.6249
-0.40237,1.4131,0.047384,-1.0096,0.88943,1.5521,0.42455,1.7777
-0.23114,1.0795,-0.33193,-1.161,0.61391,1.4621,0.60404,1.8049
-0.24366,1.5365,-0.12658,-1.0341,1.1378,1.7193,0.38079,1.9577
-0.45843,1.2623,0.14439,-1.0112,1.1725,1.6094,0.41512,1.8671
-0.6542,1.4254,-0.042129,-0.8533,1.1388,1.3266,0.6122,1.5966
-0.62977,1.411,-0.21938,-0.93285,1.0024,1.4173,0.45032,2.2734
-0.46317,1.3725,0.15609,-0.78906,1.0277,1.7494,0.1755,2.1316
-0.34803,1.3038,-0.26845,-1.0554,1.139,1.5226,0.40348,1.6478
-0.46627,1.0722,-0.19015,-0.76721,1.0337,1.2402,0.058399,2.2311
-0.48351,1.3238,-0.30167,-1.0073,0.94203,1.484,0.11007,1.7817
-0.50147,1.3835,-0.031596,-0.88841,1.0056,1.4644,0.37746,2.0051
-0.84946,1.6288,-0.15173,-0.87429,0.87976,1.4358,0.45759,1.7641
-0.82935,1.2826,-0.20996,-1.2229,1.1356,1.5734,0.3845,1.5596
-0.42837,1.4628,-0.22645,-1.0162,0.74202,1.2956,0.46169,1.6451
-0.43222,1.2699,-0.25794,-1.2964,1.2168,1.5017,0.11713,1.832
-0.676,1.5152,-0.10671,-1.0219,1.2538,1.644,0.029913,1.6717
-0.53954,1.4435,-0.2074,-1.0558,1.1054,1.4241,0.55277,1.6979
-0.64301,1.4732,0.18694,-0.89076,0.94435,1.5595,0.025723,1.6694
-0.33774,1.4337,0.095508,-1.1136,0.90495,1.8423,-0.073165,1.7203
-0.45342,1.1944,-0.055319,-0.99494,1.008,1.5019,0.29553,2.0978
-0.49332,1.3587,-0.053861,-1.2944,1.1289,1.1322,0.029112,1.5438
-0.41499,1.1388,0.027208,-1.1304,0.81474,1.5049,0.17801,1.9412
-0.54799,1.2607,0.20166,-0.97469,1.0169,1.6374,0.30415,1.8384
-0.38613,1.4637,0.02306,-0.75378,1.0202,1.4462,0.3778,1.8274
-0.73964,1.5692,0.30542,-0.80298,0.9898,1.3586,0.49527,1.8687
-0.54723,1.293,-0.12739,-1.3437,1.2834,1.3637,0.038797,1.9684
-0.58667,1.4708,-0.17408,-1.0427,1.1408,1.3504,0.47684,1.9833
-0.65421,1.4524,0.14521,-0.80646,1.2164,1.4427,0.12815,1.6828
-0.66619,1.1047,-0.16053,-1.1985,0.97215,1.5069,0.35604,2.0718
-0.5177,1.1774,-0.25093,-1.4164,0.87774,1.5608,0.5113,1.6172
-0.82449,1.2221,0.21283,-0.8213,0.91552,1.3254,0.70882,1.6991
-0.6775,1.5821,-0.079909,-0.9296,1.1189,1.518,0.28741,1.9394
-0.86074,1.2713,-0.23715,-1.0785,1.1473,1.3865,0.5675,1.752
-0.74081,1.2624,0.1718,-1.1675,0.83506,1.8433,0.26308,1.7705
-0.18141,1.1362,-0.10334,-1.1925,0.92176,1.4967,0.44611,2.0759
-0.30586,1.1057,-0.1889,-1.0655,1.0832,1.5012,0.72762,1.9638
-0.47904,1.4194,0.084094,-1.048,0.66596,1.3782,0.014977,1.5609
-0.44025,1.0983,0.38527,-1.2017,1.0891,1.5885,0.087874,1.7268
-0.53883,1.3521,-0.16855,-1.1644,0.89754,1.5813,0.44071,1.7292
-0.65358,1.1045,0.15788,-0.76372,1.303,1.5951,0.43928,1.6528
-0.43888,1.605,0.25029,-1.2324,1.1293,1.6069,0.53474,1.6225
-0.49901,1.5266,0.047484,-1.0631,1.1941,1.7338,0.22018,1.6115
-0.36342,1.4886,0.096427,-0.98213,1.1305,1.578,0.54108,2.0092
-0.80891,1.2769,0.10761,-1.2329,1.0422,1.7771,-0.0072603,1.9043
-0.77172,1.1235,-0.19987,-0.88358,1.1079,1.4478,0.38787,1.5675
-0.75887,1.5386,0.29809,-1.2034,1.369,1.2823,0.34805,1.8495
-1.0093,1.0607,0.17274,-1.0151,1.1027,1.4961,0.4823,1.5119
-0.65716,1.4637,0.43418,-1.2269,1.0087,1.7112,0.38389,1.7893
-0.57247,1.4502,0.11636,-1.0419,0.99342,1.8121,0.24726,1.6148
-0.17212,1.3875,-0.093967,-0.8413,1.1576,1.633,0.64607,1.787
-0.4283,1.5113,0.014532,-1.0127,1.3307,1.6395,0.12486,1.6544
-0.50241,1.0193,0.54143,-1.1313,1.2824,1.7216,0.49617,1.6513
-0.41816,1.2207,0.35185,-1.2448,0.81674,1.7798,0.28338,1.9842
-0.288,1.5525,0.18299,-0.94754,1.3641,1.4975,0.44019,1.6614
-0.47707,0.95233,0.18816,-0.74322,0.96826,1.4156,0.53743,1.5819
-0.34891,1.3474,-0.060485,-1.1665,1.3612,1.616,0.42028,1.7219
-0.43003,1.5066,0.29587,-1.526,1.2836,1.5658,0.30522,1.4883
-0.50694,1.0264,0.10503,-0.81455,0.97227,1.5461,0.36709,1.8833
-0.94191,1.5328,-0.076057,-0.74999,1.1001,1.4537,0.039971,1.7343
-0.82269,1.2589,0.46093,-1.1373,1.1845,1.3785,0.68525,1.7097
-0.44553,1.2962,-0.13992,-0.79128,1.0348,1.3032,0.49494,1.5631
-0.42827,1.3644,-0.029928,-1.0012,1.0597,1.6034,0.15704,1.4088
-0.69468,1.3123,0.011775,-1.1863,0.97304,1.6709,0.22263,1.6928
-0.40126,1.2823,0.034394,-1.2486,1.1286,1.6291,0.14265,1.8921
-0.52976,1.3092,0.071501,-1.0764,0.95471,1.5883,0.30215,1.7361
-0.40257,1.2887,0.23661,-1.0745,0.67726,1.8324,0.1981,1.8392
-0.30913,0.9539,0.12904,-1.1097,1.1004,1.6069,0.42247,1.6458
-0.74453,1.3641,0.19048,-1.2761,1.1983,1.4153,0.40367,1.9189
-0.70561,1.0736,0.12286,-0.91546,0.96116,1.6903,0.60056,1.5995
-0.37754,1.3666,0.47352,-1.103,0.89635,1.7347,0.48676,1.6891
-0.73254,1.6932,-0.010111,-1.0771,0.91118,1.6973,0.20333,1.8161
-0.81949,1.0261,0.39043,-0.98823,0.83371,1.4068,0.32914,1.8674
-0.54535,1.4017,0.23736,-1.1947,0.86734,1.8923,0.17262,1.7389
-0.30141,1.0597,0.17586,-1.2668,1.0418,2.0007,-0.16532,1.604
-0.88269,1.5455,0.34179,-1.2273,0.80059,1.5236,0.34789,1.6147
-0.63801,1.4704,0.25019,-1.1736,1.4239,1.9278,0.27825,1.5921
-0.40596,1.0644,0.21981,-1.3395,0.80792,1.601,0.47178,1.7221
-0.65781,1.072,0.026541,-1.1572,1.1107,1.5113,0.22229,1.947
-0.43226,1.3315,0.12495,-1.2207,1.1288,1.7927,0.38336,1.8238
-0.64293,1.4976,0.25748,-0.99288,0.80523,1.8688,0.098978,1.6758
-0.37553,1.37,0.17777,-0.90576,0.84577,1.6243,0.36229,1.5172
-0.30737,1.3088,0.024519,-1.3254,1.2746,1.6369,-0.098004,1.6572
-0.59797,1.3727,-0.079503,-1.0181,1.044,1.7834,0.57832,1.5132
-0.52537,1.1431,0.010257,-0.99519,1.0703,1.7064,0.14795,1.5979
-0.9075,1.3364,0.22694,-0.7144,1.1491,1.2761,0.24215,1.7333
