-0.056573,1.228,-0.058242,-0.96011,0.01785,1.7583,-0.5444,1.0952
0.032643,1.0991,-0.17435,-0.90801,-0.15581,1.7505,-0.42229,0.75023
0.37888,1.102,0.12377,-1.0625,0.10185,1.6581,-0.53128,0.83134
0.31114,1.2526,0.13001,-0.79134,0.020806,1.9038,-0.39947,1.0962
0.26236,1.0878,0.028015,-0.99365,0.11311,1.6306,-0.28711,0.96767
0.064065,0.99418,-0.11781,-0.77624,0.12312,1.8758,-0.22458,1.2625
0.030735,1.2439,-0.15925,-0.6084,0.37453,1.4933,-0.29609,0.94231
0.10407,1.1805,0.095355,-0.85271,0.27331,1.8626,-0.47001,1.1825
0.028927,1.2717,-0.27161,-0.72044,0.079045,1.521,-0.27468,1.2944
-0.034649,1.0978,0.016641,-0.58776,0.019795,2.0219,-0.7516,0.93792
-0.030022,1.1741,0.15766,-1.1584,-0.1297,1.5072,-0.48233,0.61757
-0.024584,1.3487,0.0072331,-0.96305,0.03541,1.6149,-0.33697,1.1414
0.058746,1.2893,-0.08133,-0.26478,-0.054721,1.3496,-0.33266,0.74358
-0.094868,1.1079,-0.12646,-0.80173,-0.26096,1.8934,-0.33853,1.2344
0.18495,1.0441,-0.15397,-0.67364,0.13083,1.7523,-0.31316,1.1695
0.08943,1.4407,-0.18353,-0.69244,0.25666,1.6854,-0.53027,1.1039
0.32457,1.136,-0.076705,-0.95542,-0.087435,1.7197,-0.4783,1.2102
0.49634,1.6425,-0.03755,-0.63008,0.29167,1.6175,-0.2156,1.1457
0.31843,1.2919,-0.14545,-1.0379,-0.070826,1.6847,-0.34666,1.2092
0.42881,1.379,-0.26114,-0.7759,-0.22366,1.4496,-0.61904,0.70908
0.15123,1.2955,0.023881,-0.93442,0.12317,1.6584,-0.33912,0.79568
0.086575,1.2384,-0.37796,-0.93812,0.085496,1.7662,-0.42005,1.0087
0.32528,1.199,-0.052159,-1.3033,0.44522,1.796,-0.36007,0.79093
0.026698,1.1536,0.15615,-0.57831,0.27178,1.6819,-0.27667,1.1788
0.059564,1.0424,0.12066,-1.0005,0.15598,1.6054,-0.3876,1.044
0.24313,1.3132,0.066919,-0.90359,0.49926,1.8157,-0.66339,1.1966
0.26271,0.99087,0.12344,-0.78824,-0.12629,1.5396,-0.53273,0.981
0.0019492,1.0993,0.14429,-1.0586,0.11777,1.5618,-0.41653,1.2282
0.3835,0.83109,0.2019,-1.0462,0.14546,1.3934,-0.25717,1.1268
0.47531,1.2542,-0.10763,-0.68419,0.090848,1.7054,-0.91368,0.76857
0.16564,1.4594,-0.14613,-1.0513,-0.019741,1.6683,-0.6369,0.9954
0.50064,1.0735,-0.21492,-0.58487,0.18308,1.6599,-0.52477,1.0502
0.087578,1.2312,-0.25275,-0.7641,0.082029,2.0315,-0.65811,0.74339
0.13637,1.3902,0.18134,-1.0387,0.4537,1.518,-0.9775,0.96637
0.13373,0.89183,0.066053,-1.3177,0.34033,1.8482,-0.47531,0.73333
0.083759,1.1345,-0.086214,-1.0516,0.51975,1.3254,-0.59078,1.1388
-0.0065722,1.0876,0.2179,-0.90453,0.114,1.8197,-0.45441,1.0767
0.24263,1.0772,-0.12647,-0.86076,0.39394,1.7041,-0.52239,0.91232
0.30019,1.2737,0.18063,-0.77278,0.28723,1.4945,-0.84271,1.16
0.35316,1.2512,0.32441,-0.7471,0.0098425,1.566,-0.53981,0.89879
0.29315,1.2122,0.028034,-1.1564,0.12679,1.5996,-0.5511,0.95716
0.040621,1.1172,0.21016,-0.81916,0.25097,1.5946,-0.83914,0.80938
0.0013398,0.96407,0.028219,-0.72196,-0.012293,1.8253,-0.40984,0.80949
0.51751,1.3908,0.15302,-1.0529,0.24284,1.9654,-0.87179,1.0334
0.08913,1.1566,0.07078,-0.63331,0.33197,1.7101,-0.59638,1.0196
0.65898,0.96271,-0.010546,-0.92052,0.4609,1.8662,-0.4081,0.7528
0.32223,0.88196,0.22869,-0.72957,0.17549,1.7233,-0.69162,0.9416
0.32467,1.2403,-0.39618,-0.84372,0.18143,1.7183,-0.38631,0.92182
0.33944,1.012,-0.16578,-1,0.13165,1.6779,-0.79641,1.2133
0.31842,1.1986,0.12725,-1.2942,-0.048012,1.4369,-0.6363,0.95188
0.4483,0.81912,0.018879,-0.73655,0.36712,1.7696,-0.82884,0.96562
0.48044,1.2458,-0.063564,-1.1725,0.16779,2.0908,-0.65202,0.59624
0.37264,1.1497,-0.29417,-1.1364,0.012082,1.6605,-0.36853,1.0563
0.35509,1.3061,-0.13336,-1.0736,0.091322,1.4973,-0.6717,0.76615
0.45327,1.1577,-0.02864,-0.82025,0.20187,1.7131,-0.58599,0.54912
0.28959,1.0388,-0.058457,-0.99054,0.067718,1.7645,-0.70975,1.061
0.49711,0.94897,0.15121,-1.1443,0.4203,1.4533,-0.52477,0.81895
0.37189,1.3006,0.31638,-0.89212,0.15474,1.9254,-0.75634,0.79104
0.65772,1.205,-0.15524,-1.4482,0.57103,1.7359,-0.47776,0.71005
0.38565,0.96216,0.22938,-0.85115,0.41253,1.8009,-0.53133,0.83144
0.25422,1.0981,0.1421,-0.8081,0.60149,1.6688,-0.82101,0.68766
0.2078,0.97569,-0.21014,-0.9626,0.45747,1.6469,-0.73482,1.0652
0.446,1.2852,-0.3959,-1.246,0.13824,1.7497,-0.75818,0.94435
0.34246,1.0848,0.065613,-1.0401,0.43396,1.6506,-0.50005,0.75722
0.55286,0.87677,-0.015906,-0.94236,0.69969,1.9065,-0.41599,0.81549
0.083843,1.0633,0.22977,-1.0513,0.091226,1.4341,-0.74728,0.81768
0.41612,1.0324,0.10034,-0.82555,0.25856,1.7378,-0.40026,1.0919
0.414,1.2174,-0.13641,-0.83473,0.037639,1.5341,-0.6028,0.76879
0.38037,1.0891,0.17449,-1.017,0.42216,1.644,-0.53117,0.9298
0.24436,1.0663,-0.04438,-1.4312,0.79706,1.6938,-0.46103,0.67166
0.30163,1.2235,0.03977,-1.4062,0.38642,1.848,-0.63653,0.58254
0.74452,0.96553,0.062203,-1.3967,0.67982,1.2978,-0.62844,1.1272
0.65084,1.3306,-0.04275,-1.5276,0.39801,1.4565,-0.41722,0.66981
0.75075,1.207,-0.19176,-1.0098,0.41276,1.6422,-0.7553,0.84372
0.42272,1.366,0.2073,-0.94583,0.68329,1.5732,-0.37428,0.87053
0.45618,1.087,0.12987,-1.1819,0.53267,1.6861,-0.29337,0.53446
0.38338,0.93362,0.16715,-1.205,0.18212,1.6495,-0.57102,1.0583
0.47386,1.1149,0.099145,-0.72474,0.48037,1.9937,-0.57987,0.71144
0.61941,1.2261,-0.26391,-1.0806,0.6815,1.7103,-0.63978,0.68307
0.43103,0.94028,-0.025223,-1.5366,0.44449,1.8737,-0.44967,0.67234
0.36881,1.1804,-0.082371,-1.3465,0.52185,1.4698,-0.81744,0.98114
0.081919,1.0506,0.058304,-1.1575,0.27047,1.73,-0.55729,0.84889
0.47135,0.82058,-0.041147,-0.92447,-0.059808,1.5171,-0.34891,0.9096
0.34888,1.057,0.34049,-1.2825,0.39272,1.8124,-0.84912,0.6802
0.39802,0.68627,0.30096,-1.2368,0.38668,1.8412,-0.71923,1.0494
0.58711,0.99487,0.15012,-1.1531,0.33512,1.8553,-0.59359,1.0958
0.43824,0.87115,-0.17738,-1.2664,0.39242,1.7996,-0.2856,0.98861
0.41953,1.1659,0.10552,-1.1083,0.4148,1.9367,-0.65363,0.58596
0.76466,1.0457,0.078214,-1.1668,0.30448,1.9317,-0.76987,0.85841
0.4671,0.9402,-0.062676,-1.336,0.59362,1.8101,-0.58094,0.85528
0.39316,1.0118,0.14312,-1.0648,0.63846,1.6754,-0.43713,0.78704
0.45272,0.75708,-0.019264,-0.93323,0.32378,1.8563,-0.74906,0.7213
0.9188,0.81525,0.19935,-1.1299,0.40475,1.5181,-0.76996,0.50484
0.58882,0.95847,0.32387,-1.1059,0.25318,1.6763,-0.76662,0.84896
0.52758,0.6947,-0.052759,-1.0595,0.48905,1.7926,-0.74537,0.82602
0.66221,0.9035,0.12179,-1.0418,0.59967,1.7396,-0.53777,0.38954
0.51955,0.97713,0.32697,-0.9518,0.54283,1.7656,-0.68971,0.691
0.42764,1.0845,0.031865,-1.0385,0.77071,1.5897,-0.39059,0.73586
0.59828,1.0743,-0.28137,-0.97955,0.50839,1.7372,-0.53247,0.73791
1.2174,1.1194,0.092311,-1.1466,0.43825,1.8462,-0.68406,0.70661
0.52768,0.86296,0.20872,-1.0347,0.68664,1.5614,-0.43543,0.65721
0.61653,0.90163,-0.015245,-1.3119,0.37277,1.5112,-0.57459,0.70125
0.67793,1.3969,-0.041454,-1.0422,0.59024,1.9127,-0.71766,0.77364
0.84577,1.0812,0.13911,-1.4536,0.4093,1.8343,-0.76291,0.55284
0.75007,1.03,0.012293,-1.2789,0.34927,1.9598,-0.76512,0.75768
0.64032,1.2776,0.13627,-1.3629,0.66539,1.6497,-0.77162,0.86773
0.58059,1.1771,-0.28624,-1.3796,0.48281,1.5326,-0.60853,0.60685
0.89862,0.92435,0.15251,-1.3227,0.42273,1.8217,-0.90322,0.95697
0.60743,1.064,-0.051479,-1.0088,0.37269,1.6307,-0.53369,0.79033
0.4989,1.2291,0.14637,-1.0572,0.64506,1.8886,-0.66904,0.90793
0.63468,0.91013,0.22577,-0.9897,0.60188,1.8288,-0.54231,0.79871
0.60507,1.0236,0.16711,-1.1559,0.44923,1.6247,-0.74117,0.70269
0.65971,1.0505,0.19363,-1.2638,0.80677,1.7946,-0.74515,0.67356
0.74376,1.1891,0.22576,-1.0415,0.31948,2.1583,-0.57298,0.51223
0.94514,0.93446,0.023142,-1.3444,0.42133,1.5365,-0.59041,0.55641
0.93578,1.4774,0.32982,-1.4952,1.019,2.0397,-0.89761,0.61656
0.50608,0.88949,-0.11968,-1.3584,0.61031,1.5709,-0.84065,0.83821
0.62322,0.92382,0.081276,-1.1885,0.56281,1.895,-0.56757,0.71832
0.63547,1.0761,0.061026,-1.4062,0.55043,1.8756,-0.84729,0.81482
0.27072,0.78141,0.33615,-1.2149,0.5185,1.7984,-0.38179,0.64646
0.70441,0.51243,0.13514,-1.2045,0.59118,1.7339,-1.0058,0.93282
0.87987,0.88895,0.39359,-1.6068,0.77206,1.4313,-0.59907,0.73471
1.0596,1.0199,0.41868,-1.4682,0.56971,1.989,-0.45706,0.82286
0.84006,0.65894,-0.0084474,-1.5644,0.50177,1.7272,-0.37357,0.62273
0.86271,1.2035,0.37378,-1.0229,0.88523,1.631,-0.53225,0.66141
0.7125,0.82844,0.18524,-1.1181,0.74002,1.9145,-0.67645,0.8946
0.85047,1.1251,0.34667,-1.0594,0.91156,1.4621,-0.56394,0.60746
0.79274,1.0099,0.18748,-1.259,0.55708,1.9425,-0.77149,0.34578
1.0046,1.1675,0.47248,-1.4189,0.48649,1.7222,-0.74093,0.80779
0.50776,0.79423,0.20809,-1.2223,0.73583,1.8466,-0.86224,0.75175
1.0747,0.87889,0.23798,-1.4706,0.40217,1.7807,-0.78998,0.78539
1.1961,0.92557,0.24015,-1.1248,0.83483,1.4913,-0.59133,0.81371
0.91129,1.1089,-0.21503,-0.98074,0.54826,1.7368,-0.41,0.98269
0.75575,0.79494,0.25225,-1.4531,0.76178,2.2026,-0.71646,0.5403
0.77178,0.89195,0.21886,-1.2294,0.98615,1.6466,-0.69585,0.86126
0.76503,1.0955,0.31769,-1.2548,0.5463,1.4287,-0.39347,0.64698
0.63749,1.1311,0.10977,-1.3231,0.80997,1.6641,-0.95909,0.67483
0.74615,1.1547,0.16695,-1.3101,0.99009,1.483,-0.87199,0.527
0.6691,1.0284,0.034607,-1.3099,0.70815,1.8479,-0.45586,0.6925
1.0455,0.7823,0.41372,-1.4394,0.42115,1.685,-0.80951,0.4941
0.98349,0.77375,0.24915,-1.1691,0.52548,1.5758,-0.70693,0.74795
0.99236,0.86128,0.31046,-1.1745,0.94938,1.5922,-0.78876,0.78269
0.73311,1.1279,0.14438,-1.4684,0.64289,1.7627,-0.34926,0.39309
1.0618,1.0456,-0.013397,-1.2179,0.61129,1.7961,-0.39532,0.4416
0.84774,0.70387,0.21841,-1.4894,0.6193,1.5892,-0.58724,0.51525
0.84031,0.79715,0.055789,-1.3296,0.60134,1.9141,-0.54221,0.38298
0.84952,1.0573,0.51338,-1.0383,0.82506,1.866,-0.57085,0.40693
0.76496,0.76096,0.15256,-1.3134,0.84314,1.8125,-0.17132,0.62374
1.0035,0.85074,-0.050969,-1.4026,0.78431,1.7107,-0.37682,0.65837
0.50853,1.1643,-0.081512,-1.2773,0.4231,1.6323,-0.43787,0.65002
0.74528,0.71863,0.42326,-1.1244,0.5976,1.9314,-0.86903,0.41611
0.74993,1.0464,0.32264,-1.4854,0.71524,1.9182,-0.67818,0.71288
1.0742,0.92982,0.54175,-1.3759,0.75423,1.6662,-0.82042,0.63389
0.92902,0.97169,0.22091,-1.1905,0.93321,1.8011,-0.47579,0.35263
0.61988,1.1196,0.42342,-1.4007,0.45575,1.484,-0.75165,1.0395
0.93981,1.1573,0.7336,-1.4867,0.80059,1.7297,-0.54947,0.56082
0.66772,0.89637,0.48783,-1.3999,0.71817,1.6817,-0.65338,0.60984
0.99308,0.9573,0.14635,-1.6538,1.0578,1.9986,-0.096772,0.61078
0.88986,0.64116,0.29238,-1.1954,0.70743,1.7163,-0.67458,0.51551
0.74273,0.82076,0.20419,-1.495,0.88573,1.5731,-0.5017,0.77337
0.92665,0.46812,0.28797,-1.3235,0.62589,1.7176,-0.87162,0.40431
0.74261,1.1612,0.004387,-1.3325,0.85814,1.4882,-0.82251,0.66757
0.64768,0.91696,0.19959,-1.4345,1.0869,1.7623,-0.55004,0.56866
0.77769,1.0206,0.29242,-1.4078,0.85238,1.4772,-0.3844,0.3891
0.78893,0.99781,0.062811,-1.4695,0.76445,1.9026,-0.63336,0.13879
1.0589,1.1976,0.59967,-1.5212,0.67275,1.6834,-0.57668,0.31849
0.9308,0.84401,0.2807,-1.3611,0.84875,1.6611,-0.32599,0.8068
1.0778,1.0499,0.19816,-1.5237,0.91637,1.7368,-0.81078,0.33116
0.87511,0.79845,0.22785,-1.4309,1.1035,1.2505,-0.72399,0.81733
1.2682,0.83018,0.14066,-1.108,1.2414,1.3755,-0.34795,0.42106
0.97042,0.74567,0.018119,-1.6588,0.59067,1.8363,-0.6664,0.80375
0.75161,0.80629,0.34199,-1.5657,0.54832,1.6912,-0.49204,0.43746
1.1096,1.0204,0.19624,-1.5709,0.87,1.3488,-0.33757,0.34986
1.4208,1.0551,0.34994,-1.4371,0.81277,1.8754,-0.70891,0.37798
0.94083,0.86411,-0.054009,-1.4342,0.86174,1.4056,-0.48623,0.75118
0.6399,0.88792,0.19092,-1.1593,1.0906,1.5876,-0.6016,0.46425
0.74818,0.86791,0.42683,-1.6761,0.72805,1.8283,-0.55047,0.61466
0.7172,1.0126,0.19725,-1.3898,1.0058,1.9123,-0.42787,0.60075
0.80635,0.88618,0.10816,-1.0935,1.144,1.7847,-0.34064,0.31369
0.75865,0.95706,-0.06577,-1.3755,0.812,1.6676,-0.57842,0.45148
0.91842,1.0001,0.15057,-1.5654,0.53637,1.8692,-0.6054,0.65302
1.0796,0.9445,0.33212,-1.3067,0.97337,1.827,-0.64638,0.38836
0.66229,1.0339,0.54174,-1.6413,0.9599,1.6166,-0.58593,0.60501
0.72918,0.78859,0.3182,-1.6233,0.98293,1.5993,-0.56033,0.68042
1.0911,0.89953,0.49462,-1.3569,0.95039,1.7472,-0.47305,0.13309
1.0289,0.84051,0.4158,-1.508,0.69648,1.775,-0.359,0.79872
0.61387,0.99796,0.1577,-1.3739,0.75621,1.5547,-0.53286,0.57038
0.69505,0.87222,0.32981,-1.1479,0.78662,1.6195,-0.47038,0.74282
0.87718,0.96144,0.37353,-1.4138,0.96262,2.0087,-0.16335,0.68805
0.91939,0.85994,0.28851,-1.5314,0.73259,1.716,-0.28379,0.76222
0.98354,0.80776,0.47757,-1.5209,1.0157,1.95,-0.30792,0.42101
0.91482,1.0472,0.33336,-1.4276,0.73709,1.6075,-0.39723,0.27184
0.89855,0.72326,0.35776,-1.2572,0.91925,1.9718,-0.55719,0.28736
0.42493,0.76634,0.47068,-1.3987,0.93221,1.6766,-0.52516,0.87267
0.68807,0.74778,0.25508,-1.2402,0.95921,1.4268,-0.57178,0.10245
0.89423,0.85887,0.45287,-1.4209,0.84881,1.3984,-0.34068,0.40473
0.97686,0.80553,0.27127,-1.8995,1.0702,1.6283,-0.623,0.73829
0.79688,0.74323,0.21815,-0.9881,0.74602,1.5871,-0.65469,0.43579
0.84325,1.0147,0.39619,-1.4519,0.58195,1.5371,-0.49789,0.43437
0.99669,0.75494,0.51527,-1.2166,0.91971,1.5595,-0.3864,0.45389
1.0645,0.79657,0.33146,-1.5383,0.82639,1.6034,-0.80113,0.38705
1.1346,0.87652,0.10607,-1.4862,1.0417,1.5574,-0.28626,0.56552
1.0504,0.7755,0.38153,-1.3632,1.0132,1.5081,-0.11606,0.36118
0.83309,0.65313,0.37962,-1.5375,1.153,1.5707,-0.5298,0.62827
1.0347,1.0535,0.34603,-1.643,1.0081,1.7698,-0.30111,0.51281
1.07,1.0098,0.51024,-1.1805,1.09,1.6235,-0.66568,0.39757
0.97712,0.82151,0.4729,-1.5606,0.76784,1.3826,-0.5719,0.58827
0.93014,0.74394,0.28212,-1.4415,1.1205,1.5746,-0.54018,0.78295
0.60664,0.78805,0.13065,-1.5604,0.69445,1.3831,-0.2752,0.55282
0.88119,0.79319,0.17732,-1.2619,1.115,1.7392,-0.44432,0.36609
0.84549,0.98201,0.24436,-1.2845,0.93877,1.3539,-0.43588,0.58047
0.69943,0.7603,0.32873,-1.1695,0.90528,1.3443,-0.59944,0.51058
0.98716,0.81804,0.35694,-1.4451,0.63802,1.4205,-0.38746,0.73508
0.86989,0.7902,0.091926,-1.6468,0.78661,1.7097,-0.4403,0.88902
1.0616,0.99367,0.20344,-1.4721,0.98001,1.6193,-0.34457,0.41712
1.07,0.76487,0.31299,-1.8119,1.2303,1.2895,-0.61246,0.42425
0.89743,1.0681,0.50718,-1.2054,1.3121,1.2759,-0.42833,0.41007
0.96008,0.40625,0.61004,-1.3909,1.1092,1.3706,-0.77846,0.59043
0.87404,0.68362,0.20925,-1.3951,0.81471,1.5634,-0.27715,0.40018
0.87519,0.62169,0.3257,-1.6037,0.86527,1.5593,-0.13102,0.84024
1.0585,0.94283,0.56414,-1.3329,0.76632,1.5007,-0.52541,0.42441
0.75132,0.81645,0.11558,-1.3617,0.90476,1.4249,-0.63923,0.79303
0.57502,0.99668,0.6755,-1.3721,0.76954,1.7116,-0.34173,0.43905
0.91787,0.88958,0.33456,-1.0352,0.90396,1.4762,-0.34522,0.78558
0.82089,0.7559,0.24826,-1.3337,0.98129,1.5708,-0.4544,0.76284
0.85139,0.68199,0.28395,-1.4215,0.81051,1.4655,-0.56243,0.55912
1.064,0.60918,0.4599,-1.3248,0.74099,1.1577,-0.16807,0.68324
0.87622,0.6062,0.41161,-1.1623,1.1112,1.4512,-0.3835,0.45467
0.86323,0.77518,0.14276,-1.1034,1.16,1.0181,-0.28025,0.58097
1.3657,0.61068,0.035845,-1.7163,0.85953,1.6626,-0.6155,0.64951
1.2875,0.88461,0.71775,-1.4692,0.95365,1.4989,-0.73218,0.30051
0.81234,0.60798,0.43722,-1.5882,0.81405,1.1256,-0.35861,0.50183
0.59962,0.96278,0.24424,-1.6298,0.70335,1.3845,-0.43536,0.30345
0.98529,0.45169,0.5686,-1.4367,0.82862,1.3441,-0.72787,0.43038
1.1605,0.9046,0.34867,-1.0987,0.91479,1.1001,-0.25469,0.66958
1.1037,0.75569,0.33042,-1.5588,0.82216,1.292,-0.36363,0.59261
0.98441,0.70091,0.41166,-1.4043,1.1317,1.5776,-0.60026,0.5253
1.1101,0.76361,0.50584,-1.1755,1.0793,1.6397,-0.21846,0.37844
0.71061,0.61284,0.16552,-1.5212,1.3328,1.632,-0.49328,0.32507
1.2219,0.71154,0.34899,-1.7462,0.87493,1.6198,-0.40257,0.40957
1.0115,0.70238,0.13956,-1.1479,1.0368,1.4523,-0.52179,0.38377
1.0907,0.75504,0.54946,-1.6997,1.2478,1.149,-0.4395,0.40039
0.91515,1.0033,0.12372,-1.299,0.67301,1.5737,-0.4685,0.4369
1.069,0.69733,0.47228,-1.6954,0.81955,1.2393,-0.54199,0.52103
0.83217,0.96247,0.37578,-1.1117,0.64181,1.2245,-0.24467,0.35078
0.75322,1.0976,0.18198,-1.5119,0.7945,1.3724,-0.20783,0.65416
0.75338,0.84069,0.47614,-1.5209,1.0515,1.2959,-0.33856,0.79475
0.7742,0.82876,0.31574,-1.5335,1.0721,1.447,-0.11081,0.59887
1.0518,0.61073,0.19996,-1.5463,0.56038,1.5785,-0.60265,0.48733
0.81168,0.66823,0.43109,-1.297,1.0629,1.4173,-0.22578,0.30592
0.77339,0.67101,0.67966,-1.5824,0.93495,1.4677,-0.072888,0.37601
0.90621,0.4683,0.46846,-1.6038,1.0278,1.6171,-0.47528,0.68104
0.66415,0.7768,0.49255,-1.1326,1.0577,1.0383,-0.19072,0.95679
0.81171,0.84206,0.49704,-1.4847,0.89974,1.343,-0.13844,0.52068
1.0664,0.65728,0.35048,-1.1231,0.96107,1.2858,-0.38434,0.49137
0.70288,0.97846,0.57,-1.6553,0.88538,1.182,0.043768,0.21514
0.77381,0.74653,0.036191,-1.2121,1.3129,1.433,-0.29943,0.78309
0.71986,0.89393,0.54356,-1.4032,1.1577,1.7467,-0.042393,0.45689
0.79606,0.43633,0.73867,-1.4697,0.90572,1.1332,-0.18086,0.4809
0.60208,0.6288,0.3488,-1.2853,1.0909,1.305,-0.40592,0.59994
0.77973,1.0392,0.36243,-1.5479,1.0424,1.4292,-0.14832,0.53472
0.93344,0.66038,0.48328,-1.2688,0.85897,1.4582,-0.16985,0.73734
0.91807,0.75728,0.49707,-0.93219,0.86094,1.2026,-0.24822,0.51324
0.57371,0.60583,0.33795,-1.5555,0.94983,1.0306,0.00055383,0.36495
1.121,0.96344,0.49818,-1.5251,1.031,0.9787,-0.36229,0.93046
1.2683,0.40109,0.58263,-1.2112,1.0045,1.3683,-0.43373,0.61521
0.76207,0.85205,-0.12035,-1.2108,0.80319,1.2856,-0.12506,0.27687
0.85972,0.36928,0.58456,-1.0725,1.0035,1.091,-0.048161,0.84431
0.7111,0.70926,0.38125,-1.2413,1.0882,1.2559,-0.60203,0.7362
0.73718,0.46281,0.68999,-1.0334,0.91597,1.4319,-0.19331,1.0156
0.97691,0.51489,0.48174,-1.3111,1.1311,1.0439,-0.25868,0.30959
0.64592,0.45587,0.639,-1.4132,0.88034,1.1818,-0.22004,0.69484
0.76885,0.69577,0.47548,-1.4346,0.88703,0.61803,-0.68392,0.59015
0.50959,0.9345,0.51822,-1.1644,0.82094,1.1198,-0.44551,0.11484
0.8848,0.59727,0.33503,-1.2507,1.2147,1.1785,-0.3303,0.78745
0.67069,1.1636,0.4975,-1.4163,1.1932,1.0113,-0.093624,0.55381
0.91861,0.71727,0.35012,-1.1201,1.0018,1.1784,-0.35194,0.39431
0.49091,0.72414,0.8011,-1.4317,0.96006,1.0732,-0.020741,0.53231
0.88592,1.1973,0.16726,-1.0236,0.87183,1.245,-0.22381,0.5422
0.91121,0.56743,0.56349,-1.0548,1.2291,1.2812,-0.09683,0.6529
1.1111,0.72729,0.41114,-1.2693,0.96608,1.1943,-0.15151,0.50624
0.58801,0.79901,0.45341,-1.2323,0.80512,1.1426,-0.25294,0.75451
0.79479,0.9956,0.70663,-1.3569,1.1354,1.1181,-0.37561,0.63302
0.73809,0.45671,0.81576,-1.1671,0.81089,1.1557,-0.17841,0.57366
0.83456,0.84169,0.48846,-1.4552,1.0555,0.98116,-0.59196,0.76714
0.59072,0.79878,0.18327,-1.3949,1.1178,1.4335,-0.32369,0.65699
0.60912,0.56344,0.45126,-1.0657,0.55175,1.0275,-0.12356,0.45401
0.6857,0.77674,0.51248,-0.96127,1.0948,0.99947,-0.20453,0.72243
0.72536,0.63619,0.39612,-1.4596,1.1785,0.93676,-0.19388,0.58384
0.88923,0.34367,0.87389,-1.161,1.001,1.3236,-0.043735,0.56163
0.93516,1.0489,0.62331,-1.3572,1.1284,1.0691,-0.1228,0.467
0.65802,0.87841,0.6203,-0.95108,1.2356,1.2543,0.20215,0.7562
0.53689,0.60745,0.31807,-1.5008,0.76863,0.94907,-0.14438,0.86475
0.74751,0.49046,0.89378,-1.2478,0.8633,1.1764,-0.10057,0.56608
0.46854,0.61579,0.33396,-1.545,0.7466,0.83454,-0.22173,0.67059
1.0707,0.8049,0.57612,-1.4575,0.9243,0.90697,0.022249,0.89474
0.43057,0.98779,0.37849,-1.3913,0.79089,1.3002,-0.13134,0.53349
0.73993,1.0664,0.36769,-0.90109,1.1275,1.094,-0.15366,0.80948
0.61268,0.61662,0.58245,-1.5568,1.0715,1.1457,-0.39763,0.47532
0.71325,0.72627,0.60408,-1.09,0.89129,0.86417,0.14626,0.65452
0.80405,0.47482,0.7004,-1.1473,1.0995,1.2582,-0.080255,0.78692
0.67376,0.55597,0.29986,-0.99114,0.95214,0.88498,-0.54041,0.5758
0.76111,0.68807,0.56433,-1.3985,1.0443,1.0897,-0.017819,1.0184
0.79227,1.0637,0.33918,-1.4135,0.84367,1.3343,-0.021905,0.7594
0.70527,0.63279,0.36856,-1.3014,1.0955,1.2599,0.00077447,0.70607
0.72086,0.87804,0.29175,-1.3545,0.99986,0.81939,-0.061514,0.74677
0.73896,0.82768,0.48287,-1.4535,0.68406,1.2592,-0.052113,0.69146
0.45935,0.56932,0.78671,-1.2347,0.79447,0.76453,-0.061821,0.79469
0.43931,0.72842,0.51017,-0.81689,1.0599,1.1944,0.078747,0.91835
0.72125,0.99686,0.52193,-1.0612,0.71474,0.83061,-0.36186,0.71083
0.58641,0.56669,0.53285,-1.0573,1.2803,0.97744,-0.19896,0.54892
0.67744,0.5596,0.33804,-1.1757,1.0728,0.97738,0.086248,0.79037
0.4224,0.82852,0.64371,-1.1397,0.99892,0.95537,-0.18023,0.69597
0.76768,0.72761,0.65801,-1.2776,0.75194,0.99831,-0.14142,0.47781
0.68746,0.54064,0.37183,-1.3366,0.95319,0.91092,0.23175,0.61915
0.29192,0.76355,0.51498,-1.1134,0.60502,1.0323,0.031319,0.48659
0.67112,0.77932,0.5215,-1.5352,1.1558,1.025,0.086918,0.60601
0.49338,0.68797,0.70215,-1.1549,0.67582,0.89352,-0.13686,0.78574
0.61261,0.66955,0.56162,-1.084,0.9806,0.80139,0.098152,0.59799
0.57569,0.8557,0.50592,-1.0229,1.029,0.89437,-0.24185,0.47884
0.54851,0.7561,0.27393,-1.3324,0.88709,0.84206,0.036763,0.91037
0.36352,0.5231,0.70108,-1.199,0.72924,1.2229,-0.26723,0.80282
0.4847,0.7337,0.58086,-1.0385,0.93975,0.65907,-0.37309,0.90199
0.63833,0.43225,0.79305,-0.84384,0.70748,1.0314,0.17821,0.7771
0.33658,0.59412,0.44205,-1.0536,0.99108,0.88482,-0.02861,0.98636
0.61618,0.7318,0.55485,-1.158,0.97874,0.30459,-0.20727,0.43012
0.35605,0.73511,0.37408,-1.3479,1.0722,0.64981,0.13288,1.0674
0.60911,0.63481,0.63845,-1.0957,0.88371,0.51593,-0.27027,0.80362
0.51825,1.0084,0.43921,-1.0247,1.0856,1.1225,0.024023,0.75447
0.44558,0.61056,0.63253,-1.1513,0.71147,0.66356,-0.0034986,0.61487
0.33107,0.86378,0.71386,-1.0056,0.69991,0.61333,-0.058691,1.156
0.38113,0.9553,0.48288,-1.2626,1.0121,0.89449,-0.14562,0.89634
0.47528,1.01,0.62306,-1.2641,0.96859,0.96372,0.010982,0.91491
0.22888,0.85912,0.20834,-1.0788,0.96763,0.95773,0.083885,1.0207
0.33775,0.85271,0.16748,-1.2248,0.88926,0.78552,0.12992,0.79123
0.67931,0.93596,0.54211,-1.1996,0.92877,1.0056,0.011244,0.89398
0.68627,0.85663,0.50696,-0.96637,0.84997,1.018,-0.12454,0.92322
0.5603,0.74964,0.39747,-1.1219,1.0376,1.0943,0.2293,0.93144
0.68274,0.52288,0.59257,-0.98257,0.73375,0.84956,-0.16477,0.6176
0.58087,0.82607,0.84201,-1.3029,0.94533,0.60318,0.16243,0.90527
0.58758,0.42068,0.55532,-0.99837,0.66641,0.4268,-0.2067,1.2703
0.11849,0.67518,0.37014,-1.1254,0.87126,0.87014,-0.20655,0.75237
0.4132,0.59437,0.6509,-0.99571,0.8991,0.78903,-0.26483,0.94544
0.34907,0.73522,0.71727,-1.1637,0.91938,0.73614,0.079125,1.1583
0.7556,0.50195,0.54279,-0.95685,1.0364,0.864,-0.09458,1.0565
0.406,0.68216,0.75152,-1.1069,0.82235,0.85254,0.015025,1.0808
0.22388,0.77543,0.49929,-0.96878,0.7459,0.77191,0.038537,0.79245
0.42584,0.60992,0.2925,-1.2164,1.1358,0.86339,0.0082915,1.0612
0.19334,0.91459,0.54082,-0.97499,0.93574,0.4876,0.10843,1.1214
0.51693,0.60748,0.64088,-0.67127,0.58099,0.57604,-0.2332,0.89694
0.33167,0.91622,0.64538,-1.0388,0.88888,0.74678,0.10605,1.0064
0.23449,0.77021,0.5547,-1.0079,1.1852,0.7012,0.13044,1.3205
0.5007,1.1458,0.35374,-0.96861,0.89169,0.50295,0.15645,1.034
0.42024,0.46033,0.47954,-0.91478,0.97408,0.50108,0.15565,1.0042
0.45051,0.80428,0.72544,-1.0327,0.71062,0.66351,0.037031,1.2471
0.1131,0.72698,0.45917,-0.85651,1.0899,0.68502,0.043451,1.0116
0.03934,1.0701,0.79665,-0.95902,1.2043,0.56304,0.034521,0.85463
0.54691,0.53252,0.73663,-1.1533,0.88989,0.6693,0.11843,1.3842
0.13187,0.71328,0.40656,-0.95874,0.98209,0.59073,-0.13351,1.0271
0.30182,0.67619,0.41392,-1.0043,1.0659,0.51768,0.10386,1.1225
0.18,0.52484,0.49123,-0.94233,0.90557,0.55173,-0.036121,1.0086
0.31618,0.44651,0.67592,-1.2997,0.80369,0.32973,0.12975,1.1887
0.17653,0.85624,0.46107,-1.1067,0.62375,0.4532,0.10696,1.1796
0.13512,0.56293,0.58931,-1.2125,1.0231,0.64461,-0.0011789,0.78562
0.25432,0.53896,1.1077,-1.0453,0.89648,0.50635,0.17939,0.69107
0.45297,0.61784,0.79834,-0.66562,0.76698,0.6191,0.17141,0.82194
0.23872,0.75585,0.6167,-0.90601,0.8237,0.76007,-0.092674,0.70982
0.33752,0.80456,0.60533,-1.2316,0.59631,0.31778,0.2626,1.1024
0.28047,0.60889,0.35178,-0.66718,0.88471,0.6984,-0.037488,0.89593
0.074261,0.40878,0.48606,-1.1722,0.6973,0.42189,-0.3445,0.98604
0.56896,0.51312,0.8075,-0.87667,0.81901,0.40329,0.13275,0.92082
0.67854,0.73244,0.5121,-0.89995,0.60338,0.88252,-0.054633,0.9278
0.33145,0.79312,0.41637,-0.92863,1.2229,0.70304,0.040847,1.2198
0.44655,0.68245,0.37408,-0.9235,1.1036,0.39933,0.025951,1.3405
0.32639,0.60763,0.33522,-1.1496,0.53366,0.55524,-0.00089326,0.77959
0.57808,0.48051,0.43608,-0.93974,0.86518,0.46624,-0.091552,1.4841
0.47182,0.615,0.78346,-1.3323,0.94803,0.56709,-0.072179,1.5125
0.17119,0.77974,0.26554,-1.2908,0.79688,0.41978,0.23236,1.2721
0.28689,0.6988,0.59774,-0.92147,0.87638,0.48664,0.27259,1.077
0.116,0.62992,0.46246,-1.0596,1.2102,0.72342,-0.10477,0.95644
0.0040743,0.53833,0.64341,-1.1296,0.83506,0.62211,0.32863,1.368
0.5465,0.96746,0.74005,-0.89018,1.0575,0.36612,-0.27337,1.6322
0.25738,0.43234,0.45478,-0.76341,0.80281,0.64077,0.13421,1.1414
-0.15757,0.86392,0.7778,-0.80258,0.82618,0.4678,0.059886,1.0117
0.073301,0.60615,0.67662,-0.99808,0.89572,0.42992,0.30715,0.99453
0.17456,0.95158,0.53592,-0.72952,0.7205,0.4701,-0.0046456,1.1298
0.08495,0.91328,0.50176,-0.85812,0.60663,0.46905,0.19157,1.096
0.22088,0.9418,0.92951,-0.69453,0.95239,0.6938,0.3306,1.2761
0.0086478,0.57546,0.7691,-1.0076,0.80088,0.291,-0.031596,1.6496
0.35824,0.8819,0.50911,-0.83719,0.75802,0.50129,0.2285,1.0846
0.12316,0.88568,1.1455,-1.2681,0.53087,0.47912,-0.17315,1.2151
0.17013,0.80778,0.53115,-0.92693,0.46639,0.41191,-0.039339,1.1331
0.24383,0.70989,0.35175,-0.84695,0.97193,0.43537,0.22066,1.2972
-0.039205,1.0994,0.49693,-0.74421,0.67148,0.11385,0.61372,1.314
0.2466,0.95104,0.41314,-1.0488,1.0671,0.24379,0.2409,1.0898
0.02328,0.72131,0.60517,-0.75425,0.67936,0.20864,0.20463,1.2198
0.011297,0.59732,0.5075,-1.1665,0.79578,0.497,0.34978,0.88153
0.25566,0.45884,0.61077,-0.62334,0.69343,0.2897,0.093539,1.3472
0.046846,0.9644,0.53913,-0.7824,0.99945,0.33859,0.38496,1.0747
0.19923,0.75964,0.40538,-0.80181,0.60162,0.1806,-0.081251,1.2757
0.12761,0.8214,0.83955,-0.77943,0.63182,0.40653,0.26233,1.3029
0.44159,0.66216,0.5381,-0.95026,0.33732,0.49807,0.39301,1.607
0.08259,0.72218,0.88758,-0.80764,0.77235,0.30079,0.32091,1.5957
0.35024,0.45322,0.58387,-1.2434,0.78677,0.14316,-0.024689,1.3955
0.22676,0.88422,0.48529,-0.89792,0.49302,0.63643,-0.051501,1.4936
-0.019043,0.85483,0.63438,-1.0205,0.73715,0.30411,0.14509,1.5575
-0.27981,0.77432,0.6786,-1.2316,0.62492,0.36549,0.3759,1.5117
0.03124,0.63001,0.99039,-1.0032,0.9999,0.51277,0.46724,1.5727
-0.13509,0.5775,0.71473,-0.90333,0.79459,0.69843,0.11114,1.2515
-0.1553,0.57849,0.55154,-0.82423,0.68304,0.375,0.029561,1.1971
-0.041313,0.52152,0.61476,-0.98932,0.70681,0.24981,0.17751,1.618
-0.29468,0.76064,0.62802,-1.198,0.56219,0.29892,0.052372,1.4325
-0.058093,0.86321,0.66724,-0.97835,0.8403,0.16842,0.11214,1.4052
0.040816,0.5386,0.65205,-1.1145,0.55945,0.32222,-0.1403,1.3732
-0.11072,0.83668,0.55645,-0.91943,0.6695,0.14743,0.16919,1.5112
0.3801,0.63612,0.44983,-1.3055,0.61288,0.60326,0.13698,1.3394
-0.1109,0.92803,0.78785,-1.264,0.5328,0.077539,0.22346,1.4199
-0.1857,0.68565,0.34834,-0.76039,0.75471,0.13571,0.28528,1.3643
0.1441,0.66656,0.64459,-1.0754,0.71139,0.36641,0.33271,1.1783
0.067807,1.0247,1.0506,-0.71223,0.81232,0.15108,0.28016,1.501
-0.23425,0.63915,0.56065,-0.87144,0.64559,0.2588,0.35067,1.499
-0.17397,0.93017,0.5506,-1.0572,0.80656,-0.058954,0.34565,1.6816
-0.044822,0.8882,0.58359,-0.99967,0.755,0.13736,0.094033,1.4069
0.16359,0.68559,0.72741,-0.75447,0.71592,0.35734,-0.39061,1.5802
-0.24199,0.65439,0.75621,-0.70037,0.52714,0.5636,0.23238,1.3152
-0.37612,0.80836,0.66082,-0.87847,0.69269,0.39311,0.42389,1.2961
0.43112,0.72964,0.77925,-0.77048,0.97948,0.38183,0.4025,1.1883
-0.070617,0.7695,0.65618,-0.89933,0.44788,-0.12159,0.42217,1.5304
-0.39913,0.92101,0.84012,-0.82594,0.54069,0.042379,0.35105,1.4824
0.043491,0.94867,0.78577,-1.013,0.57228,-0.0186,-0.037931,1.4272
-0.34121,0.70373,0.65945,-1.1519,0.44882,0.17733,0.32607,1.6571
-0.30312,0.67467,0.84649,-0.83563,0.71127,0.21103,0.56425,1.598
-0.14566,0.73912,0.37901,-0.73027,0.36182,0.22477,0.22912,1.5938
-0.22624,0.93765,0.76386,-1.3203,0.46654,0.03128,-0.18314,1.2209
-0.50684,0.88662,0.52834,-0.81476,0.49774,-0.11288,0.3906,1.7466
-0.31233,1.0636,0.48065,-0.69633,0.61223,0.31256,0.40388,1.3943
-0.19805,0.90003,0.61867,-0.79598,0.58837,-0.1615,-0.070202,1.6982
-0.35515,0.56305,0.24856,-0.77147,0.75162,0.3186,0.38798,1.6231
-0.17224,0.4438,0.57009,-0.37905,0.72762,0.2843,0.26626,1.3193
-0.31947,1.162,0.51562,-0.82256,0.91721,0.078184,0.094139,1.5112
-0.64073,0.80326,0.90432,-0.83866,0.56922,0.21921,0.50045,1.568
0.11291,0.88099,0.6582,-0.5087,0.43222,0.0725,0.43237,1.9218
-0.062919,1.2263,0.59489,-0.9968,0.43233,0.1841,0.21697,1.8243
-0.3639,1.0712,0.57416,-0.78606,0.36747,0.11006,0.30567,1.6925
-0.33409,0.59547,0.36303,-1.121,0.45198,0.51323,0.41107,1.3539
-0.35702,1.0124,0.64026,-1.0095,0.37256,0.095073,0.17239,1.6267
-0.54168,0.80401,0.57367,-0.94647,0.77074,0.054789,0.37352,1.6867
-0.23312,0.64869,0.70019,-1.1462,0.54962,-0.09423,0.37523,1.451
-0.40219,0.72389,0.7008,-0.89253,0.31218,0.33957,0.15057,1.7755
-0.4385,0.51953,0.76801,-0.9168,0.4278,0.10478,0.13688,1.3594
-0.32058,0.85167,0.33112,-1.1078,0.15711,0.24831,0.010537,1.592
-0.46145,0.93606,0.84188,-0.82554,0.51389,0.32783,0.24719,1.6687
-0.11271,0.80911,0.60134,-0.82599,0.20723,0.09583,0.28148,1.5419
-0.24785,0.769,0.83841,-1.0366,0.38955,0.32098,0.13659,1.7999
-0.6107,0.70431,0.42968,-0.89114,0.58657,-0.057178,0.097765,1.8605
-0.31622,0.8092,0.61631,-0.83475,0.73651,0.046243,0.23446,1.4547
-0.60651,0.74249,0.89331,-0.913,0.28246,0.36777,0.19942,1.6015
-0.34942,0.84321,0.51992,-0.8425,0.28512,-0.14035,0.31989,1.8346
-0.29889,0.76661,0.99643,-1.0821,0.67574,0.036506,0.036041,1.9722
-0.31046,1.1749,0.64593,-1.0491,0.35182,0.23441,0.24065,1.8909
-0.097132,0.98315,0.7678,-0.91416,0.87965,0.30521,0.43331,1.5759
-0.23186,0.92306,0.56474,-1.1337,0.54046,0.15935,0.019373,1.6161
-0.29566,0.82842,0.55767,-1.0076,0.78026,0.34633,0.23705,1.3099
-0.73343,0.91894,0.75504,-0.75583,0.37937,0.0046708,0.4186,1.7165
-0.19091,0.8291,0.46771,-1.0307,0.45198,0.35704,0.33983,1.6455
-0.47241,1.1134,0.74205,-0.82804,0.59826,0.090864,0.39137,1.9157
-0.45376,0.98196,0.86734,-0.92143,0.53492,0.28687,0.24737,1.6768
-0.73039,1.0227,0.39939,-0.78664,0.39335,0.20418,0.17944,1.7236
-0.69336,0.73257,0.58948,-0.99198,0.71563,0.11667,0.27964,2.1255
-0.42568,0.88512,0.57119,-0.65625,0.72276,-0.26113,0.36492,1.4683
-0.083246,0.7716,0.39533,-0.80836,0.64608,0.14786,0.55912,1.8807
-0.59872,0.45635,0.63409,-0.84633,0.4057,0.19487,0.17573,1.9087
-0.69022,0.8349,0.39993,-0.8871,0.22903,-0.083364,0.11838,1.9438
-0.38131,0.70149,0.31225,-1.1932,0.59031,0.32616,0.3407,1.6926
-0.34548,0.9697,0.4352,-0.8395,0.63462,-0.084339,0.13636,1.6708
-0.58091,1.1389,0.74866,-0.70871,0.46161,0.11372,0.26576,1.5879
-0.52994,0.74096,0.50888,-0.93676,0.47405,0.29099,0.42098,1.9652
-0.34774,0.70276,0.87234,-0.67705,0.51194,0.16687,0.10934,1.4934
-0.70768,0.75813,0.78609,-1.0119,0.68233,0.1493,0.31046,1.7493
-0.48451,0.92461,0.39202,-0.89475,0.53513,0.30318,0.33886,2.0284
-0.14208,0.95252,0.38903,-0.81964,0.13356,0.14346,0.21709,2.0042
-0.28362,0.93024,0.90415,-0.72749,0.23648,0.081913,0.14374,1.6658
-0.69902,0.86619,0.7787,-0.71169,0.36472,0.3265,0.33834,1.9552
-0.30271,1.0095,0.6341,-0.97012,0.55116,-0.13323,-0.053272,1.6435
-0.67963,1.1151,0.8274,-0.53762,0.22567,-0.11673,0.212,1.9726
-0.44616,0.68631,0.63486,-0.74191,0.30665,0.17945,0.085955,1.9909
-0.66301,0.66211,0.5313,-1.0749,0.3041,-0.047803,0.4005,2.1611
-0.52849,0.79958,0.34656,-0.66493,0.65508,0.23936,0.0065571,1.7397
-0.4924,0.68417,0.31381,-0.83736,0.49935,-0.10882,0.2816,2.0339
-0.21065,0.84215,0.45627,-0.88515,0.33835,0.059604,0.20953,2.0537
-0.2682,0.68101,0.6106,-0.70379,0.24108,-0.30919,0.34737,1.9208
-0.81528,0.86585,0.6336,-0.54097,0.09775,0.0090041,0.045872,2.0375
-0.36879,1.1121,0.68759,-0.73127,0.13321,0.10667,0.29661,2.0604
-0.57883,1.0379,0.88541,-0.96671,0.32331,0.1439,0.14122,1.7504
-0.4356,1.1439,0.30146,-0.88249,0.69661,0.11557,0.46297,1.5759
-0.43136,1.0444,0.62862,-0.96242,0.35485,0.38944,0.31141,1.7811
-0.62,0.942,0.55011,-1.0586,0.41014,0.087855,0.24627,1.9824
-0.75697,0.73123,0.80691,-0.84118,0.46387,0.153,0.33385,2.024
-0.38647,0.73543,0.39657,-0.65773,0.061082,-0.54841,0.25085,1.8617
-0.89934,1.0336,0.72828,-0.67438,0.41982,0.13568,0.27783,2.1558
-0.70648,1.024,0.78213,-0.6504,0.42199,0.11071,0.31904,1.73
-0.40918,0.81165,0.68662,-0.96391,0.53756,-0.052424,0.1163,1.9898
-0.36184,0.65905,0.44139,-0.65007,0.62493,0.049082,0.46954,1.6969
-0.78858,0.64803,0.66226,-0.95689,0.41745,-0.016221,0.24644,1.9728
-0.68939,0.85849,0.38332,-0.8698,0.23442,0.54985,0.18507,2.0544
-0.59738,1.0008,0.48267,-1.1886,-0.0013403,-0.014751,0.48627,2.2217
-0.77283,1.1506,0.27143,-0.6614,0.48132,0.096383,0.21195,1.8957
-0.52777,1.0485,0.55546,-1.0773,0.49371,0.028382,0.21431,1.8077
-0.7929,0.89478,0.70025,-0.76981,0.20317,-0.34887,0.39565,2.1485
-0.7354,0.90723,0.51292,-0.75483,0.21072,0.35805,0.20765,2.4201
-0.6627,0.91293,0.62496,-0.67777,0.17928,-0.39627,0.3615,2.0056
-0.55088,0.97057,0.55098,-1.211,0.529,-0.31098,0.4108,2.0559
-0.61191,0.99709,0.72037,-1.153,0.43164,-0.055698,0.11728,2.1891
-0.43001,0.57366,0.82357,-1.1546,0.14972,-0.24737,0.10177,1.8728
-0.896,0.79944,0.58849,-0.64801,0.37266,0.069221,0.44544,2.2179
-0.7509,0.96952,0.69921,-0.58452,0.2401,0.37311,0.37634,2.1742
-0.41195,1.2187,0.12592,-0.74239,0.2566,0.01682,0.24325,1.791
-0.5732,0.97386,0.42286,-0.87552,0.40878,-0.1611,0.52634,2.0693
-0.62582,1.0664,0.60772,-0.75232,0.22708,-0.087709,-0.01621,2.0204
-0.63333,1.1655,0.67852,-0.92745,0.15613,-0.20833,-0.1268,1.6946
-0.69599,0.90295,0.5535,-0.59061,0.0075918,0.033655,0.19795,2.1004
-0.63204,0.92819,0.55463,-0.74375,0.14889,-0.30451,-0.12705,1.6638
-0.89515,1.0813,0.38857,-1.2439,0.60204,0.019312,0.26907,2.0356
-0.49024,1.1794,0.66993,-0.83314,0.28216,0.011488,0.2212,2.0313
-0.77205,1.1492,0.67098,-0.71613,0.23708,-0.16631,0.21904,2.232
-0.80143,1.2654,0.35254,-0.66306,0.084877,-0.13545,0.28976,2.0905
-0.68988,0.98763,0.92294,-1.0413,0.42504,0.11603,0.46827,2.2032
-0.6604,1.125,0.66515,-1.2054,0.34963,0.082491,0.36528,1.9117
-0.80317,0.97882,0.44501,-0.74069,0.312,-0.013681,0.26846,2.3924
-0.30926,0.8029,0.50943,-0.77347,0.15145,-0.054376,0.38449,1.76
-0.79966,0.88044,0.36992,-0.96451,0.35086,0.15572,0.38752,1.8981
-0.81112,1.1698,0.3759,-1.0979,0.31653,-0.0020034,0.18789,1.9726
-0.82746,1.2856,0.65633,-0.92473,0.27561,-0.082939,-0.018717,2.2062
-0.84136,0.95213,0.54714,-0.87028,0.27203,-0.064671,-0.0011642,2.447
-0.789,0.96143,0.26004,-0.87249,0.11684,-0.16194,0.2664,2.0619
-0.82163,1.2876,0.44989,-0.78988,0.3708,0.018679,0.53456,2.1124
-0.75533,0.79427,0.70744,-1.1139,0.10231,0.11789,0.2796,2.1293
-0.90306,0.97988,0.69723,-0.82905,0.25115,-0.45076,0.16985,2.1516
-0.70118,1.1683,0.44172,-0.97481,0.46801,-0.041932,0.17996,2.3309
-1.0051,1.1107,0.28489,-0.67946,0.14116,0.033528,0.23212,1.6212
-0.88339,1.2088,0.41598,-0.92567,-0.19251,-0.097881,0.39477,2.2038
-0.79531,0.92032,0.36958,-1.1049,-0.11014,-0.1986,0.29375,2.3236
-0.78356,0.7473,0.38776,-0.80967,0.30042,0.20924,-0.167,2.2022
-0.29192,1.047,0.36422,-1.0523,0.35911,0.024661,0.07342,2.3772
-0.43267,0.88547,0.24807,-0.81604,0.48952,0.02109,0.19111,1.6614
-0.72506,1.077,0.31477,-1.0865,0.3596,-0.16139,-0.080807,2.1621
-0.7533,1.0363,0.45692,-0.69227,0.39285,0.11854,0.24397,2.1447
-0.85499,1.0054,0.21228,-0.79199,-0.065557,0.13392,0.22037,2.2155
-0.47772,0.95255,0.37185,-0.62659,0.26401,-0.087781,-0.046975,2.1627
-0.93038,1.1389,0.50599,-0.95256,0.14282,-0.17343,0.48078,2.1543
-0.64154,1.1248,0.27871,-0.93131,0.24623,0.28521,0.35315,2.1795
-0.8981,1.0197,0.42956,-1.1573,0.25633,0.043661,0.22844,1.9618
-0.93162,1.4279,0.389,-1.0004,0.33852,0.18191,0.040265,2.1212
-0.73835,0.87043,0.50039,-0.61071,0.22964,0.05756,-0.058082,2.0619
-1.0864,0.70878,0.41909,-0.54025,0.32632,-0.1265,0.018795,2.5719
-0.61484,0.6742,0.3483,-0.94102,0.26756,0.046692,0.35004,2.1672
-0.65987,1.3764,0.38258,-0.84921,0.36596,-0.06564,-0.049879,2.3741
-0.71324,1.413,0.037405,-0.66083,0.3176,-0.27688,0.20402,2.0309
-0.68935,0.93184,0.40503,-0.92169,0.36084,-0.11361,0.21772,1.8442
-0.75225,1.081,0.28577,-0.86306,0.15765,-0.18344,0.22066,2.0465
-0.65178,0.62295,0.33283,-0.89665,0.2631,0.18311,0.19081,1.9775
-1.0131,1.2054,0.34852,-0.92298,0.34196,-0.37179,0.36509,1.9524
-1.0287,0.50032,0.58166,-1.1259,-0.024842,0.021415,0.088826,2.0142
-0.75751,1.0779,0.20056,-0.96793,0.12723,0.12289,0.29228,2.1406
-0.87653,1.286,0.19112,-0.77031,0.31287,0.13063,0.13103,2.5131
-0.51783,0.85371,0.49463,-0.96861,0.40635,0.13639,-0.13494,2.37
-0.58694,1.299,0.49828,-0.73567,0.21609,0.38161,0.36722,2.2111
-0.90721,1.4988,0.51665,-0.98578,0.14865,0.28197,0.23703,2.3373
-0.97428,1.1344,0.42454,-1.4417,0.32652,0.11852,0.37988,2.1612
-0.86066,1.3161,0.23965,-1.2502,0.20482,-0.40304,0.083865,2.1704
-0.73813,0.97317,0.45562,-0.99933,0.38539,0.18591,0.17005,2.1305
-1.0531,1.3317,0.10808,-1.0607,0.22953,0.063484,-0.036578,2.0968
-0.77291,1.4581,0.4385,-1.5015,0.41398,0.35791,0.11604,1.998
-0.69343,1.2186,0.58065,-1.2044,0.15971,0.43202,0.17317,1.9048
-0.92317,0.8624,0.23254,-1.0619,0.48519,0.30596,0.17428,2.2583
-0.61789,0.98348,0.52357,-0.73434,0.30508,0.27825,0.19589,2.3491
-0.73692,1.0008,0.51642,-0.96137,0.39198,0.098263,0.35803,2.0227
-0.59062,1.1612,0.21683,-1.0678,0.32585,0.23224,0.58339,2.0943
-1.1155,1.0498,0.41018,-0.96513,0.39109,0.30084,0.50009,2.2876
-0.81016,1.023,0.56183,-0.93963,0.31134,0.0068357,0.18253,2.3651
-0.66713,0.92798,0.14359,-1.1203,-0.075272,-0.17152,0.44188,2.5401
-0.35432,0.74326,0.37787,-1.1097,0.49268,0.11243,0.27619,2.0943
-1.1182,0.76711,0.56968,-1.1072,0.46382,0.53005,0.45655,2.4141
-0.83261,0.88142,0.31529,-1.2532,0.48529,-0.17175,0.047259,2.2499
-0.9492,1.1507,0.37541,-1.1441,0.56021,-0.0018151,0.36053,2.3803
-0.63366,1.2547,0.61394,-1.3317,0.26017,0.11066,-0.023427,2.0626
-0.644,1.1236,0.56391,-0.91122,0.28281,0.21844,0.16411,2.2079
-0.85504,0.94557,0.70076,-1.1144,0.38877,0.0069775,0.16141,2.2505
-0.72805,1.4513,0.24997,-1.056,0.21668,-0.0054554,0.32279,2.0417
-0.70198,1.096,0.48561,-0.85432,0.22659,0.060345,0.064548,2.5165
-0.72452,0.94891,0.5876,-0.95119,0.24574,0.19823,0.077292,2.1412
-0.76296,1.059,0.245,-1.2971,0.31967,0.14032,-0.045216,2.3872
-0.96133,1.3446,0.47185,-0.89978,-0.15678,-0.093723,0.31883,2.3108
-0.87512,1.2822,0.25945,-0.7968,0.28126,-0.011647,-0.1941,2.2305
-0.99614,1.0252,0.31907,-0.7926,0.39688,0.22567,-0.041518,2.1951
-0.74679,1.1449,0.15008,-1.1264,0.18719,-0.039204,0.33118,2.1825
-0.76961,1.3188,0.20807,-1.0731,0.45967,0.35698,0.11996,2.5004
-0.70379,1.2252,0.21576,-1.1315,0.046445,0.43707,-0.072452,2.0812
-0.35896,1.2032,0.59625,-1.3362,-0.21767,0.14636,-0.027465,2.1591
-0.81383,1.2919,0.3775,-0.97707,0.11078,-0.19489,0.13503,2.1637
-0.74422,1.2283,0.68091,-1.0762,0.21606,0.12317,0.097629,2.4343
-0.424,0.9891,0.34696,-1.0269,0.26151,0.26896,0.20537,2.618
-0.56393,1.1391,0.34745,-1.0906,0.22457,0.068676,0.18298,2.4515
-0.65338,1.5985,0.27548,-1.015,0.36918,0.48027,0.10286,2.3025
-0.43626,1.1225,0.43832,-0.97687,0.3885,0.28848,0.21081,2.2102
-0.62154,1.1947,0.46601,-1.1508,0.012893,0.29571,0.018852,2.2965
-0.46358,0.95551,0.14605,-1.023,0.17726,0.24754,0.18554,2.0305
-0.60011,0.85745,0.36264,-0.97203,0.44606,0.11907,0.09464,2.0745
-0.71431,1.1869,0.47058,-1.1778,-0.098997,0.27579,0.21211,2.3216
-0.67194,1.3924,0.10372,-1.01,0.2149,0.59713,0.1331,1.9764
-0.45547,1.1199,0.51555,-1.1266,-0.20308,0.11798,0.30658,2.5647
-0.73563,1.5314,0.12354,-1.0676,0.16051,0.077803,-0.039702,1.9925
-1.001,1.179,0.2994,-0.93845,-0.040634,0.33128,-0.053081,2.0871
-0.55382,1.3089,0.23886,-1.0245,0.49989,0.057111,0.45471,2.2315
-0.79475,1.258,0.19914,-0.77879,0.41845,0.34829,-0.12296,2.2726
-1.1078,1.0462,0.26172,-0.91252,0.29555,0.1895,0.35501,2.1373
-0.8103,1.1202,0.21699,-1.0672,0.18548,0.29085,0.084999,2.3699
-0.32458,1.2609,0.134,-1.0379,-0.026212,0.043808,0.15104,2.2487
-1.0496,1.1143,0.15661,-0.98109,-0.14702,0.045944,0.027879,2.3452
-0.55353,1.0295,0.28381,-1.2129,0.095957,0.30965,0.21234,2.0712
-0.88447,1.3106,0.18327,-0.81433,-0.057154,0.24637,0.21434,2.3329
-0.64991,1.1622,0.45269,-1.1363,0.17382,0.13378,0.40397,2.2776
-0.71699,1.3634,0.18383,-0.84946,0.24106,0.022025,-0.060479,2.278
-0.61864,1.4587,0.23889,-1.1116,-0.0030216,0.38801,0.34139,2.0213
-0.53207,1.3853,0.43269,-1.3752,-0.010005,0.46105,0.051147,2.2379
-0.59343,1.1115,0.21507,-0.82301,0.14547,0.047725,0.055219,2.1346
-0.66246,0.7675,0.0076325,-1.2676,0.064529,0.28505,-0.082816,2.1106
-0.99938,1.2536,0.27871,-1.001,0.10565,0.47194,0.37922,2.1416
-0.623,1.1621,-0.21321,-1.0453,0.1991,0.27522,0.19136,2.1389
-0.61796,1.4422,0.22708,-0.80239,-0.080284,0.2555,-0.049348,2.3102
-0.41984,1.4006,0.51892,-0.67276,-0.38136,0.24189,-0.073302,2.4281
-0.55243,1.4557,0.36018,-1.4564,-0.094114,0.32102,0.34028,2.1121
-0.58117,1.0946,0.35325,-1.4314,-0.023523,0.39695,0.17709,2.2766
-0.40092,0.88997,0.2335,-1.0334,0.34056,0.31329,0.24598,1.9858
-0.4926,1.2355,0.19881,-1.479,0.32571,0.64644,0.04431,2.1216
-0.3802,0.86541,0.34286,-1.1834,0.27294,0.23153,0.24232,2.0889
-0.64633,1.2109,0.017483,-1.0037,0.12193,0.32808,0.20011,1.9395
-0.60166,1.3881,0.22872,-1.1977,0.094458,0.7136,0.053697,2.3989
-1.0036,1.1036,0.025157,-1.1216,0.346,0.21291,-0.16625,2.0894
-0.80724,1.4105,0.12441,-1.0544,0.19282,0.38003,0.20844,1.9571
-0.38096,1.6011,-0.016595,-1.2329,-0.057304,0.49498,0.10946,1.9808
-0.54829,1.1498,0.20766,-0.66462,0.16968,0.54029,-0.15098,2.0169
-0.27081,1.3715,0.25424,-1.0797,0.23246,0.2152,0.077165,2.2217
-0.71507,1.5464,-0.096594,-1.3643,0.1164,0.43297,0.11548,1.9292
-0.66555,1.5306,0.068512,-1.2293,-0.043989,0.45403,0.32522,1.9071
-0.71825,1.0973,0.2576,-1.3006,-0.028513,0.41636,-0.18958,2.2567
-0.47875,1.4811,-0.0061037,-1.1404,0.00041487,0.83081,0.27249,2.3819
-0.67227,1.2933,0.15904,-1.1356,-0.072854,0.5546,0.10851,2.5195
-1.0154,1.3623,0.35487,-1.2685,-0.051864,0.55683,0.25502,2.0913
-0.40487,1.4256,0.26421,-1.0979,-0.11135,0.54414,-0.10014,2.1907
-0.63118,0.99797,0.30836,-1.0456,0.24288,0.26038,0.2863,2.1238
-0.7143,1.2623,0.14174,-1.3848,0.16154,0.39657,0.13653,2.0612
-0.58689,1.04,0.26675,-1.1066,0.22697,0.3576,-0.023001,2.0338
-0.47528,1.2948,0.42368,-1.0423,0.25852,0.64609,-0.012787,2.2313
-0.30669,1.162,0.28321,-1.566,0.033,0.75234,0.0034696,2.3207
-0.62765,1.2418,0.37398,-1.2928,0.36297,0.42936,-0.03088,2.1355
-0.30733,1.3999,0.026448,-1.1819,0.046985,0.71993,-0.028001,2.1314
-0.25375,1.2511,0.039367,-1.3055,0.13129,0.60905,0.10837,2.0561
-0.41825,1.3117,0.43626,-1.5111,0.21997,0.48471,0.021663,1.8356
-0.51373,1.443,0.27577,-1.5391,0.27478,0.6779,-0.31404,2.3348
-0.70034,1.448,0.29965,-0.94524,0.42737,0.20851,-0.086379,1.8973
-0.20791,1.3539,0.29448,-1.2577,0.16543,0.68,-0.14883,1.9952
-0.37309,1.3181,0.31467,-1.3169,0.20475,0.52695,0.28179,2.1629
-0.62665,1.5311,0.062133,-1.006,0.041391,0.4722,-0.12895,2.0882
-0.5844,1.4374,0.14757,-1.1142,0.20032,0.63285,-0.38675,1.8142
-0.56358,1.16,0.20451,-1.5264,0.15911,0.56203,0.073513,1.9309
-0.74094,1.2023,0.50537,-1.256,-0.12406,0.4332,0.097013,2.1313
-0.60945,1.4786,-0.14906,-1.099,0.096992,0.39479,-0.20851,2.1152
-0.35047,1.232,0.26482,-1.2208,-0.039249,0.75702,0.019195,1.7373
-0.52778,1.4794,-0.072752,-1.1414,0.41074,0.84848,-0.16073,1.825
-0.61768,0.99065,0.34232,-1.3032,0.1767,0.31208,0.12266,2.0799
-0.26946,1.5902,0.12636,-1.234,-0.22665,0.6082,0.092573,1.997
-0.13816,1.3105,-0.020782,-1.5338,0.16168,0.70333,0.15719,1.8074
-0.45556,1.2002,0.15362,-1.2157,0.054231,0.43066,-0.096807,1.7886
-0.46553,1.1895,-0.13357,-1.0062,-0.14742,0.50763,-0.22869,1.9838
-0.48014,1.4386,0.19179,-1.4852,0.21638,0.85051,0.19649,2.0345
-0.18549,1.2274,0.041591,-1.3533,0.054579,0.57973,0.17578,1.8083
-0.2167,1.3276,0.23403,-1.2478,0.36595,0.68806,-0.12192,2.0258
-0.15817,1.3559,0.098479,-1.1455,0.20892,0.63489,-0.046724,2.4223
-0.47749,1.4003,-0.25954,-1.6241,-0.20186,0.95529,0.076336,1.9486
-0.53694,1.5143,0.015008,-1.7268,0.10693,0.71261,0.29169,2.3538
-0.33895,1.119,-0.041615,-0.82996,-0.010922,0.40421,0.20653,1.8555
-0.41908,1.0689,0.38822,-1.0351,-0.020754,0.67025,-0.14829,2.0599
-0.48735,1.0767,0.049487,-1.3783,-0.063298,0.56796,0.16499,2.0235
-0.50277,1.2893,0.10551,-1.2704,-0.13835,0.18679,0.14707,2.0099
-0.28756,1.2607,-0.23954,-1.4221,0.090745,0.49655,0.24193,1.7006
-0.38911,1.4081,0.27895,-1.3562,0.37996,0.45805,0.043878,1.7876
-0.0883,1.1081,0.35262,-1.0639,0.14762,1.0459,-0.2099,1.9033
-0.15325,1.6381,0.051122,-1.3261,0.1481,0.51482,-0.066697,1.6173
-0.56129,1.5861,0.032156,-1.2404,0.38748,0.66505,0.0096651,1.9164
-0.3089,1.4546,0.29425,-1.1708,0.0059585,0.99627,0.0078819,2.0008
-0.35124,1.164,0.13231,-1.1621,0.17671,0.62423,0.031728,1.9749
-0.15187,1.456,0.1448,-1.3328,0.21633,0.83635,-0.094857,1.8452
-0.51557,1.3841,-0.02261,-1.1012,-0.25495,0.78454,0.049294,2.1573
-0.43726,1.2534,-0.019403,-1.2864,0.33257,0.82561,0.10746,1.9976
-0.19531,1.2148,-0.039478,-1.357,0.044992,0.74099,-0.11281,1.7627
-0.25893,1.4016,0.19301,-1.3386,0.23302,0.8877,-0.0061534,1.997
-0.14478,1.2119,0.39785,-1.2565,0.048409,0.89035,0.054607,1.8997
-0.25527,1.3715,0.081914,-1.1261,0.1026,0.59877,-0.081557,1.6922
-0.4647,1.1376,0.0392,-1.6816,0.18178,0.79288,0.11152,1.7102
-0.4319,1.4002,0.23036,-1.2045,0.38327,0.78347,-0.0048367,1.8125
-0.27963,1.2304,0.12455,-1.2229,0.072873,1.0139,-0.13723,1.7814
-0.43732,1.3327,0.10808,-1.3416,0.078506,0.86995,-0.070048,1.7273
-0.10257,1.5529,0.032285,-1.4226,0.28883,0.70191,-0.49168,1.3666
-0.17573,1.4382,0.21029,-1.171,0.0064157,0.87177,-0.028665,1.8354
-0.089071,1.4204,0.28382,-1.1646,0.10451,0.61474,-0.10462,1.6905
-0.11012,0.97731,0.34791,-1.1001,0.027223,0.99223,-0.062811,1.9572
-0.50339,1.3466,0.036639,-1.0483,0.21881,1.0073,-0.1003,1.698
-0.18091,1.2892,0.17695,-1.5058,-0.14504,0.939,0.36293,1.8304
-0.2054,1.4259,-0.11642,-1.4046,-0.066265,0.76617,-0.058491,2.0051
-0.52863,1.4865,-0.22336,-1.166,0.38185,1.07,-0.027987,2.0132
-0.29248,1.3261,0.12179,-1.4209,0.029018,1.1142,-0.067743,1.7235
-0.50006,1.1695,0.030614,-1.4105,0.1067,1.141,-0.091769,1.719
-0.44028,1.3173,0.44606,-1.3946,-0.062802,1.1018,-0.041871,1.595
-0.13054,1.432,0.11208,-1.2182,0.16372,0.87967,-0.18263,1.8417
-0.31998,1.32,-0.036828,-1.5906,0.26735,0.76426,0.22034,1.5763
-0.20486,1.5078,0.13033,-1.1973,0.2009,0.59981,-0.067126,1.8501
-0.51657,1.6639,-0.082805,-1.6049,-0.10148,0.85543,-0.042372,1.8975
-0.13698,1.3089,0.55721,-1.329,0.27676,0.99361,0.025409,1.7893
0.097835,1.6883,0.14177,-1.5386,-0.045106,0.83874,0.0091813,1.7414
-0.11767,1.1259,0.072875,-1.2771,0.20006,0.87401,-0.49705,1.6072
-0.69055,1.2993,0.052012,-1.1453,-0.11573,0.95681,-0.041019,1.4863
-0.25504,1.4373,0.07877,-1.1628,0.37255,1.0855,-0.067938,1.6112
0.11277,1.1929,-0.048483,-1.6015,0.11881,0.99829,-0.066222,1.8735
0.00040177,1.5071,0.17431,-1.1691,0.065537,1.3564,-0.62849,1.4984
-0.16599,1.6527,0.2586,-1.5353,-0.038248,0.79675,-0.065146,1.421
0.11734,1.1588,-0.0074227,-1.0566,0.28141,1.0086,0.04123,1.6152
-0.22668,1.3458,-0.20916,-1.2137,0.33667,0.89438,-0.060253,1.6822
-0.098809,1.5715,-0.06465,-1.0858,-0.65753,1.2162,-0.12209,1.8381
-0.095152,1.4996,0.016023,-1.2932,0.21654,0.86647,-0.13984,1.7762
-0.082412,1.0097,0.12772,-1.4717,0.17465,1.2354,-0.19606,1.7826
-0.21076,1.3657,0.050155,-1.0803,0.063725,0.81272,0.22128,1.482
-0.048664,1.3124,-0.20436,-1.3413,0.36925,1.2007,0.0065567,1.7042
0.19292,1.4453,-0.026654,-1.6382,0.3382,1.2071,-0.087015,1.7546
-0.082276,1.3946,-0.037127,-1.4398,0.2345,0.93486,0.1161,1.9527
-0.36038,1.4901,0.070713,-1.6168,0.13266,0.9653,-0.074962,1.8236
-0.062157,1.351,0.070843,-1.2664,0.15596,1.2587,-0.50371,1.2726
-0.14362,1.2917,0.17219,-1.5422,0.036878,1.1746,-0.22812,1.7356
0.16489,1.5853,0.37674,-1.5969,0.28903,0.57087,-0.27875,1.5447
-0.0053777,1.0814,0.15212,-1.4895,0.33959,0.82131,0.41209,1.5205
0.089932,1.489,0.17874,-1.2555,0.261,1.2051,-0.034609,1.6436
0.13981,1.527,-0.07675,-1.3527,0.26429,0.95846,0.20527,1.2127
0.062457,1.6106,0.021616,-1.4978,0.39908,1.0562,-0.035946,1.3759
-0.1245,1.392,0.17929,-1.5243,0.0054133,0.92955,-0.36794,1.8423
0.095896,1.2906,-0.033835,-1.6193,0.045824,1.1706,-0.16555,1.7879
0.027896,1.4488,-0.10238,-1.6475,-0.010146,1.2161,-0.19047,1.3628
0.10162,1.2684,0.11219,-1.4012,-0.17206,1.2457,-0.34024,1.7035
-0.023397,1.5586,0.2872,-0.93252,-0.018443,1.0876,-0.03053,1.4905
0.30728,1.3253,0.18321,-1.3668,0.038345,1.0567,0.32207,1.4
0.37102,1.3527,0.11398,-1.4348,0.40814,0.91391,-0.12484,1.4839
-0.013435,1.1988,0.274,-1.2849,0.04806,0.85429,-0.19716,1.6389
0.25655,1.4987,0.047233,-1.6619,-0.0035324,0.93114,-0.28414,1.6217
0.046611,1.3608,0.47387,-1.5918,-0.044467,1.2953,-0.25704,1.5379
-0.035017,1.0999,0.18201,-1.4544,0.6255,1.0933,-0.035688,1.1998
0.33275,1.3378,0.043574,-1.2912,0.12266,1.0072,-0.022048,1.3974
0.24669,1.301,-0.18186,-1.3104,-0.37496,1.1062,0.0061874,1.594
0.17783,1.1446,-0.0081574,-1.3726,0.09407,1.2775,0.1087,1.4574
0.12225,1.5621,0.28814,-1.2578,0.061634,1.1731,-0.23422,1.28
0.11196,1.5009,-0.096007,-1.3082,-0.30069,1.086,-0.11476,1.6113
0.26989,1.3776,0.022695,-1.2016,-0.11299,1.0711,-0.24036,1.3594
-0.13596,1.6906,-0.038506,-1.3227,0.11532,1.2774,-0.1647,1.2039
-0.092331,0.96307,0.24075,-1.4553,-0.12717,1.1859,-0.30129,1.5645
0.127,1.3289,0.026571,-1.2656,-0.081082,1.1132,-0.17077,1.015
0.14211,1.6708,0.15522,-1.3888,0.0015825,1.1321,-0.03539,1.3745
0.33003,1.523,0.19087,-1.2787,-0.014407,1.3232,-0.12262,1.1233
0.11898,1.1936,0.14766,-1.5707,0.16873,1.2178,-0.099625,1.1677
0.26198,1.209,0.063994,-1.1376,0.29558,1.1157,0.029782,1.3259
0.176,1.1171,-0.0077378,-1.1657,0.17556,1.045,-0.10646,1.2106
0.14701,1.3836,0.1141,-1.6497,0.2044,1.0824,0.13158,1.5124
0.123,1.2948,0.15054,-1.5073,-0.056439,0.99866,0.34485,1.274
0.27053,1.4562,0.027086,-1.2012,0.28626,1.3303,-0.15762,1.0708
0.54456,1.5628,-0.11569,-1.363,-0.028035,1.5719,0.037204,1.1821
0.27991,1.3083,0.19364,-1.4147,0.13015,1.3008,-0.18167,1.2995
0.32756,1.5838,0.31954,-1.2599,0.2601,1.1515,-0.17648,1.356
0.031432,1.3678,0.10768,-1.4706,0.13281,1.4623,-0.20135,1.4779
0.046154,1.6246,0.039876,-1.0489,0.23759,0.94185,-0.26453,0.80469
-0.089286,1.1897,-0.042163,-1.3693,0.0086825,1.1763,-0.23325,1.078
0.18836,1.4581,0.22531,-1.1747,0.10389,1.3605,-0.047065,1.3819
0.56273,1.4094,0.17047,-1.5098,-0.019635,1.2065,-0.061076,1.5565
0.58148,1.1832,-0.010135,-1.3927,0.16085,1.2803,-0.2924,1.1171
0.35758,1.5272,0.2026,-1.3534,0.35204,1.1891,-0.010221,1.4824
0.41548,1.174,0.12214,-1.6105,0.12398,1.1648,-0.10565,1.3083
0.63057,1.3195,-0.0040125,-1.7201,0.012167,1.6044,-0.23074,1.0962
0.49077,1.4111,-0.0095417,-1.3187,0.28107,1.5819,-0.20317,0.8428
0.1896,1.5102,0.010334,-1.418,0.31913,1.2319,-0.22365,1.1265
0.36265,1.314,0.03313,-1.4075,0.50373,1.0508,-0.0015143,1.0739
0.58361,1.2735,-0.023259,-1.3893,0.34216,1.1062,-0.14625,1.0321
0.42296,1.5511,0.087345,-1.3217,-0.031864,1.3302,0.10693,1.1164
0.48767,1.2233,0.33765,-1.295,0.13896,1.5158,-0.23596,1.3502
0.30495,1.598,0.06475,-1.162,0.22202,1.4266,-0.23342,0.8628
0.28248,1.4842,-0.40655,-1.254,0.18764,1.3678,0.19047,1.0229
0.62305,1.5536,0.30338,-1.2833,0.19008,1.2517,-0.18743,1.2962
0.056496,1.7669,-0.024107,-1.1475,0.13471,1.2454,-0.12495,0.69397
0.53006,1.4159,0.039148,-1.4397,0.25743,1.6083,-0.04309,1.3093
0.40479,1.276,0.097032,-1.2726,0.3364,1.4703,-0.34104,1.02
0.41389,1.3867,-0.0059117,-1.4145,0.086453,1.5167,0.016389,0.96618
0.6635,1.2277,0.31702,-1.3667,0.15725,1.4871,0.20217,1.1301
0.06513,1.4829,0.11923,-1.4548,-0.12414,1.3655,-0.1886,0.46162
0.4829,1.3745,0.27495,-1.142,0.30623,1.4345,-0.15584,1.2982
0.77687,1.488,0.43911,-1.5344,0.19773,1.5652,0.040513,1.1389
0.24942,1.7927,-0.079763,-1.184,0.15154,1.3733,-0.17332,0.94516
0.82886,1.5943,0.29914,-1.7407,0.0033028,1.7937,-0.19491,0.80614
0.53668,1.4575,0.028885,-1.1495,-0.094435,1.4622,-0.28687,1.2174
0.59712,1.4647,0.12121,-1.4953,0.21078,1.7955,-0.014122,1.1561
0.37534,1.6311,0.20728,-1.3002,-0.22561,1.4817,-0.11273,0.9806
0.40608,1.3794,0.29971,-0.91364,0.21711,1.5761,-0.12273,0.60942
0.51212,1.5495,-0.056669,-1.6671,0.48861,1.2852,-0.10984,1.1338
0.45293,1.0974,0.31288,-1.2698,0.25615,1.8072,-0.40293,1.2364
0.5192,1.4575,0.050176,-1.3279,0.22731,1.3853,-0.054466,0.98729
0.27134,1.3884,0.32002,-1.4375,0.11436,1.3966,-0.15813,1.0673
0.41606,1.434,0.33177,-1.636,0.13821,1.4138,-0.23178,1.0191
0.63135,1.5837,0.59012,-1.1655,0.23761,1.472,0.14975,0.90195
0.47,1.4306,0.12418,-0.99309,-0.11792,1.2595,-0.042996,0.93066
0.48009,1.1979,-0.27088,-1.1743,0.38572,1.3101,-0.25239,0.58945
0.75601,1.2682,0.17789,-1.2075,-0.13375,1.3608,-0.054946,0.89262
0.35851,1.7272,0.30355,-1.5046,0.24081,1.5479,-0.070684,0.80929
0.40148,1.5368,-0.067146,-1.8266,0.49937,1.661,-0.15064,0.80201
0.42846,1.4492,0.031688,-1.1414,0.13684,1.4348,-0.098371,0.33003
0.42625,1.4382,0.039276,-1.1819,0.17191,1.607,-0.21936,0.8696
0.11132,1.3831,0.21671,-1.1692,0.16447,1.6366,-0.064148,1.0163
0.3177,1.269,-0.11325,-1.1938,0.23285,1.6773,-0.32924,1.0388
0.38163,1.2793,0.11562,-1.4064,0.11544,1.5182,-0.14708,0.93369
0.74798,1.5701,0.12373,-1.5318,0.25634,0.95187,-0.017706,0.7692
0.49962,1.3284,0.23713,-1.5277,0.23383,1.5203,-0.33368,0.71047
0.30194,1.2711,0.15822,-1.4686,-0.003128,1.5357,-0.33862,0.66736
0.46946,1.7568,0.33874,-1.4719,0.095675,1.7285,-0.23327,0.66031
0.59914,1.7051,-0.024185,-1.5081,0.3876,1.4437,-0.47097,0.88795
0.50524,1.5073,-0.028783,-1.3673,0.2544,1.3759,-0.2024,1.2246
0.73411,1.1931,0.088032,-1.4473,0.0047851,1.3478,-0.38129,0.76882
0.54636,1.3504,0.19194,-1.4851,0.2786,1.5823,-0.37631,0.54707
0.87486,0.92578,-0.11518,-1.1695,0.1966,1.7786,-0.2654,0.65184
0.93418,1.239,0.05593,-1.211,-0.3531,1.8035,-0.15213,0.50835
0.63088,1.4649,0.57652,-1.3032,0.50044,1.8019,-0.28984,0.60018
0.25323,1.2799,0.059916,-1.3047,0.32231,1.5444,-0.19707,0.58174
0.61186,1.2923,0.40824,-1.2831,0.051054,1.597,-0.23189,0.6383
0.75309,1.2789,0.18875,-1.1828,0.25807,1.6854,-0.34226,0.51176
0.59056,1.4877,-0.056909,-1.1878,0.22847,1.4041,0.0076645,0.77279
0.74995,1.4077,0.12404,-1.3613,0.42677,1.5275,-0.40132,0.59624
0.8664,1.5353,-0.23363,-1.2261,0.16427,1.4389,-0.39229,0.40914
0.60607,1.4488,0.33055,-1.2817,0.29947,1.3998,0.15373,0.47987
0.47545,1.6184,-0.049388,-1.1756,0.063057,1.9049,-0.26189,1.0572
0.74123,1.2303,0.0086077,-1.1954,0.00043146,1.6694,-0.070448,0.69049
0.60372,1.7053,-0.053465,-1.6198,-0.077114,1.438,-0.35785,0.8631
0.61456,1.5356,0.13158,-1.3618,0.11919,1.7494,-0.24965,0.47194
0.80464,1.2581,0.35657,-0.95488,0.16796,1.5726,-0.082134,0.57965
0.71118,1.5182,0.17847,-1.1303,0.17781,1.4203,-0.25589,-0.043698
0.51591,1.0914,-0.12077,-1.6564,0.23311,1.4943,-0.040396,0.49245
0.744,1.2763,0.077573,-1.3322,0.42289,1.5179,-0.024151,0.50088
0.7788,1.5842,0.17967,-1.0888,0.34811,1.6466,-0.24923,0.51611
0.34957,1.3121,-0.14057,-1.1298,0.28106,1.5738,0.20105,0.54479
1.0287,1.366,0.5692,-1.2321,-0.17734,1.8274,-0.24068,0.54318
1.0349,1.6211,-0.13172,-1.2798,0.30138,1.6588,-0.10727,0.22134
0.65748,1.3077,0.17147,-1.1579,0.42835,1.673,-0.40145,0.45122
1.209,1.3942,0.22302,-1.5113,0.17646,1.5296,-0.21565,0.30121
1.207,1.1849,0.052927,-1.4592,0.21031,1.7448,-0.061677,0.21865
0.53965,1.5039,0.0087272,-1.3782,-0.075528,1.4553,-0.3063,0.81989
0.96472,1.3215,0.075161,-1.3678,-0.24355,1.7216,-0.16418,0.56026
0.89601,1.5671,-0.11563,-1.3717,0.17826,1.6457,-0.3375,0.52469
0.78832,1.3905,-0.069886,-1.0601,0.14907,1.4928,-0.34027,0.94989
0.78283,1.4078,-0.0248,-1.3028,0.090087,1.6657,-0.45416,0.50498
0.68136,1.2631,-0.021277,-1.2748,0.050304,1.5901,-0.01947,0.73591
0.64054,1.3327,-0.13881,-1.3081,0.24291,1.6404,-0.19726,0.36174
0.58977,1.706,0.35759,-1.5158,0.058254,1.4034,-0.24262,0.71538
0.69825,1.3541,0.1505,-0.97199,0.10546,1.7704,-0.07521,0.47519
0.74295,1.4329,0.2684,-1.3115,0.085543,2.0088,-0.36764,0.53824
0.7792,1.3779,0.27174,-1.6762,0.17824,1.4571,-0.24193,0.35954
0.4738,1.804,0.26964,-1.1691,-0.17469,1.6945,-0.079167,0.15778
0.78032,1.4532,0.52194,-1.207,0.20655,1.9386,-0.15674,0.35574
0.6782,1.2185,0.32074,-1.2568,0.094429,1.805,-0.28154,0.078845
0.68875,1.5317,-0.11114,-1.3598,0.19031,1.5715,-0.2096,0.36295
0.78704,1.2432,0.28841,-1.293,0.11834,1.5177,-0.59327,0.28634
0.6113,1.2925,0.3027,-1.1892,-0.025788,1.7471,-0.28538,0.73032
0.62813,1.6211,0.11845,-1.2438,0.17137,1.7613,-0.28199,0.26543
0.64797,1.5122,0.21913,-1.1619,0.19148,1.5422,-0.50101,0.74749
0.58636,1.612,0.19397,-1.5066,0.066705,1.6208,-0.24331,0.45959
0.94026,1.4498,0.2069,-1.3404,-0.050027,1.8992,-0.1315,0.32766
1.1452,1.2388,0.38456,-1.1057,-0.017153,1.5225,-0.18971,0.5038
0.60506,1.5321,0.02092,-1.4092,0.18452,1.8927,-0.17183,0.36233
0.87136,1.5238,0.41834,-1.1784,0.1286,1.7288,0.19876,0.31133
0.69596,1.4738,0.19518,-1.2296,0.15066,1.4546,0.019527,0.84268
0.62524,1.4161,0.059355,-1.3519,0.56463,1.6419,-0.24161,0.32395
0.78402,1.61,0.38459,-1.0817,0.23024,1.662,-0.12977,0.2143
1.0967,1.4927,0.12467,-1.1827,0.18231,1.6143,-0.33969,0.41676
0.90464,1.2368,0.42189,-1.2444,-0.29619,1.7993,-0.23588,0.27629
0.60338,1.5711,0.20125,-1.071,0.12088,1.7405,-0.18694,0.12441
0.54429,1.4444,0.53437,-1.1442,-0.091724,1.7631,-0.21019,0.3504
0.61597,0.90367,0.22914,-1.2957,-0.13813,1.8134,-0.38381,0.4464
0.78144,1.5955,0.14648,-0.97475,0.07226,1.799,-0.30094,0.56297
1.02,1.6353,0.18919,-1.2608,0.008404,1.4094,-0.19766,0.049808
0.95713,1.4951,0.019944,-0.93486,0.17157,1.7673,-0.06862,0.11818
0.50222,1.7075,0.11461,-1.0587,-0.11917,1.62,0.018119,0.41736
0.66191,1.5808,0.30728,-1.3635,0.41809,1.6174,-0.3029,0.1686
0.63578,1.9053,0.23652,-1.2857,0.22218,2.0713,-0.10572,0.24902
1.1876,1.5642,0.14976,-1.3665,0.13733,1.6185,-0.21671,0.25437
0.85545,1.6278,0.11423,-1.0692,0.077641,2.0334,-0.38244,0.05165
0.71232,1.4817,-0.050541,-1.1763,-0.062795,1.909,-0.15862,0.12559
0.75654,1.3152,-0.0037434,-0.96269,0.11269,1.8877,-0.4935,-0.082289
1.0406,1.7675,0.32234,-1.3226,0.12397,1.9127,-0.021977,0.21525
0.88761,1.438,0.16246,-1.2791,0.10159,1.7941,-0.49797,0.39988
0.90468,1.5673,0.10484,-1.2876,0.0059687,2.0452,-0.20799,0.40968
0.83306,1.4676,0.2758,-1.0429,-0.099992,1.7106,-0.21326,0.2884
0.92277,1.3824,0.29981,-1.2748,0.079822,1.9525,-0.19095,0.10923
0.98265,1.5571,0.2254,-1.0554,0.27675,1.5752,-0.08719,0.22713
0.82531,1.4727,0.38847,-1.1978,-0.0082895,1.7328,-0.41532,0.44539
0.78958,1.4539,0.16548,-0.80063,0.28252,1.7586,-0.31809,0.47742
0.78229,1.5843,0.040427,-1.0102,0.1343,1.5685,-0.085482,0.031726
0.62802,1.4245,0.23102,-1.0782,0.12292,1.7723,-0.094887,0.40021
0.75202,1.3596,0.34457,-1.1234,0.28228,1.8316,-0.11199,0.28552
0.67666,1.1899,0.45937,-1.3296,0.074851,1.413,-0.095993,0.25134
0.9556,1.368,-0.067244,-1.2854,0.012497,1.9748,-0.22604,0.070006
0.40534,1.6753,0.20113,-0.87745,0.15676,1.7161,-0.37069,0.27403
0.82413,1.608,0.3764,-1.0623,0.10588,1.8054,-0.4348,0.10178
1.1742,1.2751,0.42349,-0.84882,-0.052864,1.3859,-0.058126,0.39052
1.0204,1.631,0.23437,-0.7714,0.11743,1.6034,-0.34194,0.34556
0.84547,1.4255,0.15685,-1.0043,-0.26016,1.768,-0.32825,0.23544
0.78942,1.7053,0.4007,-1.3208,-0.12852,1.6884,-0.40922,0.29667
0.81484,1.5171,0.50411,-1.237,0.06532,1.794,0.091357,0.13801
1.0122,1.5231,0.57107,-1.2394,0.2538,1.3883,-0.13833,-0.002425
1.1744,1.1659,0.43952,-1.2298,-0.052256,1.6678,-0.030273,0.13448
1.0985,1.4415,0.15847,-0.74214,-0.15238,1.8897,-0.40668,-0.15406
0.84025,1.4905,0.38836,-1.1286,0.17858,1.7297,-0.10397,0.43448
0.85302,1.5722,0.26264,-1.2951,0.16065,1.9356,-0.050165,0.095331
0.91014,1.2182,-0.065671,-1.0128,0.0010875,1.4902,-0.18088,-0.0043596
0.66404,1.5719,0.20996,-0.9518,0.35189,1.5011,-0.39798,0.17634
0.69726,1.4714,0.0059232,-1.011,-0.074081,1.7195,-0.094838,0.22669
0.77388,1.3069,0.46313,-1.0176,0.29716,1.7012,0.10024,0.33038
0.73679,1.5153,-0.093742,-1.1265,-0.10391,1.7709,-0.19597,0.093008
0.91691,1.4641,0.74747,-1.0855,-0.060336,1.5272,-0.068751,-0.00024143
1.1809,1.4054,0.2949,-1.0854,-0.20524,1.3654,-0.034634,0.14687
0.85263,1.1475,0.20063,-1.1103,0.07906,1.3563,-0.29297,0.42723
0.80772,1.4209,0.23875,-0.8489,0.14576,1.4215,-0.094236,-0.1949
0.95739,1.3229,0.29016,-1.0244,-0.091186,1.903,-0.21843,-0.25293
0.8542,1.4751,0.14751,-0.92094,0.042682,1.5801,-0.33132,-0.070661
1.1359,1.7727,0.18878,-1.0446,0.2595,1.6911,-0.092652,0.12414
0.70544,1.643,0.29204,-1.0921,0.069454,1.805,0.0083517,-0.0068091
1.0707,1.368,0.52363,-1.123,0.44108,2.0338,-0.17042,-0.037583
0.80056,1.5813,0.12907,-0.94686,-0.15128,1.85,-0.34518,-0.1953
0.5618,1.3272,0.32576,-1.1492,-0.05282,1.5554,0.10834,0.31011
0.52994,1.6934,0.74161,-0.49887,0.19929,2.0014,-0.4632,0.16117
0.77995,1.4863,0.12248,-1.0542,-0.03544,1.7655,-0.14458,0.4079
1.0756,1.5545,0.096309,-1.0684,0.22869,1.7267,-0.017664,0.10091
0.87792,1.4721,0.46316,-1.42,-0.112,1.6702,-0.28421,-0.070315
0.89348,1.6116,0.16424,-0.93709,-0.10062,1.6282,-0.14634,-0.01637
1.2005,1.789,0.22794,-1.0262,8.6543e-05,1.4697,-0.12207,0.2756
1.1339,1.3128,-0.11891,-0.81494,-0.062215,1.5988,-0.23049,0.21015
0.86817,1.4911,0.45033,-1.0095,-0.01244,1.2477,-0.053762,0.0084942
1.081,1.3691,0.10391,-1.2163,0.062986,1.6103,0.14313,-0.036317
1.0763,1.2671,0.23793,-0.53047,-0.046944,1.814,-0.43717,-0.022892
0.81165,1.1149,0.03317,-0.93593,-0.15592,1.7788,-0.015227,0.20514
0.80146,1.4645,0.34445,-0.99016,-0.011932,1.7841,-0.58362,0.098724
0.76307,1.3885,0.52032,-0.82785,0.061144,1.4006,-0.27239,0.020148
0.61996,1.3569,0.34059,-0.85077,0.11523,1.5905,-0.11226,0.057055
0.64629,1.4571,0.421,-1.3468,0.13215,1.6805,-0.20395,0.122
0.73944,1.3297,0.326,-0.61383,0.11949,1.6737,-0.39179,0.13498
0.59016,1.3669,0.35324,-0.9932,-0.012586,1.6132,-0.40082,-0.059872
0.7976,1.4537,0.31536,-0.88702,0.20093,1.4213,-0.10968,0.41547
0.69557,1.0561,0.37358,-0.9137,-0.075664,1.8142,-0.60996,-0.054983
0.82865,1.4276,0.11582,-0.92952,-0.18452,1.5043,0.08705,0.050029
0.90212,1.6491,0.51502,-0.87107,0.051346,1.7182,-0.19843,0.17114
0.86472,1.3419,0.31699,-0.97653,0.098703,1.6831,-0.14867,-0.16291
0.47912,1.5737,0.21939,-0.97802,0.10944,1.7906,-0.3269,0.11016
0.8681,1.4829,0.28423,-1.1064,-0.16464,1.4402,-0.21701,-0.020674
0.85218,1.7429,0.54349,-0.69533,0.1825,1.2756,0.17379,-0.29485
0.88275,1.3021,0.18285,-0.814,0.20982,1.5303,-0.28696,0.27832
0.83884,1.3453,0.42509,-1.2129,0.029605,1.5042,-0.35488,0.1197
0.9818,1.5553,-0.19915,-1.1577,-0.013431,1.3607,0.10783,0.18972
0.53205,1.8279,0.18395,-0.65932,-0.04354,1.4978,-0.10442,-0.11988
0.85488,1.1426,0.49311,-0.69121,-0.10894,1.3619,-0.047852,0.0063288
0.46867,1.2842,0.56627,-0.6328,0.080679,1.1779,-0.083054,0.15207
0.63417,1.4881,0.25836,-0.82525,-0.0060074,1.4867,-0.1849,0.3152
0.64884,1.663,0.36195,-0.93332,-0.22089,1.7949,0.088918,0.17673
0.75854,1.5067,0.66241,-0.71439,-0.03101,1.452,-0.18507,-0.094865
0.81547,1.4349,0.15014,-0.97261,0.12764,1.1499,-0.19746,0.074829
1.0089,1.5516,0.072483,-0.76292,0.15521,1.6619,-0.27007,0.15388
0.3839,1.6065,0.085641,-0.80003,0.16286,1.9337,-0.12416,0.02031
0.93525,1.2781,0.19959,-0.73705,0.10884,1.6911,-0.33814,0.068365
1.0751,1.4166,0.34548,-0.5581,0.13313,1.5279,-0.46429,0.20231
0.67011,1.3814,0.11531,-1.0214,-0.27832,1.6907,-0.18247,0.19215
0.96958,1.6235,0.19922,-0.91912,-0.17443,1.6243,-0.16657,0.0039567
0.85535,1.6894,0.41673,-0.74616,-0.094089,1.4793,-0.17913,0.34822
0.91542,1.4584,0.53076,-0.61755,0.20366,1.634,-0.33695,-0.033155
0.51465,1.7919,0.35039,-0.85996,0.18682,1.4607,0.06874,-0.22789
0.93565,1.7355,0.069266,-0.85549,-0.094464,1.4523,-0.029683,0.23962
0.46537,1.6218,0.37142,-0.9179,0.3306,1.1626,-0.26326,-0.093314
0.8099,1.3731,0.26936,-0.62979,0.040396,1.8188,0.12657,0.049017
0.70673,1.5374,0.40815,-0.78786,0.017628,1.4118,-0.44985,0.36436
0.90618,1.845,0.22585,-0.83368,0.062091,1.3482,-0.1701,0.061333
0.50941,1.347,0.22063,-0.58784,0.075084,1.3853,-0.33687,-0.15672
0.43542,1.7766,-0.021127,-0.90249,-0.14624,1.4194,-0.43411,0.047699
0.89451,1.4624,0.36136,-1.1691,-0.12752,1.1263,0.049373,0.063687
0.74358,1.4648,0.38885,-0.72982,0.1532,1.7717,-0.22151,0.25994
0.81909,1.3735,0.28971,-0.39285,-0.0030929,1.2835,-0.19215,-0.21053
0.53581,1.6683,0.43829,-0.68498,-0.073612,1.7065,-0.14521,0.43723
0.38471,1.463,0.43901,-0.66185,-0.14116,1.1743,0.054588,-0.027969
0.53113,1.3625,0.063138,-0.57826,-0.11749,1.417,-0.4006,-0.035788
0.78921,1.4375,0.37573,-0.46938,-0.16831,1.4511,-0.090644,0.18308
0.73418,1.4468,0.50126,-0.79977,0.074116,1.7829,-0.29977,-0.21993
0.39184,1.3687,0.24143,-0.57076,0.34939,1.5597,-0.46497,-0.087453
0.30326,1.5085,0.49822,-0.66435,0.085269,1.3662,-0.6041,0.04232
0.77155,1.4279,0.6473,-0.88567,0.023992,1.4961,-0.31856,0.15431
