0.34156,-0.86921,-1.6819,-0.15245,0.54486,-1.046,-0.9139,1.2907
0.45932,-0.99117,-1.51,-0.48052,0.83888,-1.0045,-1.0728,1.5201
0.5346,-0.86232,-1.5031,-0.39648,0.47708,-1.4183,-1.4632,0.9178
0.40529,-0.63223,-1.4774,-0.2796,0.5217,-0.93557,-1.0517,1.481
0.19473,-0.82831,-1.6685,-0.55114,0.85126,-1.1117,-1.3476,1.3912
0.74066,-1.2001,-1.33,-0.16979,0.68513,-1.0154,-0.85783,1.3844
0.52452,-1.0306,-1.4088,-0.50843,0.706,-1.3354,-1.1503,0.96198
0.42774,-0.99518,-1.6797,0.093701,0.76304,-1.1699,-1.4114,1.3076
0.39518,-0.72544,-1.6228,-0.22381,0.49809,-1.0362,-0.99365,1.5084
0.17985,-1.1172,-1.8024,-0.1951,0.5093,-1.4202,-1.2042,1.0537
0.44276,-0.78154,-1.5428,-0.1168,0.51608,-0.90935,-0.94066,1.2716
0.43877,-1.1399,-1.9249,-0.15504,0.28958,-0.98241,-1.3338,1.1933
0.61725,-1.0726,-1.4563,-0.25126,0.5822,-1.5415,-0.95152,0.99421
0.27961,-1.2207,-1.4174,-0.13445,0.76909,-1.0711,-0.79499,1.4791
0.39014,-1.0228,-1.4652,-0.21193,0.69147,-1.1475,-1.3356,1.3569
0.48474,-0.63317,-1.6416,-0.28651,0.61869,-0.68464,-1.0756,1.1687
0.4542,-0.96253,-1.6293,0.019287,0.71271,-1.027,-0.97141,0.99489
0.093963,-0.86199,-1.7229,-0.078161,0.84316,-1.0163,-1.1716,1.6532
0.30853,-1.1753,-1.3041,-0.30108,0.88932,-1.0239,-1.4198,1.48
0.53023,-1.2064,-1.1895,-0.43828,0.51594,-1.1995,-1.0957,0.95991
0.35427,-1.0957,-1.5473,-0.28993,0.72439,-0.79479,-1.5147,1.1098
0.41474,-0.79904,-1.8754,-0.052706,0.91091,-1.0396,-1.1042,1.0626
0.25969,-0.91378,-1.6667,-0.51749,0.92759,-1.3084,-0.92517,1.2068
0.36244,-1.3035,-1.5219,0.017698,0.59146,-1.2456,-1.1162,1.0474
0.43863,-1.0405,-1.5128,0.016386,0.78608,-0.93659,-0.89928,1.1951
0.24473,-0.91786,-1.6224,-0.47684,0.69011,-1.2531,-1.0565,1.3539
-0.011036,-0.72181,-1.5785,-0.18264,0.4353,-0.94176,-0.85745,1.2798
0.30668,-1.217,-1.3236,-0.17524,0.71731,-0.97802,-1.1742,1.0641
0.09902,-1.098,-1.5479,-0.65494,0.4609,-0.98184,-1.3618,1.147
0.52188,-0.94656,-1.513,-0.17458,0.62563,-1.0905,-1.0257,1.096
0.28143,-1.0911,-1.568,-0.58863,0.62393,-1.0023,-1.0169,1.0232
0.40082,-1.1771,-1.6001,-0.29735,0.25318,-1.1123,-1.1298,1.1755
0.0030256,-0.89552,-1.7325,-0.29582,0.73856,-1.223,-1.1463,1.0464
0.36924,-1.1924,-1.3251,-0.41873,0.93762,-0.90778,-0.90445,1.1236
0.077494,-1.0582,-1.3525,-0.31213,0.32366,-0.89379,-1.0423,1.0243
0.30435,-0.93508,-1.3861,-0.33075,0.74987,-1.0372,-1.3226,1.4219
0.041904,-0.69711,-1.41,-0.61291,0.59695,-0.55967,-1.0185,0.94819
0.38674,-0.81313,-1.4408,-0.0862,0.36651,-1.201,-1.1274,1.2147
-0.0098907,-1.0098,-1.8213,-0.31589,0.50892,-0.95012,-1.2503,1.1768
0.039096,-0.88677,-1.9583,-0.45593,0.50534,-0.82308,-1.3431,1.1167
0.18554,-0.72848,-1.3777,-0.19483,0.44653,-0.98686,-1.3365,0.94811
0.32856,-0.69886,-1.631,-0.077734,0.83712,-1.0686,-1.0442,1.1894
0.48681,-1.1149,-1.4127,-0.5302,0.91008,-1.1341,-1.1865,1.1541
0.4491,-0.80143,-1.2449,-0.09493,0.45119,-0.84136,-1.0173,0.91513
0.37773,-1.0676,-1.7122,-0.30961,0.64461,-1.2261,-1.1327,1.1727
0.11451,-0.83837,-1.1884,-0.50822,0.9747,-0.76301,-1.0283,1.107
0.24572,-0.70966,-1.804,-0.41212,0.64294,-1.2948,-1.0251,0.99728
0.17326,-0.64843,-1.595,-0.36085,0.69354,-1.3026,-0.96269,1.1548
0.55109,-0.66544,-1.4137,-0.20616,0.21836,-1.1813,-1.1575,1.3875
0.51202,-0.98092,-1.523,-0.33639,0.45827,-1.2284,-0.97055,0.82823
0.11436,-0.93183,-1.7215,-0.62673,0.62766,-1.014,-1.0597,1.0486
0.26092,-0.66761,-1.5947,-0.19144,0.69917,-0.87525,-1.2638,1.3348
0.3032,-0.95987,-1.0556,-0.11193,0.4818,-1.0801,-0.88076,1.0579
0.52768,-0.88632,-1.4685,-0.66569,0.68147,-1.0107,-0.80582,1.3492
0.16783,-0.93685,-1.4149,-0.27131,0.35609,-0.86918,-0.96599,1.2164
0.076118,-0.8683,-1.4328,-0.42834,0.6933,-0.86384,-0.84468,0.99172
0.31717,-0.81758,-1.4373,-0.39556,0.42636,-0.87941,-0.90569,1.2107
0.086916,-0.89218,-1.4681,-0.36412,0.69275,-0.95806,-1.1317,1.2352
0.23569,-0.51884,-1.1737,-0.50473,0.66269,-0.63155,-0.89094,1.0042
0.4117,-0.68146,-1.3929,-0.50231,0.5613,-0.67159,-1.1546,1.1384
0.20941,-0.82681,-1.3384,-0.19665,0.5362,-0.98674,-1.0336,1.4781
0.37924,-1.0054,-1.4509,-0.34836,0.72147,-0.9846,-1.1638,1.1041
0.34276,-0.75256,-1.2887,-0.028076,0.16515,-0.95252,-0.85449,1.2706
0.37509,-1.1839,-1.3484,-0.13885,0.5371,-1.0679,-0.985,1.0954
0.45959,-0.76518,-1.4212,-0.25589,0.25665,-0.85354,-1.2078,1.0504
0.525,-0.64186,-1.2835,-0.50522,0.46393,-1.3166,-1.1963,1.1024
0.26716,-0.96126,-1.2571,-0.41395,0.78847,-0.72647,-1.0607,1.1362
0.3195,-1.0097,-1.4605,-0.39693,0.56182,-0.89464,-0.75511,1.2331
0.18209,-0.91792,-1.4835,-0.25712,0.57632,-0.80581,-1.3024,1.3495
0.22355,-0.9597,-1.2229,-0.094246,0.63048,-0.95766,-0.94976,1.2037
0.24951,-0.9665,-1.3093,-0.11344,0.47896,-1.4165,-0.88798,1.1741
0.45712,-0.96087,-1.4715,-0.14081,0.4933,-0.64591,-1.1593,0.89892
0.24162,-0.86959,-1.4857,-0.38038,0.47325,-1.068,-1.0733,1.0735
0.33198,-0.85931,-1.6107,-0.2683,0.58346,-0.8836,-1.2927,1.1071
-0.18038,-0.95734,-1.566,-0.17393,0.72257,-1.0755,-0.995,1.1725
0.055843,-0.75164,-1.3398,-0.31842,0.48897,-0.9796,-1.2849,1.0036
0.39116,-0.66595,-1.3346,-0.53253,0.27601,-0.55167,-0.76742,1.1312
0.058044,-0.85576,-1.8978,-0.3587,0.35911,-0.73539,-1.2616,1.0487
0.29143,-0.93482,-1.7112,-0.17176,0.17081,-0.81535,-0.82637,1.0879
-0.02735,-0.90182,-1.28,-0.4233,0.16852,-0.70631,-1.3042,1.0054
0.25352,-0.52891,-1.2014,-0.19911,0.591,-0.95347,-1.0098,1.2875
0.0039656,-0.73778,-1.5147,-0.37716,0.67496,-0.86339,-1.0487,0.98483
-0.10218,-0.84369,-1.3969,-0.23928,0.31794,-0.89825,-1.1569,0.82299
0.20272,-0.81691,-1.236,-0.4685,0.89062,-0.63989,-0.95492,0.84647
0.23243,-0.91634,-1.0883,-0.2763,0.42787,-0.90241,-0.92547,1.1911
-0.060467,-0.78463,-1.4109,-0.30207,0.51592,-1.1767,-0.91597,0.99419
0.23605,-0.84226,-1.6273,-0.38317,0.53095,-0.83424,-1.3166,1.1902
0.285,-0.86847,-1.391,-0.58944,0.46854,-0.835,-0.60793,0.9152
0.041358,-0.66996,-1.467,-0.1254,0.067745,-0.91164,-0.65914,0.91452
0.11315,-0.74708,-1.2624,-0.36746,0.265,-0.51178,-1.152,0.77953
-0.075304,-0.88955,-1.2009,-0.51169,0.49836,-0.57529,-1.2082,0.82784
-0.072237,-0.7774,-1.3099,-0.13067,0.57765,-0.60428,-0.90418,1.0301
0.36798,-0.81036,-1.3284,-0.61342,0.38112,-0.68725,-0.96137,1.0591
0.10466,-0.86063,-1.1534,-0.39751,0.48648,-0.63294,-0.6514,0.99464
0.23208,-0.50953,-1.6288,-0.27389,0.27883,-0.6889,-1.0706,1.4624
0.3612,-0.6392,-1.5557,-0.141,0.94658,-0.60698,-1.0557,0.94729
0.002741,-0.79425,-1.5738,-0.16048,0.10353,-0.9177,-1.0073,0.94431
0.34967,-0.76939,-1.2845,-0.42053,0.22201,-0.77419,-1.2963,1.2747
0.087444,-0.76488,-1.1508,-0.66819,0.60902,-0.93579,-1.0853,0.94945
0.24941,-0.55518,-1.5669,-0.24162,0.38714,-0.75284,-0.94514,0.80599
0.21145,-0.83542,-1.1781,-0.48684,0.71107,-0.92922,-0.92356,1.0117
0.099658,-0.5981,-1.0116,-0.45545,0.30684,-0.76354,-0.5722,1.1425
0.15736,-0.76904,-1.3223,-0.28907,0.60603,-0.59729,-1.1999,0.76432
0.0088297,-0.93575,-1.2422,-0.49139,0.34171,-0.78375,-1.2322,0.92466
0.38169,-0.84251,-1.3226,-0.67122,0.56387,-0.91143,-0.83454,0.9038
0.29375,-0.58963,-1.1481,-0.04063,0.46005,-0.68287,-1.2117,0.94683
0.068107,-0.54737,-1.4273,-0.38569,0.46534,-1.0853,-1.1552,1.2117
-0.064198,-0.3816,-1.3052,-0.33582,0.22444,-0.64603,-1.0111,0.88256
0.176,-0.84286,-1.1508,-0.19522,0.18561,-0.79298,-0.7376,0.95745
0.18175,-0.63577,-1.1039,-0.29413,0.34725,-0.84259,-1.034,1.1328
0.19625,-0.53012,-1.1512,0.11328,0.093007,-0.55065,-1.1821,0.77144
0.35301,-0.69413,-1.091,-0.68378,0.20525,-0.8789,-1.0181,0.95048
0.033427,-0.75984,-1.1435,-0.39001,0.55492,-0.82597,-1.1478,1.1806
0.0024591,-0.59361,-1.3284,-0.60787,0.03737,-0.80246,-0.78497,0.75096
0.14619,-0.76842,-1.4502,-0.40947,0.28462,-0.55013,-0.86741,0.79949
0.0025992,-0.37886,-1.1966,-0.39194,0.15066,-0.77779,-1.0212,0.77385
0.039129,-0.43469,-1.2451,-0.49818,0.47829,-0.20347,-0.98344,1.049
0.19386,-0.42483,-1.6082,-0.39561,0.20399,-0.53827,-1.0088,0.89143
0.29022,-0.35386,-1.1244,-0.35436,0.30985,-0.45869,-0.85406,0.7162
-0.036108,-0.88213,-1.04,-0.37189,0.50932,-0.77626,-0.95642,1.0709
0.47009,-0.35201,-0.92423,-0.21911,0.35177,-0.97229,-0.89325,0.73466
0.023857,-0.76718,-1.5763,-0.46499,0.60038,-0.39914,-0.77627,1.2068
0.20835,-0.4779,-1.3509,-0.52972,0.34706,-0.70922,-1.1033,0.6475
-0.13806,-0.44042,-1.0478,-0.57629,0.23656,-0.90824,-0.56425,0.70858
-0.11991,-0.80058,-1.1227,-0.21034,0.16262,-0.81137,-1.0488,0.59942
0.07362,-0.6395,-1.2967,-0.28292,0.27621,-0.47517,-0.85013,0.837
-0.004545,-0.74729,-1.3014,-0.25078,0.29942,-1.0029,-0.88808,0.95426
0.19713,-0.82501,-0.92752,-0.53885,0.18621,-0.58485,-1.0426,1.1472
0.14309,-0.84409,-1.0534,-0.37792,0.38612,-0.6634,-0.7969,0.99221
0.15627,-0.54244,-1.3141,-0.69081,0.31773,-0.92414,-1.0085,1.0998
0.33307,-0.42037,-1.1951,-0.61038,0.39284,-0.32026,-0.63184,0.68749
0.088471,-0.84737,-1.2548,-0.19012,-0.14361,-0.91059,-0.60294,0.93662
0.23399,-0.80176,-1.1725,-0.47234,0.083093,-0.45812,-0.83456,1.0104
0.16611,-0.64082,-1.053,-0.26925,0.43856,-0.83261,-0.85879,0.74951
0.47005,-0.67429,-1.0707,-0.41467,0.23279,-0.66717,-0.75769,0.74093
0.074521,-0.82153,-1.2261,-0.15992,0.23075,-0.71363,-0.874,0.69614
0.068485,-0.63841,-1.1201,-0.36929,0.43043,-1.2449,-1.0273,0.74009
-0.061626,-0.37833,-1.4022,-0.50909,0.19847,-0.46579,-1.0262,0.72158
0.10138,-0.48381,-1.4872,-0.50702,0.54559,-0.89608,-0.78434,0.82931
0.31738,-0.69054,-1.1892,-0.34741,0.4245,-0.87027,-0.7391,1.0613
0.40054,-0.53135,-0.88529,-0.43859,0.2746,-0.75657,-0.76463,0.64151
0.12123,-0.72476,-1.2682,-0.20323,0.12212,-0.62841,-0.72295,0.28351
-0.018911,-0.36162,-1.3686,-0.37445,0.38518,-0.56756,-0.9942,0.96403
0.50993,-0.50805,-1.1522,-0.42283,0.01952,-0.68207,-0.51115,0.75028
0.19202,-0.61482,-1.2196,-0.18331,0.1789,-0.51507,-1.0265,0.81495
0.0416,-0.49556,-1.4192,-0.35128,0.37144,-0.5991,-0.59965,0.8154
0.11849,-0.45202,-0.78452,-0.19628,0.25127,-1.0362,-0.6436,0.81021
0.10923,-0.68338,-1.1907,-0.72323,0.39356,-0.6514,-0.99371,0.8811
-0.066105,-0.68152,-1.2032,-0.241,0.31872,-0.52861,-0.67504,1.1416
-0.045815,-0.7613,-1.2894,-0.3377,0.047283,-0.82582,-1.1004,1.0525
-0.036886,-0.61917,-1.2761,-0.23808,0.14227,-0.71708,-0.6325,0.63163
0.024204,-0.95994,-1.2193,-0.67485,0.1889,-0.73991,-0.57693,0.79633
0.060902,-0.7596,-1.1767,-0.35597,0.24237,-0.44126,-1.0604,0.7311
0.35604,-0.85324,-1.103,-0.1649,0.052246,-0.30021,-0.63271,0.77136
0.31148,-0.58642,-1.1341,-0.081162,0.27729,-0.84199,-0.92452,1.4566
-0.017009,-0.42918,-1.2073,-0.33696,0.082828,-0.49354,-0.83667,0.57134
0.080815,-0.63085,-0.76341,-0.33407,-0.033722,-0.39787,-0.75403,0.86637
-0.03564,-0.46945,-1.2623,-0.47723,0.060267,-0.67696,-0.65888,1.0005
0.020587,-0.69644,-1.0262,-0.27352,0.11813,-0.70052,-1.0179,1.0476
0.2478,-0.48319,-1.0748,-0.082692,0.019209,-0.78757,-0.72502,1.0564
0.24271,-0.76791,-1.101,-0.43342,0.11779,-0.71879,-0.84432,0.59449
0.44046,-0.63708,-0.74422,-0.27087,0.063411,-0.62242,-0.62403,0.63758
-0.21633,-0.61502,-1.2725,-0.099485,-0.040412,-0.43207,-0.87376,0.67214
-0.14359,-0.78195,-0.83549,-0.041916,-0.14093,-0.47333,-0.74633,0.88887
0.39626,-0.26403,-0.94904,-0.27509,-0.18005,-0.88109,-0.99543,0.92686
0.23686,-0.61529,-1.2035,-0.47035,-0.20851,-0.943,-0.66843,0.59015
0.071499,-0.47159,-0.90924,-0.63853,0.061771,-0.62009,-0.68976,0.79414
0.11506,-0.83512,-1.281,-0.42579,0.090741,-0.32426,-0.73841,0.44077
-0.13109,-0.73133,-1.4523,-0.15304,0.21113,-0.47685,-0.9321,0.82008
-0.20956,-0.80147,-0.97632,-0.25616,-0.10388,-0.8477,-0.92247,0.65467
0.37754,-0.53393,-0.73108,-0.17408,0.14033,-0.51026,-0.77171,0.62895
0.021634,-0.55223,-0.91578,-0.33281,-0.034928,-0.7639,-0.76757,0.78306
0.10194,-0.68261,-0.90477,-0.16578,-0.1286,-0.44251,-0.54383,0.58323
0.20638,-0.63806,-1.0567,-0.13944,-0.052429,-0.63439,-0.63949,0.8934
0.37357,-1.0986,-1.0801,-0.26266,-0.19368,-0.42133,-0.4779,1.0914
0.1029,-0.58595,-0.93241,-0.70441,0.050911,-0.78747,-0.73152,1.0515
0.11536,-0.60404,-1.2083,0.0043401,0.21187,-0.71699,-0.91008,0.5814
-0.11347,-0.76491,-1.1029,-0.19937,-0.18962,-0.2939,-0.75855,0.65933
0.35321,-0.68815,-1.3015,-0.5479,-0.049735,-0.27127,-1.0224,0.97029
0.22977,-0.58352,-1.1027,-0.20582,0.073662,-0.63439,-0.71212,0.71235
-0.059493,-0.53905,-1.12,-0.53621,0.062252,-0.67619,-0.79699,0.79115
0.28993,-0.35332,-1.0748,-0.16255,0.26405,-0.54289,-1.0142,0.52278
0.38025,-0.63136,-0.90646,-0.17733,0.088098,-0.57825,-0.58335,0.6738
0.0085261,-0.74656,-0.96551,-0.41085,-0.11645,-0.46183,-0.74943,0.73368
0.043047,-0.65934,-0.96295,-0.021105,0.18918,-0.59697,-0.5012,0.97863
0.081122,-1.0161,-0.96078,-0.22649,-0.1967,-0.36886,-0.57536,0.76546
-0.043727,-0.68017,-0.96084,-0.19423,-0.24535,-0.77761,-0.88411,0.50914
0.052016,-0.62328,-1.2519,-0.28218,-0.091667,-0.43307,-0.24981,1.1982
0.13939,-0.55426,-0.72359,-0.23713,0.03216,-0.58752,-0.58906,0.66987
-0.012606,-0.66556,-1.3199,-0.41991,0.1137,-0.66849,-0.70775,0.76796
0.42435,-0.4901,-0.79307,-0.1385,0.1342,-0.64299,-0.88191,0.51599
0.00057536,-0.75743,-1.1686,-0.23679,-0.47455,-0.77667,-0.64276,0.50485
0.011233,-0.97009,-1.1799,-0.25439,0.062814,-0.81322,-0.49437,0.88114
0.058789,-0.80177,-0.77896,-0.078748,-0.17699,-1.1985,-0.88742,0.69844
0.67343,-0.72606,-1.0206,-0.03272,0.19325,-0.70842,-0.6866,0.69822
0.38981,-0.64361,-0.94666,-0.31539,0.040041,-0.59665,-0.50916,0.47789
0.49473,-0.96558,-1.0993,-0.31545,-0.20088,-0.70166,-0.30107,1.0064
0.13132,-0.58017,-0.96488,-0.17365,0.023157,-0.57887,-0.89161,0.69015
-0.09962,-0.66769,-1.064,-0.11273,-0.13959,-0.45083,-0.32684,0.65462
0.39049,-0.63994,-0.96744,-0.23895,0.20542,-0.60813,-0.63615,0.7408
0.091063,-0.61932,-0.74929,-0.3433,-0.23107,-0.68896,-0.75383,0.83193
0.22153,-0.48145,-1.0873,-0.16447,0.08055,-0.38011,-0.36234,0.94116
0.062521,-0.55347,-0.99032,-0.52635,0.066879,-0.66102,-0.72574,0.79744
0.17276,-0.70084,-0.99525,-0.42718,-0.070888,-0.64909,-0.37636,0.44803
0.028973,-0.43331,-1.1167,-0.14627,-0.30155,-0.55251,-0.58064,0.31033
0.28193,-0.60408,-0.85348,-0.37335,-0.12137,-0.62766,-0.65289,0.82761
-0.10655,-0.68797,-0.58488,-0.55539,-0.049233,-0.5015,-0.57946,0.92986
0.3937,-0.62783,-0.71487,-0.40544,-0.40996,-0.19264,-0.51116,0.57936
0.069331,-0.65624,-0.95948,0.075553,-0.42692,-0.62483,-0.62343,0.76671
0.35077,-0.91576,-0.65441,-0.096636,-0.42111,-0.93106,-0.64138,0.96941
0.08063,-0.91217,-0.92388,-0.27964,-0.44291,-0.55552,-0.57078,0.95959
0.42976,-0.91223,-1.1959,-0.49352,-0.067455,-0.84473,-0.36777,0.69991
0.32258,-0.61524,-0.89775,-0.17132,0.10551,-0.47999,-0.70349,0.40391
0.10148,-0.29032,-0.50161,-0.47622,-0.29559,-0.35931,-0.76279,0.39155
-0.0054124,-0.75938,-0.69608,-0.018789,-0.21547,-0.63489,-0.71666,0.87323
0.022599,-1.0921,-0.91677,-0.48258,-0.42135,-0.74508,-0.37394,0.58857
0.24926,-0.53453,-0.84114,-0.042136,-0.37627,-0.60494,-0.65448,0.64217
-0.029387,-0.56732,-1.085,-0.11192,-0.35066,-0.72059,-0.49261,0.57394
0.23447,-0.76222,-1.2396,-0.30429,-0.49132,-0.71428,-0.43007,0.56629
0.24168,-0.6186,-0.72829,-0.42263,0.10341,-0.73706,-0.45125,0.72711
0.044352,-0.81814,-0.78458,-0.3793,-0.33269,-0.70381,-0.79175,0.53713
0.26677,-0.65059,-0.88631,-0.10249,-0.40014,-0.57544,-0.30188,0.6287
0.41996,-0.96967,-0.85839,0.11724,-0.14771,-0.54951,-0.87563,0.61596
0.28396,-1.1213,-0.94427,-0.22384,-0.26738,-0.61925,-0.23668,0.53987
0.21135,-0.58216,-1.0924,-0.13221,-0.34871,-0.69756,-0.35076,0.73536
0.43158,-0.53523,-0.84892,0.031717,0.08679,-0.68295,-0.35195,0.83677
0.56012,-0.61944,-0.70632,0.063981,-0.51224,-0.87614,-0.22396,0.36709
0.25893,-1.0062,-0.73192,-0.36921,-0.15837,-0.44878,-0.40326,0.86045
0.23916,-0.53161,-0.66609,-0.27576,-0.15405,-0.90319,-0.57545,0.59824
0.23707,-1.063,-0.93742,-0.023858,-0.37918,-0.77144,-0.69395,0.33738
0.30952,-0.65721,-1.0387,-0.026503,-0.28359,-0.73584,-0.38211,0.29801
0.072819,-0.43011,-0.60176,0.043203,-0.37702,-0.69049,-0.36995,0.86681
0.088268,-0.54885,-1.0452,0.058582,-0.083358,-0.51835,-0.59343,0.29767
0.23444,-0.67577,-0.9714,-0.14995,-0.23423,-0.44146,-0.42897,0.6498
0.19396,-0.69224,-1.0945,-0.27432,-0.12263,-0.68727,-0.58642,0.55274
-0.019773,-0.7075,-0.85423,0.15418,-0.15605,-0.78369,-0.17959,0.29158
0.29884,-0.87584,-0.9274,-0.23245,-0.31229,-0.84058,-0.52994,0.65492
0.14034,-0.76287,-1.1978,-0.086476,-0.25102,-0.63552,-0.50423,0.45378
0.15572,-1.2926,-0.74069,-0.18041,-0.25925,-0.5284,-0.30273,0.72643
-0.11521,-0.70951,-0.77551,-0.17464,-0.29035,-0.40112,-0.5485,0.63872
0.0088083,-0.79226,-0.61321,0.011684,-0.095227,-0.60499,-0.19534,0.69193
0.3061,-0.80247,-0.85478,-0.50123,-0.13754,-0.64605,-0.30928,0.51953
0.27748,-0.7831,-0.79197,0.012431,0.072273,-0.84798,-0.37756,0.41643
0.40923,-1.0374,-0.81505,-0.17827,-0.23142,-0.73859,-0.13311,0.37542
0.043844,-0.689,-0.96207,-0.10981,-0.30998,-0.71128,-0.6535,0.74189
0.27022,-0.51053,-0.7084,-0.1893,-0.64584,-0.97564,-0.45693,0.68471
0.62966,-0.92979,-1.1375,-0.16858,-0.45602,-0.48711,-0.50927,0.31087
0.11529,-0.81673,-0.51348,-0.24273,-0.10121,-0.68001,-0.51489,0.60835
0.0049418,-0.56773,-0.54487,0.12739,-0.11432,-0.91005,-0.17178,0.53336
-0.008333,-0.66132,-0.6935,-0.0066093,-0.23069,-1.1181,-0.55069,0.50587
0.17486,-0.83143,-0.48444,-0.17636,-0.24036,-0.6507,-0.067614,0.82777
0.28852,-0.68037,-0.57104,-0.051445,-0.2242,-0.60785,-0.35539,0.52735
0.24959,-0.98145,-0.5645,-0.10261,-0.39804,-0.76735,-0.20796,0.65949
0.35881,-0.84178,-0.57991,-0.16099,-0.079249,-0.52502,-0.37098,0.59054
0.24304,-0.87574,-0.67102,-0.14978,-0.22416,-0.53621,-0.28358,0.54481
0.15102,-0.73737,-0.83062,0.014034,-0.40325,-0.96899,-0.08449,0.85054
0.46684,-0.73171,-0.69377,-0.28025,-0.65755,-0.54192,-0.21295,0.68798
0.09446,-0.73912,-0.65383,-0.35581,-0.37381,-0.81514,-0.33025,0.76731
-0.11883,-0.51762,-0.59575,0.078328,-0.44434,-0.53862,-0.53068,0.78246
0.24182,-0.55883,-0.86199,-0.22401,-0.28088,-0.71265,-0.16972,0.64398
0.51637,-0.95762,-0.68856,-0.22267,-0.34293,-0.48569,-0.50809,0.81156
0.047773,-0.81947,-1.0095,-0.32065,-0.7236,-0.68824,-0.40875,0.5564
-0.013732,-0.86161,-0.51739,-0.3317,-0.68836,-0.52119,-0.37931,0.77358
-0.058879,-0.99452,-0.56878,-0.090646,-0.38182,-0.7741,-0.37531,0.30757
0.19587,-0.4923,-0.75093,-0.20338,-0.25574,-0.63093,-0.013994,0.60248
-0.033742,-0.94427,-0.6381,-0.45853,-0.29463,-0.38169,-0.44944,0.74934
0.37335,-1.041,-0.40203,-0.33719,-0.453,-0.52653,-0.50636,0.56692
0.32804,-0.59986,-1.0405,-0.33259,-0.70464,-0.68984,-0.65455,0.69276
0.19836,-0.75868,-0.86515,-0.042724,-0.19743,-0.63829,-0.39253,0.31013
0.38691,-0.77429,-0.89916,0.044717,-0.40575,-0.43273,-0.53585,0.53021
0.52087,-0.74712,-0.85229,-0.25664,-0.64839,-0.52934,-0.57516,0.77454
0.14781,-0.99237,-0.93688,-0.22582,-0.45554,-0.79506,-0.21109,0.57614
0.21096,-0.71972,-0.9046,0.093505,-0.26513,-0.65224,-0.25393,0.80301
0.22742,-0.84426,-0.64175,0.027736,-0.4028,-0.77407,-0.4495,0.73504
0.13669,-0.67415,-0.65727,-0.13483,-0.45133,-0.57864,-0.68732,0.44269
0.25525,-1.1275,-0.39977,-0.22817,-0.38074,-0.52527,-0.3354,0.51322
0.063805,-0.82568,-0.51007,0.11687,-0.37743,-0.87419,-0.28967,0.73081
0.16515,-0.77972,-0.59252,0.018429,-0.33274,-0.75036,-0.38883,0.40016
0.13596,-0.99013,-0.62611,-0.19824,-0.43885,-0.68961,-0.54704,0.61793
0.26371,-1.0206,-0.5709,-0.23683,-0.40126,-0.69382,-0.32427,0.63757
0.26558,-0.83091,-0.74307,-0.0045989,-0.76656,-0.63359,-0.86293,0.88892
0.35306,-0.83792,-0.66317,0.054799,-0.40393,-0.84508,-0.49701,0.53142
0.43618,-1.0751,-0.49633,-0.43269,-0.5285,-0.52538,-0.31075,0.26799
0.23429,-0.80797,-0.82526,-0.011295,-0.68326,-0.4719,0.019104,0.55908
0.24852,-0.73834,-0.59953,-0.09374,-0.28043,-0.73995,-0.25523,0.59251
0.095165,-0.90096,-0.55139,-0.18788,-0.71158,-0.40333,-0.29266,0.31783
0.38485,-0.63851,-0.68012,-0.064734,-0.085378,-0.54286,-0.37657,0.40425
0.27583,-0.96478,-0.53748,-0.36787,-0.72962,-0.71572,-0.42368,0.42385
0.31079,-0.87076,-0.58825,-0.18721,-0.12914,-0.63691,-0.27116,0.65829
0.30512,-0.68078,-0.96725,0.12619,-0.32967,-0.8835,-0.29893,0.56366
0.24241,-0.74303,-0.50162,0.017593,-0.082293,-0.51362,-0.46178,0.52049
0.49172,-0.75056,-0.43504,0.082072,-0.83377,-0.87612,-0.46182,0.57947
0.31116,-0.82419,-0.49562,-0.14117,-0.41,-0.88633,-0.43299,0.62206
0.56181,-0.69617,-0.75067,-0.079538,-0.14507,-0.5658,-0.1171,0.6171
0.51706,-0.78334,-0.64475,0.035319,-0.37062,-0.56053,-0.077482,0.60728
0.31624,-1.131,-0.61716,0.30521,-0.38162,-0.82287,-0.42585,0.73902
0.43597,-0.35323,-0.71906,-0.17056,-0.55094,-0.79277,-0.46471,0.68548
0.18106,-1.1387,-0.40919,-0.08801,-0.54193,-0.56339,-0.2018,0.59474
0.29376,-0.83268,-0.23887,0.062781,-0.75636,-0.68196,-0.24471,0.46538
0.48906,-0.72357,-0.68102,-0.33162,-0.21149,-0.65523,-0.27689,0.69954
0.50849,-0.61096,-0.5477,-0.18353,-0.23671,-0.93259,0.04816,0.35613
0.39866,-0.75591,-0.41318,-0.14244,-0.4924,-0.56264,-0.12292,0.51826
0.056061,-0.81332,-0.57587,0.25337,-0.4397,-1.0347,-0.22207,0.5344
0.11142,-0.80216,-0.62235,0.054005,-0.66582,-0.69403,-0.052387,0.30731
0.10976,-0.65568,-0.65101,0.13027,-0.3347,-0.72772,-0.19193,0.7784
0.26955,-0.57527,-0.40704,0.16566,-0.5656,-0.40969,-0.18146,0.53988
0.21227,-0.88999,-0.56994,0.30414,-0.57418,-0.60222,-0.40785,0.62638
0.45943,-1.0712,-0.49365,0.43851,-0.53341,-0.87,-0.086848,0.58244
0.28285,-0.87906,-0.57558,0.19766,-0.26421,-0.97506,0.21578,0.35356
0.48428,-1.0531,-0.56082,-0.33805,-0.74574,-0.57922,-0.54033,0.53116
0.47938,-0.89495,-0.69495,-0.13937,-0.43559,-0.6596,-0.54446,0.68183
0.30057,-1.0732,-0.47474,0.16675,-0.41508,-0.60383,-0.034186,0.54853
-0.041433,-0.97392,-0.56059,-0.0125,-0.61157,-0.63778,-0.40059,0.38933
0.30706,-1.0972,-0.35185,-0.14741,-0.58587,-0.66129,0.046601,0.2641
0.48554,-0.823,-0.57721,0.19041,-0.59271,-0.86164,-0.079513,0.52147
0.37891,-0.90378,-0.52038,-0.036969,-0.39428,-0.6871,-0.26645,0.55126
0.30473,-0.94736,-0.72381,0.22179,-0.38689,-1.0576,-0.13248,0.48172
0.47975,-0.99577,-0.37259,0.20647,-0.49714,-0.45895,-0.06293,0.86708
0.37815,-0.94603,-0.31033,0.21524,-0.73211,-0.90504,-0.51548,0.60685
0.48279,-0.90975,-0.12514,0.31963,-0.51268,-0.7273,0.048337,0.17011
0.4951,-0.78032,-0.77879,0.18969,-0.60177,-0.61592,-0.055094,0.76566
0.39641,-0.89616,-0.61007,-0.094517,-0.49539,-0.86071,-0.28797,0.44312
0.42216,-1.1159,-0.61033,-0.016398,-0.46306,-0.91839,-0.1612,0.5134
0.2009,-1.1477,-0.7844,-0.029805,-0.31999,-0.57277,-0.33467,1.0541
0.29139,-0.87371,-0.36389,0.15926,-0.53813,-1.0079,-0.048834,0.11435
0.059269,-1.0439,-0.6332,0.05739,-0.70243,-0.89599,-0.3501,0.48051
0.2443,-0.96323,-0.5756,0.16918,-0.43358,-0.84314,-0.34039,0.11862
0.14024,-0.76463,-0.60972,-0.23346,-0.59519,-0.6052,-0.1238,0.67478
0.38728,-0.90402,-0.50162,0.45519,-0.7816,-0.44076,-0.15856,0.59464
0.5704,-1.0397,-0.46855,0.21302,-0.20305,-0.75913,-0.38584,0.73727
0.2802,-1.1312,-0.53928,0.37466,-0.46326,-0.86337,-0.3716,0.19483
0.28272,-1.0705,-0.52486,0.19119,-0.5103,-1.0866,-0.33972,0.71636
0.46739,-0.54644,-0.58574,-0.018465,-0.52024,-0.68971,-0.42095,0.49775
0.38448,-0.48899,-0.41973,0.1089,-0.47125,-0.75257,-0.33135,0.3562
0.19506,-1.1659,-0.5764,-0.15209,-0.34569,-0.67541,-0.086661,0.50926
0.6649,-1.0504,-0.56545,0.20196,-0.38034,-1.0662,-0.35431,0.89447
0.34698,-0.70412,-0.35868,0.30713,-0.38329,-1.0908,0.22345,0.32864
0.41618,-1.0034,-0.59351,0.28044,-0.53349,-0.78255,-0.18177,0.45056
0.28274,-0.97683,-0.46773,0.30889,-0.21866,-0.90396,-0.2719,0.78751
0.48018,-1.218,-0.94369,0.097341,-0.44185,-0.88508,-0.27078,0.80382
0.37124,-1.1251,-0.64821,0.47939,-0.77844,-1.085,-0.36836,0.65572
0.38448,-1.3598,-0.5207,-0.077277,-0.48708,-0.95513,-0.07111,0.44136
-0.092801,-1.0425,-0.40082,0.17032,-0.5786,-0.58604,-0.24205,0.75884
0.74793,-1.1441,-0.40784,0.23638,-0.50593,-0.88122,-0.14006,0.50662
0.24315,-1.1405,-0.47741,-0.042849,-0.80513,-0.8093,-0.072894,0.66991
0.41833,-1.1994,-0.32932,-0.037808,-0.74151,-0.9743,-0.23322,0.45622
0.036941,-1.2018,-0.84114,0.24089,-0.49204,-0.65355,-0.37396,0.73523
0.43431,-1.0567,-0.37531,0.23098,-0.33021,-0.91232,-0.54916,0.77981
0.44994,-1.1669,-0.33668,0.37951,-0.63442,-0.61462,-0.36632,0.56976
0.19059,-1.2469,-0.46969,0.40013,-0.55529,-0.96819,-0.27147,0.49369
0.084627,-1.0792,-0.52343,0.52686,-0.18497,-0.79027,-0.12262,0.18669
0.20488,-1.0971,-0.35683,0.13303,-0.50131,-0.83065,-0.29734,0.63781
0.3576,-0.93632,-0.62292,0.19971,-0.80999,-0.892,-0.25943,1.0176
0.63707,-1.1077,-0.45999,0.35106,-0.49988,-1.0007,-0.40375,0.68094
0.43652,-1.1794,-0.59593,0.049323,-0.49184,-0.60388,-0.2295,0.70628
0.28541,-1.1827,-0.25575,0.0084014,-0.51021,-0.57456,-0.42986,0.58544
0.043586,-0.98445,-0.23188,0.31744,-1.0014,-0.52185,-0.21653,0.68122
0.49389,-0.90697,-0.28597,0.25961,-0.5216,-0.50489,-0.52469,0.61345
0.21261,-0.90903,-0.45333,0.37681,-0.87551,-0.67914,-0.329,0.77874
0.59365,-1.0279,-0.39025,0.036432,-0.34471,-0.99228,-0.40501,0.85005
0.22254,-1.0859,-0.37467,0.15953,-0.67792,-0.83937,-0.39429,0.76058
0.44703,-1.1573,-0.53181,0.29991,-0.83159,-0.83784,-0.10764,0.50203
0.4238,-1.1832,-0.52746,0.22343,-0.60341,-0.92235,-0.67772,0.77378
0.63576,-1.2455,-0.33259,0.14521,-0.81654,-0.83747,0.080936,0.39896
0.44386,-1.118,-0.19039,0.36755,-0.55464,-0.87545,-0.27852,0.35315
0.15885,-1.1088,-0.49768,0.54682,-0.64078,-1.0766,-0.51074,0.71643
0.37093,-1.0115,-0.69612,-0.026703,-0.24317,-0.41098,-0.47038,0.49674
0.50811,-1.2178,-0.66775,0.35273,-0.52292,-1.0512,-0.57031,0.62023
0.5126,-1.2227,-0.62315,-0.049109,-0.80701,-0.62473,-0.45512,0.50738
0.31754,-1.3003,-0.47926,0.11692,-0.60209,-0.66747,-0.23126,0.55122
0.33927,-1.023,-0.64986,0.23648,-0.32965,-0.67095,-0.32086,0.82269
0.13855,-1.2421,-0.1393,0.1794,-0.3762,-0.53924,-0.48371,0.8487
0.026909,-1.3759,-0.6205,0.41578,-0.8136,-0.88131,-0.43811,0.44183
0.25869,-1.1865,-0.53213,0.12785,-0.68639,-0.68276,-0.26514,0.78806
0.39172,-0.98624,-0.29701,0.16164,-0.55075,-0.97225,-0.11782,0.87527
0.42962,-1.0058,-0.17426,0.43169,-0.59098,-0.69801,-0.28848,0.46111
0.33935,-1.2757,-0.6487,0.60562,-0.16076,-0.77954,-0.25053,1.1448
0.24988,-1.4395,-0.47727,0.20674,-0.49374,-0.87568,-0.39489,0.68674
0.19714,-1.0696,-0.27276,0.21159,-0.64076,-0.81568,-0.40519,0.57802
0.19817,-1.37,-0.30204,0.16652,-0.52525,-0.66796,0.00029441,0.3116
0.27097,-0.79023,-0.49495,0.20542,-0.3653,-0.71928,-0.25943,0.93779
0.39317,-1.2088,-0.38502,0.61499,-0.78242,-0.75116,-0.1872,0.33086
0.25803,-1.0494,-0.22778,0.33796,-0.59743,-0.8099,-0.31646,0.69806
0.24698,-1.3523,-0.28184,0.02428,-0.61756,-0.97394,-0.51457,0.80391
0.41968,-1.208,-0.70157,0.088407,-0.77459,-0.78361,-0.1237,0.46752
0.41131,-1.5811,-0.27063,0.25907,-0.72602,-1.0764,-0.33858,1.0255
0.24615,-1.1864,-0.34722,-0.037365,-0.69308,-0.77138,-0.2443,0.80174
0.20803,-1.1873,-0.27377,0.10685,-0.63757,-0.70729,-0.34967,0.66262
0.40914,-1.1622,-0.36558,0.37529,-0.70403,-0.99359,-0.29016,0.68262
0.41203,-1.3421,-0.39044,0.21905,-0.46418,-1.0142,-0.29622,0.70016
0.3953,-1.5178,-0.25376,0.19089,-0.68663,-0.928,-0.18548,0.84876
0.36137,-1.1529,-0.23032,0.1921,-0.53273,-0.63132,-0.6284,0.69983
0.2414,-1.1769,-0.48723,0.055477,-0.85204,-0.98392,-0.16946,0.72143
0.32594,-1.1736,-0.46043,0.41388,-0.6212,-0.94095,-0.17634,0.76816
0.31608,-1.1974,-0.38501,0.23014,-0.30405,-0.99502,-0.17677,0.74947
0.22594,-1.1154,-0.14845,0.1987,-0.003782,-0.92101,-0.44785,0.70674
0.3298,-1.3063,-0.28045,0.21884,-0.6853,-1.0462,-0.35075,0.81585
0.32278,-1.3489,-0.4607,0.78356,-0.53402,-0.67636,-0.66724,0.78802
0.28064,-1.2288,-0.26774,0.026075,-0.47366,-0.93231,-0.4853,0.55525
0.301,-1.1352,-0.4649,0.087725,-0.42823,-0.86659,-0.59765,0.65942
0.34201,-1.3362,-0.23955,0.27885,-0.40298,-1.0031,-0.43272,0.7684
0.1621,-1.5869,-0.0034162,0.33517,-0.32714,-0.94463,-0.584,0.62498
-0.045077,-1.3631,-0.0035504,0.19026,-0.41777,-0.7338,-0.28591,0.81649
0.33119,-1.2636,-0.50942,0.24198,-0.8463,-0.94231,-0.18029,0.75156
0.19372,-1.1576,-0.50082,0.1697,-0.025897,-0.76753,-0.606,0.64488
0.46838,-1.5542,-0.5935,0.5147,-0.40499,-0.98266,-0.27557,0.91536
0.21141,-1.2711,-0.28224,0.28915,0.08151,-0.86813,-0.088815,0.99325
0.31863,-1.2363,-0.45414,0.86657,-0.41376,-0.89563,-0.23329,0.58605
0.17045,-1.6494,-0.39145,0.39404,-0.475,-0.65181,-0.45678,0.85689
0.57164,-1.1321,-0.37523,0.23321,-0.24716,-1.0545,-0.30055,0.81905
0.62534,-1.0751,-0.29767,0.64843,-0.31518,-0.68695,-0.48463,0.59863
0.24474,-0.93318,-0.25561,0.25319,-0.43289,-1.0562,-0.20295,0.85904
0.23906,-1.6653,-0.072189,0.63372,-0.50345,-0.69753,-0.56201,0.75657
0.21966,-1.0515,-0.2113,0.25346,-0.55082,-0.91615,-0.43103,0.78052
0.26805,-1.2738,-0.37565,0.4071,-0.52378,-1.0057,-0.4021,1.0203
0.17395,-1.478,-0.41333,0.32181,-0.33805,-0.67175,-0.49278,0.68342
0.2568,-1.4253,-0.3965,0.58366,-0.51566,-0.83454,-0.38386,0.72989
0.10266,-1.3379,-0.44917,0.43279,-0.26926,-0.89707,-0.3864,0.74944
0.02244,-1.3053,-0.45586,0.57674,-0.67435,-0.8514,-0.50698,0.80436
0.2835,-1.3943,-0.20363,0.30646,-0.67954,-1.2322,-0.46079,0.89378
0.47388,-1.3385,-0.5532,0.35758,-0.33924,-1.0519,-0.37935,1.0915
0.37045,-1.5142,-0.58842,0.60447,-0.52224,-1.0775,-0.3769,0.89627
-0.014593,-1.2094,-0.27,0.599,-0.30233,-1.0118,-0.64127,1.1035
0.22584,-1.0957,-0.71581,0.34059,-0.47827,-1.173,-0.33153,0.65465
0.23227,-1.3769,0.016316,0.67472,-0.47275,-0.88843,-0.1767,0.83775
0.20701,-1.4103,-0.52563,0.41473,-0.25594,-1.0518,-0.55579,0.72521
0.029868,-1.6486,-0.38658,0.52933,-0.45879,-0.88501,-0.6512,0.9387
-0.094087,-1.2541,-0.39664,0.51062,-0.32769,-0.80973,-0.48365,1.1333
0.032399,-1.4581,-0.46618,0.40174,-0.57216,-1.147,-0.6531,0.91928
0.66263,-1.5492,-0.19845,0.36676,-0.41881,-1.3411,-0.62024,1.1756
0.25017,-1.5316,-0.2043,0.28976,-0.45446,-1.061,-0.49663,0.71573
0.36977,-1.448,-0.26802,0.1982,-0.40255,-0.97687,-0.48945,1.0824
0.61303,-0.9917,-0.31426,0.74668,-0.56587,-1.0825,-0.41654,0.81552
0.034791,-1.5859,-0.51615,0.54857,-0.21671,-0.91888,-0.54843,0.81646
0.29438,-1.2212,-0.45243,0.66854,-0.46064,-1.1929,-0.64323,1.0956
0.23368,-1.3546,-0.23769,0.35263,-0.52434,-0.88498,-0.40627,0.66301
0.13084,-0.99406,-0.30488,0.47613,-0.53166,-0.67782,-0.23082,0.69399
0.058821,-1.7837,-0.33603,0.51358,-0.45223,-1.0167,-0.54928,0.70318
0.41785,-1.5514,-0.012064,0.31421,-0.45526,-0.9629,-0.55506,1.048
0.10334,-1.4122,-0.43082,0.49995,-0.19682,-0.99425,-0.52564,0.95705
0.0091214,-1.7731,-0.36428,0.57898,-0.458,-1.0178,-0.25559,0.76087
0.42692,-1.5887,-0.37274,0.52921,-0.16222,-1.2075,-0.66647,1.2051
0.12578,-1.4936,-0.13485,0.64409,-0.19479,-0.95967,-0.55995,1.0427
0.5326,-1.4529,-0.39589,0.34141,-0.5499,-0.97042,-0.48881,0.70136
0.29876,-1.2495,-0.26157,0.28244,-0.33475,-1.007,-0.32745,0.94973
0.46062,-1.5698,-0.084864,0.50067,-0.3574,-0.97532,-0.58193,0.90138
0.33621,-1.3806,-0.25893,0.30525,-0.50843,-0.95669,-0.57095,0.76356
0.30889,-1.331,-0.21157,0.4237,-0.26766,-1.1953,-0.62925,0.78298
0.055881,-1.4834,-0.078727,0.47144,-0.4831,-1.0035,-0.61621,0.99673
0.24676,-1.2873,-0.17671,0.21092,-0.15313,-0.85719,-0.81239,1.1354
0.030474,-1.3415,-0.26719,0.42446,-0.63214,-1.0427,-0.56433,0.99807
0.02313,-1.4301,0.0071794,0.25637,-0.21618,-1.2356,-0.72295,1.067
0.38562,-1.3852,-0.55191,0.51301,-0.49981,-1.0499,-0.85179,1.231
0.10278,-1.534,-0.24873,0.18849,-0.47531,-1.2293,-0.47665,1.4556
-0.014948,-1.26,-0.051896,0.35745,-0.42064,-0.81273,-0.68653,1.1646
0.33611,-1.3882,-0.4902,0.23938,-0.40889,-0.97225,-0.65059,1.1451
0.30396,-1.4207,-0.1988,0.58557,-0.11733,-0.9819,-0.84427,1.0689
0.19164,-1.4108,-0.16263,0.63486,-0.35568,-1.2058,-0.70164,1.084
0.086854,-1.5924,-0.17891,0.58559,-0.72971,-0.79777,-0.41448,1.0478
0.26335,-1.1161,-0.38349,0.62294,-0.050759,-0.87338,-0.6276,1.2928
-0.075912,-1.0895,-0.2167,0.45042,-0.40647,-1.1384,-0.61044,1.2075
-0.14173,-1.351,-0.49973,0.86763,-0.5905,-1.2037,-0.95654,1.118
0.16065,-1.6159,-0.36572,0.48328,-0.55692,-0.784,-0.27462,1.3157
-0.12689,-1.4241,-0.23697,0.65017,-0.31867,-1.1353,-0.58849,0.89487
0.0033322,-1.3154,-0.13967,0.3503,-0.41039,-1.1278,-0.22467,1.2035
0.078844,-1.3717,-0.41561,0.2563,-0.53516,-1.2559,-0.59181,1.4459
-0.059201,-1.2087,-0.46605,0.63387,-0.38777,-1.3215,-0.82012,1.0497
-0.043146,-1.5012,-0.4761,0.42072,-0.38206,-1.1998,-0.51413,1.0744
0.053001,-1.3123,-0.39648,0.42682,-0.06278,-0.91485,-0.62437,0.95881
-0.049025,-1.405,-0.11719,0.47959,-0.33718,-1.0574,-0.79255,1.2016
0.23287,-1.5993,-0.045187,0.58826,-0.43786,-1.2436,-0.8784,1.2731
0.36281,-1.7844,-0.21166,0.53376,-0.27008,-0.9159,-0.64484,1.0305
0.29429,-1.7602,-0.19615,0.28541,-0.21981,-1.2698,-0.76859,1.3133
0.14661,-1.5627,-0.29973,0.67524,-0.26289,-0.88639,-0.46221,1.184
0.13176,-1.4539,-0.32056,0.58164,-0.5244,-1.0352,-0.63747,0.83578
0.054536,-1.5166,-0.25733,0.037291,-0.50958,-0.86749,-0.77471,1.0276
0.12113,-1.4919,0.11912,0.43291,-0.37467,-0.93365,-0.83239,1.0087
0.16561,-1.3198,0.021304,0.35829,-0.26231,-1.0202,-0.70588,0.74507
0.40058,-1.7307,-0.18408,0.3922,-0.5756,-0.78118,-0.93668,1.0905
0.2324,-1.6353,-0.52157,0.60033,-0.096377,-1.0456,-0.68063,0.94203
0.069136,-1.6076,-0.20643,0.58167,-0.4711,-1.3895,-1.0452,0.89305
0.15255,-1.6463,-0.3536,0.77299,-0.56491,-1.3514,-0.72054,1.2153
0.6128,-1.5619,-0.40514,0.4641,-0.25208,-0.8474,-0.90748,1.2976
-0.11953,-1.5305,-0.40738,0.40816,-0.36071,-1.1972,-0.76717,1.2891
-0.12455,-1.2976,-0.4866,0.553,0.079561,-0.75866,-0.97269,1.2575
0.3079,-1.6547,-0.17658,0.4589,-0.19833,-1.23,-0.63961,1.1422
0.20814,-1.5763,-0.14384,0.34161,-0.51046,-0.90882,-0.71671,1.3182
0.0090427,-1.4428,-0.3934,0.45213,-0.44617,-1.113,-0.64661,1.244
-0.038657,-1.3654,-0.43649,0.76127,-0.19091,-0.6468,-0.61431,1.1968
0.34812,-1.5068,-0.05613,0.48682,-0.073613,-0.70627,-0.68287,1.5991
0.25036,-1.6334,-0.54558,0.43445,0.1479,-1.1472,-1.002,1.5151
-0.032582,-1.3207,-0.32899,0.38844,-0.16651,-0.94728,-1.0164,1.4813
-0.15899,-1.5094,-0.036339,0.21329,-0.20274,-0.95782,-1.0142,1.5628
-0.11634,-1.2786,-0.39964,0.42102,0.044256,-1.1717,-1.157,1.0258
-0.0088096,-1.2339,-0.3976,0.58205,-0.3266,-0.73562,-1.2383,1.4365
0.13488,-1.6125,-0.21931,0.41555,-0.12486,-1.1833,-1.1696,1.3109
0.16893,-1.6627,-0.015707,0.57265,-0.41568,-1.2382,-1.0599,1.5475
-0.14938,-1.4904,-0.38231,0.49589,0.071495,-0.95189,-0.97654,1.2688
0.12521,-1.2684,-0.2601,0.35898,-0.24355,-1.0351,-0.91967,1.417
0.085366,-1.4115,-0.37057,0.70794,-0.32616,-0.86589,-0.85071,1.2818
0.18221,-1.3786,-0.30572,0.47281,-0.43528,-1.0264,-0.99509,1.2515
0.19723,-1.5002,-0.50552,0.8886,-0.45005,-1.2264,-0.69682,1.391
-0.021574,-1.4811,-0.34891,0.5237,-0.15344,-1.2132,-1.084,1.4769
-0.045095,-1.7086,-0.23314,0.85616,-0.23686,-1.0056,-0.76939,1.1761
0.088805,-1.6575,-0.4082,0.50351,0.026178,-1.1964,-1.0811,1.728
-0.016895,-1.4475,-0.52134,0.83044,-0.25731,-1.03,-0.50211,1.052
-0.18357,-1.382,0.039212,0.54368,-0.27585,-1.1799,-1.1683,1.6239
-0.258,-1.0964,-0.24636,0.46992,-0.35706,-1.2351,-0.76394,0.98187
-0.073187,-1.432,-0.068971,0.5043,-0.12749,-1.2783,-1.0607,1.2589
0.11697,-1.5762,-0.22631,0.77169,-0.29575,-1.0537,-0.8692,1.3043
-0.046695,-1.5827,-0.36608,0.073742,-0.45653,-1.1714,-1.0306,1.4291
-0.028938,-1.4575,-0.16184,0.77192,-0.10612,-0.90054,-1.1774,1.3738
0.015376,-1.1173,-0.10255,0.5782,-0.20888,-0.75234,-1.3332,1.4186
0.18751,-1.3414,-0.26296,0.31243,-0.38942,-1.0549,-0.99261,1.3442
-0.29489,-1.7337,-0.02952,0.42465,0.15539,-0.83336,-0.92885,1.1176
0.14288,-1.6503,-0.092536,0.52269,-0.4233,-1.2804,-0.77917,1.1509
0.073699,-1.4933,-0.24015,0.59961,0.049047,-0.98014,-1.0113,1.2905
0.0060707,-1.4959,-0.39982,0.52167,0.018178,-1.0435,-0.94679,1.3837
0.12214,-1.4639,-0.018418,0.4579,-0.18925,-1.2209,-1.0866,1.2942
-0.11499,-1.6095,-0.24534,0.35114,-0.5473,-1.2175,-1.1402,1.1032
-0.23339,-1.5253,-0.45382,0.87874,-0.072936,-1.5453,-0.90172,1.442
0.11799,-1.5419,-0.18044,0.69864,-0.33177,-1.2501,-1.0731,1.446
0.16835,-1.2266,-0.28477,0.61027,-0.16475,-1.2142,-1.2325,1.5272
-0.39867,-1.4203,-0.33821,0.55166,-0.020545,-1.1767,-1.2688,1.6029
-0.47743,-1.8123,-0.042282,0.69187,-0.20992,-0.93745,-1.3116,1.5944
-0.14794,-1.8259,-0.53957,0.28062,-0.13058,-1.0785,-0.93479,1.2263
-0.22923,-1.622,0.095814,0.71275,-0.22211,-1.3724,-1.1221,1.4126
-0.035973,-1.1321,-0.55559,0.53785,-0.69061,-1.1022,-1.2741,1.3834
-0.14218,-1.899,-0.37777,0.71931,-0.32933,-1.1967,-1.1659,1.7269
0.14184,-1.5778,-0.23018,0.63649,-0.32678,-1.4402,-1.1001,1.6591
0.055227,-1.7499,-0.384,0.54601,0.085141,-0.94164,-0.95405,1.3611
-0.028156,-1.5982,-0.16722,0.38805,-0.017034,-1.0561,-1.1579,1.9347
0.1237,-1.7133,-0.366,0.33713,-0.1145,-1.0127,-0.99686,1.4868
-0.3633,-1.5509,-0.53131,0.77481,-0.0026009,-1.0412,-1.1581,1.1659
-0.26152,-1.6897,-0.47164,0.5566,-0.29287,-1.1043,-1.1765,1.3665
-0.39964,-1.4001,-0.37935,0.61669,0.031301,-1.1911,-1.6007,1.6214
-0.48012,-1.4493,-0.28649,0.37636,-0.037654,-0.94886,-1.2961,1.1981
-0.49583,-1.7011,-0.1641,0.19499,-0.28677,-0.81949,-1.1706,1.5604
0.092997,-1.5805,-0.58326,0.82555,-0.39145,-1.0315,-1.3159,1.2587
0.064633,-1.6548,-0.42211,0.41164,-0.24266,-0.97381,-1.3456,1.1927
-0.097626,-1.5007,0.096024,0.72629,-0.2187,-1.0488,-1.605,1.5711
-0.028156,-1.7935,-0.23526,0.57247,-0.28089,-1.2626,-1.1642,1.4116
-0.057459,-1.476,-0.282,0.49723,0.12426,-0.8564,-1.4462,1.6801
0.098324,-1.6011,-0.34828,0.7129,-0.03485,-1.5805,-0.96522,1.3686
-0.57778,-1.4582,-0.041699,0.31717,-0.12088,-0.96097,-1.4801,1.4711
-0.11351,-1.3521,-0.19272,0.64599,0.14664,-1.3518,-1.4853,1.5308
-0.61278,-1.1237,0.008452,0.72577,-0.030086,-0.99782,-1.3793,1.3025
-0.32657,-1.592,0.11387,0.62492,-0.032525,-1.0649,-1.221,1.4778
-0.037859,-1.2808,-0.38385,0.5525,-0.12452,-1.221,-1.1549,1.205
-0.079064,-1.3569,-0.5753,0.62469,-0.26371,-1.0155,-1.3995,1.3994
0.040797,-1.4887,-0.26514,0.54433,-0.023436,-1.2644,-1.3682,1.4416
-0.10993,-1.5903,-0.047105,0.70076,-0.0062346,-1.3063,-1.0152,1.613
0.0087508,-1.4017,-0.094177,0.51128,-0.41304,-1.1658,-1.3858,1.4768
-0.22366,-1.2929,-0.19037,0.46508,-0.0605,-0.97304,-1.3771,1.6861
-0.096262,-1.211,-0.25967,0.53104,0.032724,-1.2135,-1.1327,1.7481
-0.28635,-1.5797,-0.30873,0.48278,-0.18174,-1.5495,-1.5059,1.5702
-0.16043,-1.5357,-0.30759,0.57785,-0.0955,-1.1131,-1.3581,1.5969
-0.12338,-1.8543,-0.046539,0.52655,-0.17102,-0.95036,-1.4122,1.4649
-0.26232,-1.5854,-0.30573,0.42367,0.043823,-1.2705,-1.4517,1.7382
-0.15801,-1.38,-0.4642,0.68116,0.077369,-1.1616,-1.509,1.4824
-0.69125,-1.5548,-0.054738,0.092259,-0.043649,-1.4067,-1.229,1.4901
-0.31701,-1.6525,-0.17005,0.69323,0.020555,-1.0584,-1.3079,1.6439
-0.17548,-1.4841,-0.32012,1.0648,0.15398,-1.1852,-1.2621,1.8087
-0.15234,-1.4546,-0.44253,0.66517,-0.20145,-1.0444,-1.4468,1.8461
-0.40527,-1.1801,0.071952,0.87326,-0.17891,-0.90483,-1.4571,1.4439
-0.42357,-1.44,-0.16802,0.87206,-0.17832,-1.34,-1.3315,1.7461
-0.41593,-1.5235,-0.027905,0.3364,0.095657,-0.99019,-1.0774,1.4007
-0.11962,-1.7165,-0.22913,0.63157,-0.052741,-1.0426,-1.3528,1.638
-0.60295,-1.3934,-0.18492,0.58022,-0.030203,-0.94682,-1.3438,1.6601
-0.4856,-1.4196,-0.095689,0.5213,0.1595,-1.083,-1.157,1.4982
-0.54082,-1.769,0.030803,0.50876,-0.016297,-1.061,-1.6373,1.2854
-7.3042e-05,-1.3319,-0.27746,0.61655,-0.033967,-1.0078,-1.572,1.6879
-0.43392,-1.8889,-0.22653,0.67063,0.18978,-1.4106,-1.6364,1.6047
-0.046637,-1.4643,-0.38312,0.40839,-0.22509,-1.0946,-1.363,1.7949
-0.22627,-1.2585,-0.6626,0.56129,0.066811,-1.0754,-1.4555,1.5216
-0.21874,-1.4296,-0.15992,0.59399,0.0098593,-1.3367,-1.7124,1.4574
-0.25357,-1.352,-0.074076,0.40215,0.22309,-1.3501,-1.36,1.581
-0.25006,-1.1083,0.06043,0.50177,0.28817,-1.4831,-1.5876,1.3349
-0.15105,-1.5889,-0.05681,0.47122,0.037186,-1.0172,-1.5375,1.6528
-0.32459,-1.6766,-0.32634,0.33282,-0.20571,-1.4942,-1.4009,1.7607
-0.41912,-1.2939,-0.265,0.2667,0.11886,-1.0335,-1.6588,1.3031
-0.47387,-1.3854,-0.38767,0.63455,0.086974,-1.0196,-1.4317,1.257
-0.42237,-1.4709,0.13349,0.40726,0.09963,-1.3876,-1.617,1.5601
-0.56327,-1.4074,-0.3266,0.58277,0.034899,-1.2092,-1.5318,1.548
-0.35512,-1.4555,-0.17125,0.33477,0.012977,-0.93906,-1.5291,1.5633
-0.17435,-1.1578,-0.42476,0.52713,0.33073,-0.96678,-1.4683,1.5961
-0.38883,-1.4932,-0.47542,0.49134,0.22905,-1.1143,-1.278,1.9363
-0.29083,-1.3104,-0.34124,0.37958,0.017208,-1.3309,-1.5908,1.7113
0.025365,-1.3841,-0.45807,0.55421,-0.065664,-1.4339,-1.5731,1.6316
-0.40385,-1.326,-0.58514,0.25542,0.021771,-1.3476,-1.4649,1.4779
-0.34315,-1.3299,-0.50305,0.57252,0.14883,-1.0717,-1.4159,1.7724
-0.33466,-1.2719,-0.38113,0.58207,0.012512,-1.3559,-1.6027,1.6674
-0.2979,-1.1868,-0.24821,0.61651,0.20298,-1.1221,-1.5267,1.6592
-0.41911,-1.2286,-0.41294,0.51495,-0.18821,-1.0858,-1.4651,1.8707
-0.23092,-1.4368,0.16442,0.5077,-0.095623,-1.2243,-1.4419,1.4779
-0.60037,-1.2675,-0.48872,0.59548,-0.029077,-1.322,-1.3029,1.6436
-0.43696,-1.3255,-0.43805,0.82421,0.21985,-1.0081,-1.5626,1.7933
-0.38579,-1.4732,-0.12179,0.2123,0.15785,-1.0537,-1.4555,1.8356
-0.16586,-1.3662,0.0762,0.52031,-0.0008548,-1.2503,-1.5939,1.5473
-0.56142,-1.6088,-0.4707,0.57306,-0.047598,-1.388,-1.4501,1.547
-0.41884,-1.4641,-0.13351,0.45746,-0.011155,-1.1984,-1.458,2.1375
-0.40597,-1.4283,-0.11136,0.251,0.25921,-1.0386,-1.5071,1.8751
-0.29577,-1.5834,-0.35521,0.60494,0.17032,-1.1611,-1.7789,1.5341
-0.30062,-1.3963,-0.16526,0.32525,-0.02019,-1.1196,-1.4347,1.6307
-0.22085,-1.278,-0.32164,0.38478,0.29217,-1.3896,-1.7058,1.7394
-0.3233,-1.3659,-0.47222,0.49214,0.29152,-1.4927,-1.7512,1.6905
-0.37983,-1.4294,-0.38045,0.16661,0.15522,-1.0834,-1.3691,1.8246
-0.36024,-1.5593,-0.34148,0.34441,0.26726,-1.1771,-1.7113,1.8512
-0.4281,-1.5402,-0.11647,0.56584,0.013786,-1.3269,-1.5696,1.9833
-0.48534,-1.4223,-0.52066,0.42666,0.27597,-1.3072,-1.6308,1.8338
-0.34424,-1.4299,-0.62652,0.4682,0.074611,-1.4371,-1.6231,1.315
-0.4933,-1.4139,-0.30944,0.61376,-0.035503,-1.0493,-1.5264,1.8828
-0.29619,-1.0388,-0.48348,0.65964,-0.11367,-1.0261,-1.5577,1.5048
-0.56444,-1.4904,-0.17618,0.5055,-0.054209,-0.96843,-1.5129,1.5521
-0.35545,-1.5897,-0.31434,0.49678,0.053345,-1.0841,-1.7314,1.6026
-0.4292,-1.5504,-0.56622,0.5556,0.18349,-0.90756,-1.1346,1.639
-0.58733,-1.2531,-0.29816,0.36548,-0.14333,-1.0295,-1.8797,1.4506
-0.50838,-1.458,-0.18777,0.29718,-0.098832,-1.3328,-1.8461,1.5005
-0.30331,-1.2547,-0.30135,0.69359,-0.043757,-1.4787,-1.6825,1.645
-0.64197,-1.4951,-0.39169,0.25345,0.30051,-1.1074,-1.5193,1.6289
-0.97032,-1.3577,-0.47796,0.29007,-0.065522,-0.96274,-1.9471,1.6231
-0.63851,-1.4814,-0.53242,0.069356,-0.17561,-1.3199,-1.513,1.5417
-0.4823,-1.4341,-0.15786,0.26208,-0.24842,-1.1566,-1.811,1.6484
-0.40042,-1.4382,-0.39906,0.13393,0.06212,-1.4011,-1.5153,1.4075
-0.5784,-1.4205,-0.19129,0.21856,-0.12925,-1.1082,-1.4008,1.5751
-0.47764,-1.4441,-0.99003,0.1323,-0.21567,-1.1422,-1.7268,1.5791
-0.29727,-1.3442,-0.36048,0.57312,0.16412,-1.1529,-1.8243,1.3925
-0.30715,-1.7547,-0.61682,0.31876,-0.0025869,-1.2204,-1.4916,1.618
-0.29251,-1.1279,-0.40745,0.46323,0.057176,-1.2996,-1.8002,1.7164
-0.58577,-0.94422,-0.48622,0.25386,0.10524,-1.2844,-1.3324,1.6276
-0.43955,-1.386,-0.25609,0.36025,-0.18031,-1.1245,-1.5223,1.535
-0.61163,-1.2026,-0.59745,0.74899,0.31317,-1.2709,-1.7636,1.9625
-0.43102,-1.2874,-0.43746,0.44247,-0.060234,-1.1985,-1.2678,1.3611
-0.47634,-1.0175,-0.024559,0.12987,0.47147,-1.1006,-1.7227,1.3503
-0.37306,-1.2277,-0.34454,0.31358,0.025049,-1.1761,-1.4691,1.7343
-0.54714,-1.4733,-0.2746,0.6384,0.066025,-1.0011,-1.7684,1.9866
-0.51359,-1.2069,-0.41412,0.51656,0.091254,-0.90068,-1.9287,1.5707
-0.47858,-1.2377,-0.72978,0.20178,0.19506,-1.312,-1.5959,1.9637
-0.56298,-1.2756,-0.35275,0.52341,0.028093,-1.6263,-1.9037,1.9086
-0.65997,-1.6162,-0.4186,0.24255,0.23595,-0.93282,-2.0155,1.5242
-0.24345,-1.0685,-0.36832,0.46139,0.35594,-1.2729,-1.5054,1.8344
-0.55596,-1.4246,-0.25889,0.39398,-0.053042,-1.3072,-2.0425,1.7658
-0.56707,-1.0463,-0.38716,0.41391,0.12891,-1.058,-1.9033,1.7525
-0.43854,-1.2476,-0.44905,0.58021,0.080205,-1.0347,-1.7615,1.6871
-0.68005,-1.0462,-0.51696,0.41566,0.13188,-1.154,-1.858,1.6028
-0.75204,-1.1548,-0.52242,0.066741,0.098701,-0.90747,-1.5427,1.608
-0.63606,-1.2806,-0.46195,0.11259,-0.40503,-1.3793,-1.7991,2.0121
-0.56358,-1.155,-0.27891,0.018253,0.19188,-1.2776,-1.8786,1.5293
-0.83105,-1.0884,-0.5352,0.33199,0.41979,-1.0396,-1.9649,1.744
-0.68979,-0.94204,-0.48948,-0.095287,0.48853,-1.334,-1.7432,1.8237
-0.43364,-1.5115,-0.84675,0.43546,0.24649,-1.1697,-2.0428,1.6179
-1.0069,-1.5198,-0.27807,0.3824,-0.10418,-1.1671,-1.606,2.0148
-0.57268,-1.4911,-0.33569,0.3622,0.045139,-1.0486,-1.9132,1.4798
-0.46072,-1.0775,-0.55937,0.05209,0.40329,-1.145,-1.8126,1.7286
-0.76851,-1.4981,-0.24907,0.21835,0.057641,-1.0868,-1.8897,1.3907
-0.49142,-1.4268,-0.39978,0.84495,0.30784,-1.3377,-1.9108,1.4846
-0.22525,-1.127,-0.46573,0.52539,0.16458,-1.4746,-1.5725,1.5534
-0.38243,-1.3996,-0.58849,0.43118,-0.03643,-1.4693,-1.7714,1.5519
-0.55474,-1.0531,-0.64986,0.19571,0.22782,-1.6018,-1.9431,1.5461
-0.61377,-1.2755,-0.70102,0.22305,-0.12137,-0.95789,-1.9606,1.6932
-0.56373,-1.3745,-0.50184,0.49393,0.01107,-1.2936,-1.9725,1.7988
-0.68443,-1.5711,-0.25201,0.25766,0.20337,-0.93371,-1.5859,1.56
-0.46231,-1.4128,-0.42436,0.31419,-0.17246,-1.138,-1.7301,1.7518
-0.59014,-1.1755,-0.49914,0.27175,0.27693,-1.4819,-1.6725,1.2487
-0.28442,-0.99772,-0.60508,0.10978,0.1946,-0.99403,-1.6402,1.5656
-0.48826,-0.81577,-0.49355,0.20431,0.21892,-0.98818,-1.7079,1.5886
-0.36795,-1.3278,-0.073669,0.5391,0.18499,-1.3727,-1.8922,1.4073
-0.77583,-1.2558,-0.16998,0.22778,0.17075,-1.3711,-2.1422,2.1232
-0.50093,-0.92835,-0.67738,0.36176,-0.14687,-1.2712,-1.4431,1.3252
-0.44932,-1.3356,-0.62871,-0.022289,0.33935,-0.94031,-1.6022,1.5366
-0.28799,-1.202,-0.32722,0.28518,0.37751,-1.3577,-1.8277,1.6728
-0.49509,-0.99485,-0.77569,0.20809,0.25461,-1.1915,-2.1119,1.7937
-0.7137,-1.1362,-0.56067,-0.08618,0.18129,-1.2275,-1.7502,1.2473
-0.71713,-1.1052,-0.16283,0.10695,-0.073469,-1.4137,-1.7805,1.3756
-0.49934,-1.3635,-0.55232,0.33699,0.063827,-1.2873,-1.6475,1.8034
-0.5498,-0.78383,-0.41909,0.074529,0.066731,-0.90283,-1.6065,1.9568
-0.92103,-1.1871,-0.69653,0.064601,0.23087,-1.1006,-2.0101,1.6879
-0.11032,-1.2927,-0.90518,0.38389,0.32582,-0.96475,-1.7959,1.7437
-0.27822,-1.1189,-0.85211,0.29704,-0.055198,-1.1101,-2.1797,1.5589
-0.8416,-1.1813,-0.55573,0.26253,0.2723,-1.2418,-1.9846,1.8709
-0.73566,-1.2847,-1.1262,0.4111,0.14063,-1.4976,-1.6795,1.6882
-0.63048,-0.99447,-0.3212,0.19696,0.074861,-1.2495,-1.8259,1.6183
-0.42283,-1.1575,-0.65833,0.050701,0.096148,-1.2156,-1.6978,1.8372
-0.21939,-0.9579,-0.73222,0.17405,-0.076661,-1.0144,-1.9092,1.6961
-0.62602,-1.0602,-0.69874,-0.082756,-0.18982,-1.1548,-1.8511,1.7838
-0.20836,-1.2475,-0.39398,-0.058444,0.14731,-1.113,-1.9288,1.6651
-0.59456,-0.97398,-0.46818,0.21451,0.16445,-0.9329,-1.8341,1.7623
-0.91924,-1.1338,-0.63705,0.11794,0.57143,-1.111,-2.1359,1.0542
-0.61296,-1.365,-0.16638,-0.057836,0.53239,-1.0333,-1.5393,1.7562
-0.64371,-1.1812,-0.86827,-0.11467,0.3008,-1.3056,-1.9038,1.4881
-0.57454,-1.1541,-0.62782,0.38236,0.49133,-1.1024,-1.5881,1.3502
-0.65074,-0.98034,-0.47767,-0.054311,0.52487,-1.1309,-1.6538,1.6304
-0.66521,-1.2645,-0.91303,0.13476,0.30445,-1.0211,-1.8504,1.4969
-0.4517,-1.3191,-0.57066,0.15327,0.29462,-1.2067,-1.8269,1.4836
-0.36814,-0.90722,-0.70761,0.0020819,0.21608,-1.4476,-1.9837,1.598
-0.6335,-1.0587,-0.73454,0.2242,0.24364,-1.4004,-1.6895,1.7738
-0.46039,-0.9228,-0.46796,0.036881,0.052386,-1.3594,-1.841,1.5725
-0.62242,-1.1845,-0.6832,0.20636,0.10083,-1.1382,-1.783,1.5937
-0.46803,-1.0807,-0.60767,0.21454,0.2129,-1.0059,-1.7419,1.3527
-0.56017,-0.89725,-0.58319,0.29564,0.12376,-1.2429,-1.5093,1.2561
-0.4986,-1.0232,-0.70746,0.072015,-0.0059649,-1.0379,-2.1484,1.6051
-0.76339,-1.3694,-0.6509,0.41481,0.57797,-1.1679,-1.6996,1.4978
-0.30937,-1.2796,-0.53153,0.34786,-0.10502,-1.3014,-1.7835,1.4299
-0.37759,-1.351,-0.85484,-0.19572,-0.30648,-1.2015,-1.8055,1.2604
-0.67955,-1.1284,-0.50443,-0.03748,0.13708,-1.3984,-2.006,1.499
-0.57247,-0.84741,-0.58122,0.057945,0.2412,-1.2038,-1.9818,1.4621
-0.49141,-1.1944,-0.62357,0.065133,0.052421,-1.0993,-1.6891,1.6185
-0.58998,-1.193,-0.69373,0.11235,-0.0047401,-1.4083,-1.6141,1.5201
-0.67506,-1.1644,-0.67753,-0.16703,0.21707,-0.85857,-1.7177,1.7842
-0.59949,-1.19,-0.68183,0.009537,0.13916,-1.0329,-1.8378,1.3932
-0.97482,-1.2821,-0.55903,0.046836,0.4835,-0.99056,-1.6057,1.4309
-0.42514,-1.2389,-0.76451,-0.11364,0.273,-1.1242,-1.7639,1.2966
-0.46374,-1.0432,-0.52484,0.24467,0.39985,-1.2365,-1.9783,1.4219
-0.4313,-0.68978,-0.40694,0.41134,0.23313,-0.90165,-2.031,1.8013
-0.68176,-1.2327,-0.50927,-0.037411,0.32089,-1.0785,-1.6764,1.241
-0.2183,-1.1147,-0.57302,-0.14743,0.40673,-1.2795,-1.807,1.4849
-0.42953,-1.0135,-0.72698,0.66928,0.046053,-1.0147,-1.8121,1.4364
-0.68337,-1.0618,-0.89748,0.28498,0.075686,-1.2204,-2.1138,1.5747
-0.30196,-1.0753,-0.39717,0.42132,0.033685,-1.1408,-2.0026,1.7656
-0.65654,-0.9751,-0.63531,0.034549,0.033171,-0.9386,-1.8343,1.2442
-0.54596,-0.87851,-0.51447,0.032726,0.41228,-1.1236,-2.1399,1.6114
-0.40314,-0.92763,-0.71027,-0.072189,0.20522,-1.5017,-1.7292,1.2676
-0.5879,-0.80271,-0.58493,0.034613,0.061963,-1.1887,-1.6018,1.4081
-0.46006,-1.2184,-0.87257,-0.10641,-0.20776,-1.3389,-1.8429,1.5542
-0.39592,-1.0383,-0.78175,0.23658,0.22784,-1.352,-1.9365,1.4473
-0.77118,-1.2379,-0.66346,0.01821,-0.10417,-0.9805,-1.6984,1.4231
-0.45448,-1.1947,-0.61333,-0.28354,0.35566,-1.3695,-1.833,1.4716
-0.37837,-1.1633,-0.77116,-0.29436,0.043741,-1.4035,-1.5073,1.6784
-0.41617,-1.1702,-0.65331,-0.11474,0.16753,-1.2012,-1.8091,1.4315
-0.25972,-1.0505,-0.96687,0.11104,0.055709,-1.1281,-1.7328,1.2693
-0.32479,-1.0364,-0.89334,0.17313,-0.12399,-1.0356,-1.93,1.5302
-0.49723,-0.92606,-0.79214,0.039437,0.36571,-0.89963,-1.8328,1.0895
-0.81068,-0.93055,-0.72802,-0.14233,0.34382,-1.0412,-1.9469,1.2339
-0.28067,-0.93316,-0.62286,0.047596,0.13504,-1.034,-1.5958,1.3819
-0.23369,-0.58904,-0.72616,0.10813,0.35737,-1.4175,-1.0117,1.2508
-0.54804,-1.0356,-0.79304,0.12563,0.27315,-1.3286,-1.5155,1.3207
-0.18157,-0.87185,-0.91397,0.32533,0.079019,-1.1656,-1.5977,1.5475
-0.67441,-0.94674,-0.59298,0.10359,0.18886,-1.2172,-1.6528,1.1233
-0.51259,-1.0218,-0.88335,-0.010599,0.52885,-1.1191,-1.5571,1.3749
-0.42943,-0.9054,-0.73528,0.10002,0.31597,-1.6095,-1.5462,1.4042
-0.35099,-0.80071,-0.64169,0.078011,0.034971,-1.1481,-1.5988,1.3207
-0.34821,-0.51078,-0.67881,-0.4213,0.21597,-1.3039,-1.676,1.2654
-0.64216,-0.89105,-0.88383,-0.093332,0.36526,-1.5079,-1.8496,1.1718
-0.71661,-1.1523,-0.96289,-0.034109,0.25958,-1.3508,-1.3271,1.0702
-0.29726,-1.006,-0.83981,0.20252,0.22421,-1.6243,-1.9132,0.89249
-0.43088,-0.74433,-0.62219,0.22642,0.044862,-1.6136,-1.6109,1.0791
-0.50354,-0.86199,-0.90467,-0.13505,0.35978,-1.4595,-1.4662,1.3961
-0.3289,-0.88238,-0.82759,0.14347,0.41469,-1.2873,-1.6301,1.1869
-0.56156,-1.0047,-0.76437,0.031733,0.39848,-1.1711,-1.6092,1.4362
-0.13153,-1.2753,-0.65667,0.081784,0.17208,-1.4682,-1.452,1.293
-0.39677,-1.1629,-0.88305,-0.067353,-0.14787,-1.0819,-1.4195,0.9602
-0.4309,-0.87217,-0.88161,0.076385,0.20942,-1.5073,-1.7414,1.248
-0.29904,-1.1321,-1.0547,-0.21898,0.41126,-1.2068,-1.5847,1.0856
-0.4409,-0.59852,-0.89243,0.28184,0.19561,-0.952,-1.4725,1.1277
-0.81605,-1.1848,-0.92056,-0.071557,0.0065176,-1.1371,-1.7305,1.1531
-0.37451,-0.71745,-0.69236,0.099358,0.30232,-1.4167,-1.7266,0.99577
-0.54844,-1.0946,-1.045,0.23045,0.32858,-0.99502,-1.7534,1.2184
-0.49336,-0.9798,-1.262,-0.15476,0.055662,-1.3062,-1.5911,1.2252
-0.45542,-0.63868,-0.92556,-0.30085,0.17142,-1.2949,-1.7416,1.3269
-0.40379,-1.0437,-0.78191,-0.062182,0.22055,-1.3745,-1.6569,1.2489
-0.46519,-0.82773,-0.84397,0.18082,0.050522,-1.0352,-1.6658,0.89482
-0.20982,-0.87711,-1.3026,0.0035856,0.39098,-1.1997,-1.7498,0.94805
-0.30172,-0.81576,-0.91511,0.057839,0.45711,-1.079,-1.9205,1.3517
-0.33819,-0.99666,-0.72937,0.06568,0.058635,-1.0881,-1.6069,0.91756
-0.68802,-0.95035,-0.73827,-0.043676,0.062546,-0.98682,-1.4228,0.97978
-0.10136,-0.64298,-0.8135,-0.34242,0.50102,-1.1425,-1.7324,1.0526
-0.74767,-0.88813,-1.1667,-0.014554,0.16381,-1.3514,-1.7553,1.3368
-0.55296,-0.97178,-0.79769,-0.49254,0.2172,-1.0974,-1.3997,1.0209
-0.2898,-1.0761,-0.82261,-0.25459,0.23588,-1.2015,-1.6549,0.95776
-0.2247,-0.62963,-0.99465,0.11745,0.18795,-1.2683,-1.3271,1.1727
-0.56096,-1.0076,-0.65541,-0.28689,0.3454,-1.4157,-1.539,1.2604
-0.5141,-1.0008,-1.1699,0.20516,0.14541,-1.262,-1.7103,1.2587
-0.71194,-0.73418,-1.0654,0.11334,0.084019,-1.148,-1.4374,1.1117
-0.33171,-0.88842,-1.2289,0.098721,-0.0881,-0.99677,-1.5083,1.0055
-0.16692,-0.80199,-1.1361,-0.10713,0.51189,-0.97603,-1.7736,1.2083
-0.19195,-0.65126,-1.0891,-0.30888,0.14672,-1.3871,-1.9169,1.2705
-0.17219,-0.69145,-0.90856,0.039946,0.29512,-1.2589,-1.7866,0.86998
-0.30449,-0.87704,-1.1459,-0.14655,0.14501,-1.1977,-1.5545,1.0502
-0.18164,-1.0083,-1.2815,-0.040079,0.14587,-1.0989,-1.3029,0.98672
-0.14122,-0.92359,-0.83827,-0.1053,-0.032511,-1.0559,-1.5689,1.1485
0.19112,-1.2567,-1.0006,-0.21714,-0.027705,-1.1838,-1.5142,1.3977
-0.39573,-0.80513,-0.59383,0.04377,0.19795,-1.3848,-1.534,0.86495
-0.071664,-0.8253,-1.0006,-0.043258,0.15765,-1.1558,-1.629,1.0913
-0.20723,-1.1347,-1.2018,-0.19409,0.23645,-1.1888,-1.2804,0.59525
-0.21553,-1.1322,-1.1526,-0.22361,0.10274,-1.1591,-1.9108,0.88303
-0.54466,-0.83456,-0.95435,-0.2901,0.24347,-0.9863,-1.4976,0.83334
-0.34651,-0.75338,-1.11,0.26489,0.10273,-1.2154,-2.0988,1.0791
-0.44558,-1.0197,-1.1173,-0.1189,0.064755,-1.4684,-1.588,0.8472
-0.82595,-0.72264,-1.3851,0.0048258,0.13931,-1.3279,-1.7231,0.77803
-0.40245,-0.84458,-1.3265,-0.41318,0.18236,-1.2631,-1.3166,1.052
-0.32065,-0.85719,-0.99299,-0.1023,0.37718,-1.0986,-1.7092,1.0638
-0.1663,-0.71715,-1.0028,-0.048868,0.31392,-1.558,-1.5193,0.76889
-0.53718,-0.89166,-0.98342,-0.16312,-0.01274,-1.0793,-1.4173,0.83878
0.078,-0.77067,-1.3484,-0.057198,-0.15503,-1.2878,-1.361,0.69922
-0.51933,-0.92592,-0.90693,-0.16217,0.23748,-0.95815,-1.4825,0.61401
-0.61279,-0.52118,-1.2747,0.032321,0.31863,-1.081,-1.8102,0.88795
-0.66911,-0.65973,-1.4471,0.020222,0.0044094,-1.192,-1.7416,0.8937
-0.45667,-0.92871,-1.1088,-0.057513,-0.10882,-1.0698,-1.9584,0.86895
-0.10674,-0.85256,-1.2381,-0.082295,0.098795,-0.85193,-1.3255,0.81073
-0.577,-0.8442,-1.035,-0.17147,0.22766,-1.3281,-1.5361,0.79448
-0.26738,-0.5686,-1.1225,-0.030127,0.46083,-1.0715,-1.4079,1.0036
-0.41915,-1.1003,-0.82628,-0.29084,0.38311,-0.97242,-1.563,1.1213
-0.12602,-0.8534,-1.4114,-0.15462,0.047716,-1.1305,-1.1783,1.0444
-0.13332,-0.64423,-1.1972,-0.090832,0.32766,-1.0804,-1.6029,0.74523
-0.33694,-0.93029,-1.2924,-0.36298,0.11811,-1.2032,-1.5293,1.0929
-0.25336,-0.99636,-1.1695,-0.21019,0.1835,-1.2393,-1.4055,0.96844
0.015999,-0.89624,-0.89808,-0.19211,0.028307,-1.1564,-1.1762,0.68947
-0.36774,-0.74032,-1.2439,0.13518,0.27003,-0.9662,-1.4035,0.76331
-0.30022,-1.0007,-1.2561,-0.34895,-0.035395,-1.1502,-1.7271,0.80076
-0.38841,-0.53316,-1.2926,-0.32751,0.44041,-1.0252,-1.4179,1.1237
-0.26992,-1.0047,-0.98532,-0.2868,0.36574,-1.3522,-1.2745,0.91809
-0.033253,-0.78913,-1.025,-0.26788,0.37853,-1.4078,-1.6075,0.72583
-0.05023,-0.64527,-1.3768,0.074716,0.74339,-1.1111,-1.4108,1.1444
-0.48574,-0.89266,-1.0972,0.076497,0.04705,-1.3609,-1.3616,0.58612
0.26195,-0.7696,-1.239,-0.12126,0.17411,-1.4773,-1.387,0.77389
-0.09224,-0.71522,-0.91246,-0.029559,0.0067587,-0.69494,-1.4242,0.68596
-0.031051,-0.52613,-1.4191,-0.038349,0.15347,-1.2065,-1.379,0.89561
0.085445,-0.60626,-1.1526,-0.27385,0.10626,-1.4431,-1.6582,0.76948
-0.63553,-1.0961,-1.1006,-0.3293,0.3195,-1.471,-1.6883,1.2118
-0.17525,-0.96754,-1.0858,-0.57526,0.14111,-1.0776,-1.8829,1.0411
-0.25017,-0.71741,-1.2163,-0.059294,0.19142,-1.3364,-1.5691,0.69151
-0.047172,-0.89675,-1.1541,0.17416,0.042087,-1.2871,-1.5678,0.49114
-0.18371,-0.7629,-1.414,-0.11731,0.43119,-1.302,-1.0211,0.67365
-0.41617,-0.76397,-1.0865,-0.54243,0.39478,-1.0956,-1.3611,0.72934
0.032815,-0.87939,-1.1527,-0.32529,0.46432,-1.1259,-1.2538,0.65586
0.14539,-0.85123,-1.2825,-0.14816,-0.19445,-1.0492,-1.0785,0.58409
-0.01614,-1.0106,-1.1946,-0.33529,0.056116,-1.3097,-1.3141,1.0794
-0.15335,-0.96509,-1.5323,-0.48589,0.35425,-1.046,-1.114,0.807
0.091142,-0.88233,-1.3268,-0.052179,0.23579,-1.1381,-1.2985,0.64522
-0.16125,-0.26517,-1.1692,-0.27512,0.14986,-1.0545,-1.0007,0.68151
0.12218,-0.68677,-1.2905,-0.27886,0.64784,-1.2232,-1.6411,0.582
-0.35594,-0.78332,-1.2573,0.048344,-0.086698,-1.5694,-1.5171,0.60233
-0.17812,-0.9061,-1.1489,-0.25241,0.5949,-1.0481,-1.2731,0.44142
-0.19235,-0.56473,-1.5832,-0.36363,0.045475,-1.4084,-1.58,0.67669
-0.037934,-0.95063,-1.4928,0.012722,0.36105,-1.3271,-1.2832,0.48427
0.18337,-0.84513,-1.4881,-0.21494,0.22037,-0.72276,-1.5776,0.61929
0.11792,-0.87023,-0.86048,-0.23915,0.25235,-1.2194,-1.2073,0.49099
-0.4661,-1.1726,-1.2388,-0.35483,0.083073,-1.2935,-1.2378,0.44265
0.35605,-0.53884,-1.5366,-0.12328,0.19844,-0.83152,-1.3217,0.50275
0.17873,-0.6935,-1.0404,-0.023518,0.23069,-1.2593,-1.0959,0.62615
-0.17532,-1.0288,-1.5924,-0.11158,0.32032,-1.2554,-1.3944,0.74248
-0.092353,-0.57987,-1.3403,0.024267,0.61889,-1.2716,-1.2435,0.92458
0.1217,-1.1075,-1.2741,-0.21972,-0.10608,-1.124,-1.2428,0.75917
-0.29944,-0.54103,-1.3721,-0.33293,0.38527,-1.0807,-1.3458,0.59652
0.22337,-0.5256,-1.0239,-0.046278,0.25943,-1.0968,-1.4439,0.40508
-0.0051422,-0.86984,-1.2552,-0.2156,0.18126,-1.5642,-1.5887,0.12933
-0.023384,-0.62079,-1.2954,-0.22013,0.20509,-1.1636,-1.6069,0.70229
0.048661,-0.65641,-1.3813,0.07265,0.33569,-1.0828,-1.2527,0.35996
0.066177,-0.76184,-1.363,-0.097453,0.24723,-1.0403,-1.2264,0.40644
-0.027,-0.9376,-1.4531,0.079499,0.29021,-1.0761,-1.1158,0.59651
-0.20744,-0.75231,-1.205,-0.08507,-0.010742,-1.5632,-1.3214,0.80292
0.16215,-0.56063,-1.1593,0.11203,0.13939,-1.3614,-1.0346,0.56373
0.16307,-0.63665,-1.5206,-0.10068,0.12106,-1.0655,-0.76893,0.75911
-0.10899,-1.0856,-1.2888,-0.11393,0.1235,-1.0773,-1.1091,0.55977
0.009481,-0.58166,-1.1162,-0.2489,0.33543,-1.1498,-1.3718,0.16731
-0.072105,-0.90896,-1.7192,-0.33896,0.18069,-1.478,-1.1898,0.294
0.10927,-0.86959,-1.605,-0.14982,0.27961,-1.3461,-0.98931,0.41464
0.02702,-0.98921,-1.6184,-0.49009,0.14371,-1.3094,-1.1046,0.65087
0.14842,-0.60844,-1.2874,-0.098899,0.138,-1.1359,-1.2357,0.24319
-0.045829,-0.94924,-1.3146,-0.36566,0.3398,-1.3811,-0.99582,0.28418
0.10503,-0.59863,-1.5598,-0.44048,0.14441,-1.21,-1.3023,0.52622
0.24457,-0.3136,-1.5152,-0.14127,0.58023,-1.2733,-1.16,0.48777
0.024366,-0.65299,-1.401,-0.30688,0.23948,-1.061,-1.2389,0.082819
0.2812,-0.48652,-1.4771,-0.56188,0.30943,-1.1132,-1.1343,0.44367
0.18003,-0.83316,-1.5019,-0.48985,0.089881,-1.325,-1.6422,0.10232
0.50677,-0.8219,-1.472,-0.041095,0.26587,-0.80057,-1.2955,0.17271
-0.14638,-0.90993,-1.2094,-0.49475,0.20669,-1.1509,-1.1161,0.27491
0.14067,-0.71992,-1.2363,0.47132,-0.007663,-0.95097,-1.1815,0.57679
-0.058756,-1.2189,-1.2988,-0.091761,0.16838,-1.0465,-0.56028,0.59945
0.079895,-0.79621,-1.6343,-0.052714,0.031621,-1.3653,-0.99175,0.33483
0.37493,-0.91823,-1.5299,0.0031054,0.59762,-1.3023,-1.2813,-0.28542
0.29705,-0.90452,-1.3822,-0.15903,0.14408,-0.85561,-0.77944,0.31279
0.37186,-0.98688,-1.5199,0.013988,-0.12197,-1.3626,-1.081,0.44806
0.46182,-0.6939,-1.3612,-0.66367,0.41571,-1.2648,-0.57585,0.18297
0.6181,-0.83861,-1.5377,-0.13012,-0.0064838,-1.3713,-1.0164,-0.11278
0.082258,-1.11,-1.4599,-0.064621,0.52782,-1.2111,-0.9787,0.25721
0.24737,-0.58063,-1.552,-0.32041,0.22961,-1.1771,-1.3807,0.21815
0.39816,-0.68555,-1.1691,0.14804,0.28918,-1.241,-0.91305,0.17565
0.47412,-0.89835,-1.5796,-0.029691,0.1734,-1.329,-1.0271,0.054793
0.57023,-0.85263,-1.2057,-0.098497,0.34351,-1.2751,-0.98606,0.30894
0.42971,-0.72711,-1.628,-0.024261,0.35313,-1.1767,-1.2777,0.060381
0.42359,-0.88983,-1.6022,-0.1006,0.31413,-1.0999,-0.95567,0.16684
0.57241,-0.7161,-1.602,-0.023121,0.12303,-1.0127,-0.91169,0.43982
0.36829,-0.67996,-1.4612,-0.005703,0.19583,-1.4889,-1.3772,0.13793
0.56552,-1.0409,-1.8889,-0.44889,0.37781,-1.3778,-1.064,-0.049048
0.42919,-0.97817,-1.4316,-0.22187,0.52151,-1.5981,-0.77257,0.28969
1.0351,-0.75611,-1.5352,-0.14643,0.020979,-1.4385,-0.75534,0.066474
0.40782,-1.0296,-1.8988,-0.27066,0.31859,-1.1112,-1.0539,-0.024111
0.21239,-0.94727,-1.3386,0.15491,0.22707,-1.4145,-1.1437,0.32277
0.43985,-0.67119,-1.4731,-0.13139,0.11138,-1.1273,-1.3919,0.21748
0.15871,-0.69594,-1.4334,-0.43505,0.29863,-0.93365,-1.3181,0.14612
0.36588,-0.99128,-1.3356,-0.20976,0.25959,-1.0849,-1.0423,0.023475
0.41806,-0.56557,-1.4272,-0.24732,0.60824,-0.95568,-1.0333,0.11459
0.59871,-0.91608,-1.4905,-0.21642,0.13016,-1.2278,-1.0111,0.080231
0.44282,-0.79925,-1.5925,-0.46879,0.27757,-1.158,-0.74625,0.26675
0.28193,-0.77456,-1.527,-0.19812,0.48348,-1.0467,-1.1105,0.068597
0.45639,-0.80365,-1.3045,-0.39589,0.3292,-0.9218,-1.0285,-0.00029708
0.28294,-0.72338,-1.3591,-0.060934,0.35257,-1.2997,-0.99503,0.01092
0.21829,-0.73624,-1.6868,-0.19155,-0.0058379,-1.4053,-1.0154,-0.18191
0.48688,-0.87828,-1.5751,-0.32531,0.47475,-1.1249,-0.69712,0.27114
0.50274,-0.83428,-1.4654,-0.17635,0.13613,-1.4525,-1.0168,0.044162
0.39463,-0.59264,-1.6444,-0.19057,-0.062383,-1.3034,-0.91355,0.36111
0.39954,-1.0254,-1.7326,0.088328,0.10126,-1.2263,-0.76929,0.085758
0.91696,-0.92184,-1.39,0.025636,-0.18332,-1.0012,-0.94502,-0.31051
0.42802,-0.89254,-1.6798,-0.38122,0.38679,-1.0493,-0.96082,0.052182
0.54912,-0.98427,-1.5284,0.01726,0.20516,-1.4536,-0.7412,-0.13277
0.55837,-1.1345,-1.4588,-0.23137,0.15274,-1.3044,-0.82798,-0.075361
0.22767,-0.61955,-1.6649,-0.41655,0.36796,-1.1614,-0.85117,-0.24359
0.66761,-0.90318,-1.4682,-0.16317,-0.020141,-1.261,-0.65845,0.049618
0.52678,-0.89067,-1.7207,0.060003,0.16568,-1.2367,-0.67522,0.24675
0.28499,-0.64639,-1.5719,0.07213,0.17594,-1.2509,-0.91145,-0.044025
0.48048,-1.1364,-1.3655,0.24907,0.2642,-1.3597,-1.0841,0.25855
0.53046,-0.66249,-1.6602,-0.25331,0.33867,-1.5186,-0.79965,0.14005
0.39197,-0.90929,-1.7344,0.067437,0.13968,-1.2299,-0.79713,-0.16454
0.64344,-0.96176,-1.4232,-0.56642,0.30036,-1.2439,-1.023,0.00038607
0.29711,-1.2624,-1.7365,0.22007,0.40824,-0.7786,-0.75719,0.020176
0.66313,-0.71792,-1.6763,-0.09864,0.035991,-1.2291,-0.7018,-0.057956
0.48452,-0.87007,-1.4932,0.14964,0.29246,-1.2871,-0.86027,-0.029388
0.57698,-0.77485,-1.5395,-0.13108,0.36066,-1.0858,-0.84893,-0.18675
0.65433,-0.53227,-1.4971,0.043522,0.099179,-1.0093,-0.8294,-0.28561
0.79924,-0.92309,-1.6019,-0.13976,0.15987,-1.0323,-0.43482,-0.11685
0.50961,-0.55398,-1.5535,-0.032347,0.26654,-1.1559,-0.81231,0.012057
0.49463,-0.88402,-1.9278,-0.063821,0.29342,-1.2703,-0.79923,0.19213
0.7704,-0.67849,-1.3086,0.031752,0.57454,-1.0584,-0.70357,-0.23397
0.7929,-0.43224,-1.575,-0.30584,-0.012308,-1.2004,-0.86408,0.23674
0.66948,-0.85104,-1.4514,-0.14081,0.16347,-1.4259,-0.87013,-0.30197
0.53368,-0.89221,-1.5509,-0.05532,0.080569,-1.4363,-0.89458,-0.09251
0.697,-0.61935,-1.6305,-0.22637,-0.021139,-1.5749,-0.53339,0.069929
0.50902,-0.56217,-2.0361,-0.33278,0.17185,-1.3061,-0.70816,-0.44562
1.0178,-0.93114,-1.3847,0.092487,0.32335,-1.2186,-0.80568,-0.19622
0.47362,-0.734,-1.6474,-0.21081,0.48788,-1.2475,-0.59872,-0.049575
0.43858,-0.81459,-1.6594,-0.016736,0.25721,-1.385,-0.66392,-0.14403
0.78674,-0.86132,-1.4253,-0.20331,0.015125,-1.5539,-0.56287,-0.26876
0.75636,-0.78814,-1.7102,0.51358,0.35406,-1.2499,-0.31857,-0.044039
0.66262,-1.0952,-1.6726,-0.081292,-0.15606,-1.0964,-0.55754,-0.33292
0.8701,-0.93168,-1.6138,0.19401,0.37954,-1.1175,-0.72712,0.0075089
0.7699,-1.1775,-1.3458,-0.008488,0.075258,-1.2909,-0.71027,-0.0699
0.54921,-0.61729,-1.6934,-0.12726,0.31152,-1.297,-0.64045,-0.16812
0.735,-1.0039,-1.5102,0.31003,0.19389,-1.0569,-0.82257,-0.1681
0.6607,-1.0107,-1.6433,-0.29257,-0.039232,-1.1339,-0.51589,-0.27636
0.60241,-0.7842,-1.5279,-0.13505,0.1708,-0.94278,-0.635,0.067408
0.52981,-0.95339,-1.7731,-0.012054,-0.045881,-1.5554,-0.58771,-0.099872
0.98323,-0.66119,-1.4011,-0.086134,-0.0030247,-1.3563,-0.83461,-0.22212
0.67398,-1.0173,-1.5938,-0.31482,0.096516,-1.3481,-0.60949,-0.0074492
0.65876,-0.75274,-1.6855,-0.027212,0.36396,-1.1591,-0.49704,-0.30792
0.76729,-1.0129,-1.5619,0.14986,0.18402,-1.3776,-0.47405,-0.29822
0.7397,-0.95665,-1.7386,0.024278,0.35447,-1.1639,-0.78982,-0.27917
0.676,-0.95477,-1.5871,-0.21203,0.029495,-1.2419,-0.46005,-0.29724
0.896,-0.61294,-1.6257,0.15052,0.46038,-1.0987,-0.48975,-0.27654
1.0832,-1.0422,-1.5871,0.35251,0.28407,-1.3144,-0.83454,-0.45787
0.7039,-0.97273,-1.7698,-0.064332,0.061923,-1.309,-0.72046,-0.34157
0.78442,-0.75579,-1.4495,0.15303,0.056755,-1.218,-0.31174,0.019531
0.7162,-0.62333,-1.5759,0.33688,-0.033782,-1.1938,-0.66803,0.012343
1.065,-0.734,-1.7055,0.078407,0.19797,-1.6743,-0.53019,-0.12425
0.76633,-0.89706,-1.714,0.11445,0.20977,-1.3995,-0.53655,0.081747
1.0787,-0.79859,-1.5671,0.25462,0.020529,-1.2299,-0.8581,-0.08267
0.93481,-0.52752,-1.2693,-0.23446,0.36781,-1.169,-0.44296,-0.05255
0.53084,-0.77753,-1.633,0.21866,0.41858,-1.0316,-0.68943,-0.14905
0.82515,-0.86633,-1.5334,-0.087101,0.43582,-1.2239,-0.49505,-0.019957
0.9089,-1.1014,-1.5766,0.081743,0.52585,-1.1298,-0.64079,-0.37034
0.92128,-0.8823,-1.5381,0.1656,0.097586,-1.4981,-0.49418,-0.29804
0.74221,-1.1006,-1.8986,-0.080616,0.44035,-1.1487,-0.85937,-0.43455
0.90011,-1.0726,-1.6794,0.16881,0.15477,-1.5027,-0.4022,-0.12546
0.81713,-0.95772,-1.5611,0.11688,0.052441,-1.6487,-0.76486,-0.40246
0.82856,-1.2878,-1.684,0.32051,0.093197,-1.0226,-0.5763,-0.15187
0.77366,-0.92243,-1.623,0.40363,0.05807,-1.4065,-0.59432,-0.53053
0.98205,-0.9264,-1.0014,-0.011356,-0.022789,-0.88576,-0.83208,0.10767
1.1515,-1.1693,-1.6812,0.10916,0.091144,-1.3212,-0.38629,-0.394
0.87489,-1.0283,-1.6879,-0.21504,-0.011399,-1.1597,-0.77667,0.079352
0.50156,-0.69588,-1.381,-0.01144,0.26052,-1.1829,-0.49353,-0.39693
0.72451,-0.82206,-2.1943,0.2814,0.21288,-1.2872,-0.85815,0.12167
0.75907,-0.8909,-2.1045,-0.12844,0.12614,-1.2265,-0.41067,-0.090819
0.47251,-0.56074,-1.6194,0.13643,0.44949,-1.267,-0.58374,-0.047951
0.86057,-0.90407,-1.5059,0.078029,0.45625,-1.2629,-0.45435,-0.29301
0.82237,-0.64707,-1.5861,0.0065881,0.2152,-1.3282,-0.35747,-0.16683
1.333,-1.004,-1.8176,0.43545,0.048758,-1.1892,-0.73681,-0.34444
0.61043,-0.89253,-1.8073,0.35065,0.36363,-1.2426,-0.80773,-0.61462
0.70764,-0.74476,-1.5357,0.20145,0.12848,-0.94754,-0.45018,-0.24832
0.99432,-1.0315,-1.9707,0.020682,0.47483,-0.92722,-0.6153,-0.49071
1.2602,-1.0832,-1.6918,0.14775,0.29293,-1.2639,-0.27914,-0.42411
0.81574,-1.2189,-1.7601,0.033243,-0.066812,-1.5428,-0.54185,-0.22434
1.2871,-0.95122,-1.5371,0.27439,0.15346,-1.1484,-0.34405,-0.22719
0.72549,-0.71499,-1.7367,0.14847,0.41125,-1.3007,-0.42249,-0.38771
1.0477,-1.1206,-1.2727,0.15602,0.35585,-1.4058,-0.67228,-0.36475
1.1459,-1.0058,-1.7565,0.35708,0.4136,-1.392,-0.54635,-0.31678
0.94896,-0.92399,-1.4745,0.077912,0.19946,-1.2785,-0.4138,-0.37293
0.90355,-1.2793,-1.5692,0.38957,0.38614,-1.5319,-0.67131,-0.38115
1.006,-0.75559,-1.2487,-0.020578,0.35076,-1.2558,-0.52352,-0.39005
1.1102,-0.65666,-1.3021,0.038604,0.30936,-1.3495,-0.38879,-0.12325
1.0978,-0.70645,-1.5326,0.0041075,0.092169,-1.0178,-0.48422,-0.35866
0.57394,-0.79952,-1.7268,0.25064,0.074541,-1.4858,-0.33532,-0.26299
0.93936,-0.9457,-1.5423,0.079785,0.60454,-1.6439,-0.18128,-0.26142
1.0789,-1.2404,-1.2623,0.3906,0.14637,-1.3373,-0.33126,-0.1161
0.94258,-0.47494,-1.5738,0.053823,0.28712,-1.0277,-0.0076099,-0.35147
1.1022,-1.068,-2.1115,0.20577,0.34407,-0.6244,-0.46308,-0.64577
0.84424,-0.85652,-1.4638,0.18629,0.30279,-1.0815,-0.31252,-0.26712
0.76318,-1.1478,-1.5261,0.33782,-0.052099,-1.4632,-0.38571,-0.46152
0.63463,-1.0444,-1.6855,0.093411,0.50943,-1.1981,-0.68479,-0.23028
1.1254,-0.96684,-1.7147,0.39106,0.3938,-1.1656,-0.39276,-0.29243
0.77544,-1.0528,-1.5162,-0.10022,0.31924,-0.88364,-0.32291,-0.25476
